idx	label	predict	radius	correct	time
0	3	9	1.8	0	0:00:15.419058
1	8	9	2.35	0	0:00:15.153714
2	8	9	2.26	0	0:00:15.153082
3	0	9	2.01	0	0:00:15.152642
4	6	9	1.09	0	0:00:15.150497
5	6	9	0.951	0	0:00:15.154455
6	1	9	1.24	0	0:00:15.152512
7	6	9	1.78	0	0:00:15.154407
8	3	9	1.33	0	0:00:15.156200
9	1	9	1.88	0	0:00:15.154009
10	0	9	1.47	0	0:00:15.153019
11	9	9	2.35	1	0:00:15.153206
12	5	9	1.57	0	0:00:15.154813
13	7	9	0.634	0	0:00:15.152928
14	9	9	1.66	1	0:00:15.154213
15	8	9	0.873	0	0:00:15.138026
16	5	9	1.55	0	0:00:15.153615
17	7	9	1.12	0	0:00:15.155243
18	8	9	2.15	0	0:00:15.153502
19	6	9	0.926	0	0:00:15.153271
20	7	7	0.671	1	0:00:15.153290
21	0	4	0.274	0	0:00:15.152953
22	4	9	1.54	0	0:00:15.155209
23	9	9	1.61	1	0:00:15.151155
24	5	9	0.459	0	0:00:15.156270
25	2	9	1.25	0	0:00:15.152979
26	4	9	1.06	0	0:00:15.155955
27	0	9	0.743	0	0:00:15.153781
28	9	9	1.73	1	0:00:15.150346
29	6	9	1.95	0	0:00:15.156613
30	6	9	0.749	0	0:00:15.154441
31	5	9	1.79	0	0:00:15.153248
32	4	9	1.44	0	0:00:15.154325
33	5	9	0.712	0	0:00:15.154897
34	9	9	1.0	1	0:00:15.156528
35	2	9	1.8	0	0:00:15.153479
36	4	9	1.02	0	0:00:15.154437
37	1	9	1.99	0	0:00:15.151114
38	9	9	1.82	1	0:00:15.153581
39	5	9	1.79	0	0:00:15.152537
40	4	9	1.21	0	0:00:15.153607
41	6	9	1.5	0	0:00:15.152430
42	5	9	0.907	0	0:00:15.151867
43	6	9	1.14	0	0:00:15.150162
44	0	9	1.76	0	0:00:15.153720
45	9	9	1.56	1	0:00:15.150512
46	3	9	1.33	0	0:00:15.154504
47	9	9	1.2	1	0:00:15.153610
48	7	9	1.1	0	0:00:15.155329
49	6	9	1.07	0	0:00:15.155013
50	9	9	1.31	1	0:00:15.157349
51	8	9	2.11	0	0:00:15.155306
52	0	9	1.75	0	0:00:15.155845
53	3	9	2.04	0	0:00:15.152139
54	8	9	2.35	0	0:00:15.154232
55	8	9	2.06	0	0:00:15.154497
56	7	7	0.165	1	0:00:15.154208
57	7	9	2.26	0	0:00:15.151350
58	4	9	1.62	0	0:00:15.155242
59	6	9	0.897	0	0:00:15.155664
60	7	7	0.537	1	0:00:15.154697
61	3	9	0.449	0	0:00:15.152391
62	6	9	1.7	0	0:00:15.152755
63	3	9	1.46	0	0:00:15.154011
64	6	9	0.538	0	0:00:15.153941
65	2	9	0.898	0	0:00:15.154698
66	1	9	1.52	0	0:00:15.155126
67	2	9	1.3	0	0:00:15.153518
68	3	9	1.1	0	0:00:15.154683
69	7	9	1.75	0	0:00:15.155707
70	2	9	1.23	0	0:00:15.156581
71	6	9	1.6	0	0:00:15.155420
72	8	9	1.78	0	0:00:15.155308
73	8	9	1.85	0	0:00:15.154320
74	0	9	0.679	0	0:00:15.156322
75	2	9	0.782	0	0:00:15.155401
76	9	9	0.947	1	0:00:15.155262
77	3	9	2.06	0	0:00:15.154103
78	3	9	0.715	0	0:00:15.156443
79	8	9	1.43	0	0:00:15.152661
80	8	9	1.88	0	0:00:15.157173
81	1	9	1.21	0	0:00:15.154597
82	1	9	1.52	0	0:00:15.155529
83	7	9	0.154	0	0:00:15.155021
84	2	9	0.771	0	0:00:15.154800
85	5	7	0.0983	0	0:00:15.154872
86	2	9	2.04	0	0:00:15.155256
87	7	9	2.17	0	0:00:15.153569
88	8	9	1.74	0	0:00:15.156464
89	9	9	2.23	1	0:00:15.156402
90	0	9	2.35	0	0:00:15.155546
91	3	9	1.48	0	0:00:15.155213
92	8	9	1.77	0	0:00:15.155502
93	6	9	0.867	0	0:00:15.153346
94	4	9	0.714	0	0:00:15.153744
95	6	9	1.08	0	0:00:15.154600
96	6	9	1.25	0	0:00:15.152332
97	0	9	1.74	0	0:00:15.150726
98	0	4	0.417	0	0:00:15.154875
99	7	9	0.892	0	0:00:15.155675
100	4	9	0.676	0	0:00:15.152968
101	5	9	1.25	0	0:00:15.153578
102	6	9	1.85	0	0:00:15.153326
103	3	9	1.67	0	0:00:15.154442
104	1	9	1.17	0	0:00:15.154335
105	1	9	2.05	0	0:00:15.157441
106	3	9	1.76	0	0:00:15.153284
107	6	9	2.09	0	0:00:15.156546
108	8	9	1.63	0	0:00:15.155528
109	7	9	1.76	0	0:00:15.154872
110	4	-1	0.0	0	0:00:15.156086
111	0	9	1.03	0	0:00:15.156797
112	6	9	1.18	0	0:00:15.157996
113	2	9	1.96	0	0:00:15.153430
114	1	9	0.865	0	0:00:15.154335
115	3	9	0.853	0	0:00:15.156456
116	0	9	0.309	0	0:00:15.155689
117	4	9	0.924	0	0:00:15.154416
118	2	9	1.46	0	0:00:15.155406
119	7	9	1.02	0	0:00:15.153142
120	8	9	2.03	0	0:00:15.154284
121	3	9	0.27	0	0:00:15.157157
122	1	9	1.97	0	0:00:15.156556
123	2	9	0.659	0	0:00:15.154623
124	8	9	0.718	0	0:00:15.153632
125	0	9	1.59	0	0:00:15.154326
126	8	9	2.0	0	0:00:15.152817
127	3	9	1.58	0	0:00:15.154049
128	5	-1	0.0	0	0:00:15.155354
129	2	9	1.58	0	0:00:15.152424
130	4	9	0.73	0	0:00:15.152901
131	1	9	1.72	0	0:00:15.148865
132	8	9	0.972	0	0:00:15.156927
133	9	9	0.859	1	0:00:15.153903
134	1	9	0.991	0	0:00:15.153728
135	2	9	1.16	0	0:00:15.153396
136	9	9	2.29	1	0:00:15.154162
137	7	9	0.698	0	0:00:15.152903
138	2	9	1.55	0	0:00:15.152915
139	9	9	1.91	1	0:00:15.152871
140	6	9	1.1	0	0:00:15.152205
141	5	9	0.675	0	0:00:15.154486
142	6	9	1.52	0	0:00:15.154066
143	3	9	2.04	0	0:00:15.154108
144	8	9	1.72	0	0:00:15.154036
145	7	9	1.02	0	0:00:15.152485
146	6	9	1.44	0	0:00:15.153712
147	2	9	1.74	0	0:00:15.154049
148	5	9	0.674	0	0:00:15.150707
149	2	9	1.72	0	0:00:15.154280
150	8	9	1.31	0	0:00:15.149647
151	9	9	1.21	1	0:00:15.153930
152	6	9	1.13	0	0:00:15.153194
153	0	9	0.713	0	0:00:15.153360
154	0	9	1.19	0	0:00:15.155880
155	5	9	1.95	0	0:00:15.153603
156	2	9	1.29	0	0:00:15.154126
157	9	9	1.79	1	0:00:15.154249
158	5	9	0.684	0	0:00:15.154879
159	4	9	0.972	0	0:00:15.154151
160	2	9	0.338	0	0:00:15.151481
161	1	9	1.35	0	0:00:15.151891
162	6	9	1.42	0	0:00:15.154088
163	6	9	1.78	0	0:00:15.154495
164	8	9	2.17	0	0:00:15.155979
165	4	9	0.624	0	0:00:15.150859
166	8	9	2.29	0	0:00:15.153493
167	4	9	1.56	0	0:00:15.155174
168	5	9	0.507	0	0:00:15.155908
169	0	9	2.26	0	0:00:15.155133
170	9	9	1.49	1	0:00:15.156920
171	9	9	0.434	1	0:00:15.155532
172	9	9	1.46	1	0:00:15.156260
173	8	9	2.04	0	0:00:15.156540
174	9	9	1.25	1	0:00:15.156289
175	9	9	2.05	1	0:00:15.154865
176	3	9	1.42	0	0:00:15.156115
177	7	9	0.803	0	0:00:15.157412
178	5	9	1.28	0	0:00:15.156208
179	0	9	0.905	0	0:00:15.152451
180	0	9	1.41	0	0:00:15.154745
181	5	7	0.0661	0	0:00:15.153694
182	2	9	0.923	0	0:00:15.153817
183	2	9	1.41	0	0:00:15.154719
184	3	9	0.526	0	0:00:15.155277
185	8	9	2.03	0	0:00:15.154889
186	6	9	1.42	0	0:00:15.154705
187	3	9	0.946	0	0:00:15.154393
188	4	9	0.845	0	0:00:15.154971
189	0	9	2.35	0	0:00:15.152905
190	5	9	2.26	0	0:00:15.155133
191	8	9	1.68	0	0:00:15.154864
192	0	9	1.13	0	0:00:15.156285
193	1	9	0.719	0	0:00:15.155441
194	7	9	1.37	0	0:00:15.156859
195	2	9	0.774	0	0:00:15.153870
196	8	9	1.13	0	0:00:15.154329
197	8	9	1.45	0	0:00:15.153784
198	7	-1	0.0	0	0:00:15.150059
199	8	9	1.22	0	0:00:15.154568
200	5	9	0.889	0	0:00:15.152232
201	1	9	2.19	0	0:00:15.153231
202	8	9	1.35	0	0:00:15.154811
203	7	7	0.742	1	0:00:15.153954
204	1	9	1.69	0	0:00:15.153975
205	3	9	2.16	0	0:00:15.155850
206	0	9	2.29	0	0:00:15.155570
207	5	9	1.3	0	0:00:15.154325
208	7	9	0.236	0	0:00:15.155862
209	9	9	2.29	1	0:00:15.154630
210	7	9	0.872	0	0:00:15.154869
211	4	9	1.73	0	0:00:15.154743
212	5	9	0.313	0	0:00:15.153463
213	9	9	1.39	1	0:00:15.152610
214	8	9	1.83	0	0:00:15.156056
215	0	-1	0.0	0	0:00:15.152204
216	7	-1	0.0	0	0:00:15.154093
217	9	9	1.91	1	0:00:15.155323
218	8	9	0.375	0	0:00:15.156419
219	2	7	0.00857	0	0:00:15.153115
220	7	7	1.09	1	0:00:15.155459
221	6	9	1.17	0	0:00:15.155095
222	9	9	1.49	1	0:00:15.156716
223	4	9	0.532	0	0:00:15.156184
224	3	9	1.39	0	0:00:15.158101
225	9	9	1.46	1	0:00:15.156920
226	6	9	1.91	0	0:00:15.155092
227	4	9	1.17	0	0:00:15.157164
228	7	9	0.812	0	0:00:15.156965
229	6	-1	0.0	0	0:00:15.155734
230	5	9	0.177	0	0:00:15.155625
231	1	9	1.76	0	0:00:15.155502
232	5	-1	0.0	0	0:00:15.156207
233	8	9	0.777	0	0:00:15.156842
234	8	9	2.23	0	0:00:15.158326
235	0	9	0.953	0	0:00:15.153902
236	4	9	1.64	0	0:00:15.156500
237	0	9	1.42	0	0:00:15.155615
238	5	9	1.11	0	0:00:15.157045
239	5	-1	0.0	0	0:00:15.154349
240	1	9	1.85	0	0:00:15.156343
241	1	9	1.89	0	0:00:15.153276
242	8	9	1.18	0	0:00:15.152738
243	9	9	1.74	1	0:00:15.156701
244	0	9	1.14	0	0:00:15.155952
245	3	9	1.41	0	0:00:15.152313
246	1	9	0.991	0	0:00:15.155090
247	9	9	2.35	1	0:00:15.156151
248	2	9	1.37	0	0:00:15.154996
249	2	9	1.27	0	0:00:15.155958
250	5	9	0.718	0	0:00:15.156231
251	3	9	1.34	0	0:00:15.155616
252	9	9	1.72	1	0:00:15.153247
253	9	9	1.48	1	0:00:15.154384
254	4	9	0.866	0	0:00:15.156723
255	0	9	0.893	0	0:00:15.156030
256	3	9	2.11	0	0:00:15.156760
257	0	9	1.86	0	0:00:15.157408
258	0	9	1.95	0	0:00:15.151778
259	9	9	1.68	1	0:00:15.152594
260	8	9	1.69	0	0:00:15.156527
261	1	9	2.35	0	0:00:15.155083
262	5	9	0.0871	0	0:00:15.153391
263	7	9	1.33	0	0:00:15.156839
264	0	9	0.546	0	0:00:15.155470
265	8	9	2.16	0	0:00:15.155624
266	2	9	1.41	0	0:00:15.155866
267	4	9	0.348	0	0:00:15.158596
268	7	9	0.766	0	0:00:15.155946
269	0	9	0.751	0	0:00:15.154132
270	2	9	1.07	0	0:00:15.155436
271	3	9	1.08	0	0:00:15.155979
272	6	9	1.56	0	0:00:15.156590
273	3	9	1.55	0	0:00:15.156454
274	8	9	1.76	0	0:00:15.155265
275	5	-1	0.0	0	0:00:15.154629
276	0	9	1.0	0	0:00:15.158054
277	3	9	1.1	0	0:00:15.156748
278	4	7	0.246	0	0:00:15.152260
279	3	9	0.574	0	0:00:15.155994
280	9	9	2.09	1	0:00:15.157974
281	0	-1	0.0	0	0:00:15.156135
282	6	9	1.12	0	0:00:15.156447
283	1	9	1.97	0	0:00:15.158142
284	0	9	1.19	0	0:00:15.155255
285	9	9	1.82	1	0:00:15.156160
286	1	9	2.12	0	0:00:15.156665
287	0	9	1.94	0	0:00:15.153748
288	7	7	1.18	1	0:00:15.154618
289	9	9	0.71	1	0:00:15.152341
290	1	9	1.79	0	0:00:15.152072
291	2	9	1.42	0	0:00:15.155055
292	6	9	1.42	0	0:00:15.154419
293	9	9	2.29	1	0:00:15.156925
294	3	9	0.321	0	0:00:15.153283
295	4	9	0.941	0	0:00:15.155485
296	6	9	1.76	0	0:00:15.153851
297	0	9	0.663	0	0:00:15.155128
298	0	9	0.209	0	0:00:15.154016
299	6	9	1.06	0	0:00:15.154434
300	6	-1	0.0	0	0:00:15.157804
301	6	9	1.28	0	0:00:15.155879
302	3	9	0.214	0	0:00:15.155456
303	2	9	1.66	0	0:00:15.156835
304	6	9	1.35	0	0:00:15.154426
305	1	9	2.21	0	0:00:15.155554
306	8	9	1.5	0	0:00:15.153926
307	2	9	0.69	0	0:00:15.154197
308	1	9	1.16	0	0:00:15.154285
309	6	9	1.36	0	0:00:15.155580
310	8	9	1.97	0	0:00:15.156072
311	6	9	1.16	0	0:00:15.153736
312	8	9	1.43	0	0:00:15.155301
313	0	9	0.608	0	0:00:15.154268
314	4	9	0.437	0	0:00:15.155787
315	0	7	0.186	0	0:00:15.154814
316	7	9	1.01	0	0:00:15.155773
317	7	9	0.332	0	0:00:15.154878
318	5	9	1.06	0	0:00:15.155360
319	5	9	1.61	0	0:00:15.154224
320	3	9	1.38	0	0:00:15.157139
321	5	9	2.03	0	0:00:15.156298
322	2	9	1.14	0	0:00:15.155359
323	3	9	1.19	0	0:00:15.154861
324	4	9	1.1	0	0:00:15.153542
325	1	9	1.72	0	0:00:15.158528
326	7	9	1.08	0	0:00:15.156538
327	5	9	1.27	0	0:00:15.155921
328	4	9	1.41	0	0:00:15.156597
329	6	9	1.54	0	0:00:15.158226
330	1	9	0.364	0	0:00:15.155325
331	9	9	1.94	1	0:00:15.155567
332	3	9	0.923	0	0:00:15.155844
333	6	9	0.818	0	0:00:15.157454
334	6	9	1.88	0	0:00:15.153883
335	9	9	2.19	1	0:00:15.155009
336	3	9	1.68	0	0:00:15.156082
337	8	9	2.35	0	0:00:15.156720
338	0	9	0.197	0	0:00:15.154686
339	7	9	1.27	0	0:00:15.152930
340	2	9	1.31	0	0:00:15.149229
341	6	9	1.58	0	0:00:15.153128
342	2	9	1.12	0	0:00:15.154150
343	5	9	1.46	0	0:00:15.156230
344	8	9	1.72	0	0:00:15.157024
345	5	9	0.998	0	0:00:15.155226
346	4	7	0.342	0	0:00:15.156973
347	6	9	0.413	0	0:00:15.155067
348	8	9	0.396	0	0:00:15.153577
349	9	9	2.26	1	0:00:15.154032
350	9	9	2.21	1	0:00:15.153249
351	1	9	1.11	0	0:00:15.155252
352	0	9	2.35	0	0:00:15.155994
353	2	-1	0.0	0	0:00:15.153111
354	2	9	1.61	0	0:00:15.153087
355	7	9	1.1	0	0:00:15.154046
356	3	9	1.5	0	0:00:15.153551
357	2	9	0.905	0	0:00:15.149603
358	8	9	1.91	0	0:00:15.155661
359	0	9	1.88	0	0:00:15.154621
360	9	9	2.1	1	0:00:15.154570
361	5	9	0.791	0	0:00:15.154390
362	8	9	1.46	0	0:00:15.153105
363	1	9	2.35	0	0:00:15.152620
364	9	9	0.647	1	0:00:15.153429
365	4	9	0.261	0	0:00:15.151653
366	1	9	1.12	0	0:00:15.153898
367	3	9	1.65	0	0:00:15.152713
368	8	9	1.31	0	0:00:15.152625
369	1	9	1.64	0	0:00:15.152358
370	4	9	1.35	0	0:00:15.154081
371	7	7	0.351	1	0:00:15.153543
372	9	9	2.35	1	0:00:15.153695
373	4	9	1.18	0	0:00:15.155469
374	2	9	2.01	0	0:00:15.149466
375	7	9	0.943	0	0:00:15.154145
376	0	9	2.35	0	0:00:15.154323
377	7	9	1.17	0	0:00:15.153353
378	0	9	1.96	0	0:00:15.153304
379	6	9	1.48	0	0:00:15.154237
380	6	9	1.54	0	0:00:15.154320
381	9	9	2.35	1	0:00:15.155931
382	0	0	0.438	1	0:00:15.154501
383	9	9	1.72	1	0:00:15.152901
384	2	9	1.94	0	0:00:15.153716
385	8	8	0.0631	1	0:00:15.157028
386	7	9	0.311	0	0:00:15.156926
387	2	9	0.0757	0	0:00:15.154546
388	2	9	0.75	0	0:00:15.152968
389	5	9	0.78	0	0:00:15.155864
390	1	9	2.19	0	0:00:15.151718
391	2	9	1.72	0	0:00:15.155929
392	6	9	0.924	0	0:00:15.156247
393	2	9	0.126	0	0:00:15.156816
394	9	9	1.15	1	0:00:15.156077
395	6	9	1.64	0	0:00:15.158034
396	2	9	0.913	0	0:00:15.155367
397	3	9	0.903	0	0:00:15.157068
398	0	9	1.73	0	0:00:15.153499
399	3	9	2.07	0	0:00:15.156378
400	9	9	2.35	1	0:00:15.158377
401	8	9	1.18	0	0:00:15.156054
402	7	9	0.159	0	0:00:15.158890
403	8	9	2.04	0	0:00:15.155617
404	8	9	1.01	0	0:00:15.156268
405	4	9	0.945	0	0:00:15.150306
406	0	9	0.814	0	0:00:15.158283
407	1	9	1.18	0	0:00:15.152271
408	8	9	1.62	0	0:00:15.155650
409	2	9	0.455	0	0:00:15.153759
410	7	9	1.53	0	0:00:15.155215
411	9	9	2.01	1	0:00:15.153018
412	3	7	0.528	0	0:00:15.155296
413	6	9	1.47	0	0:00:15.155585
414	1	9	2.19	0	0:00:15.156633
415	9	9	2.35	1	0:00:15.155271
416	0	-1	0.0	0	0:00:15.156598
417	7	9	2.23	0	0:00:15.155356
418	3	9	1.3	0	0:00:15.156549
419	7	9	1.66	0	0:00:15.155955
420	4	9	1.65	0	0:00:15.156277
421	5	9	0.564	0	0:00:15.155728
422	0	9	1.03	0	0:00:15.156321
423	0	9	0.968	0	0:00:15.153103
424	2	9	1.59	0	0:00:15.155034
425	9	9	2.35	1	0:00:15.157058
426	3	9	1.91	0	0:00:15.156925
427	4	9	1.35	0	0:00:15.154647
428	0	9	1.51	0	0:00:15.156203
429	6	9	1.28	0	0:00:15.155859
430	2	9	1.23	0	0:00:15.156390
431	5	9	1.38	0	0:00:15.154954
432	3	9	1.54	0	0:00:15.156916
433	7	9	0.614	0	0:00:15.155653
434	3	9	1.62	0	0:00:15.153645
435	7	7	0.237	1	0:00:15.153333
436	2	9	1.85	0	0:00:15.154092
437	5	9	1.25	0	0:00:15.153566
438	3	9	0.69	0	0:00:15.156311
439	1	9	0.93	0	0:00:15.151953
440	1	9	1.84	0	0:00:15.155524
441	4	9	0.616	0	0:00:15.155746
442	9	9	1.27	1	0:00:15.157037
443	9	9	2.21	1	0:00:15.156084
444	5	9	1.25	0	0:00:15.156367
445	7	9	1.49	0	0:00:15.157367
446	5	9	1.85	0	0:00:15.157129
447	0	9	0.569	0	0:00:15.156677
448	2	9	0.74	0	0:00:15.157624
449	2	9	0.716	0	0:00:15.157175
450	2	9	0.586	0	0:00:15.154729
451	9	9	2.26	1	0:00:15.157415
452	7	9	1.38	0	0:00:15.154610
453	3	9	1.05	0	0:00:15.154003
454	9	9	1.36	1	0:00:15.153649
455	4	9	0.999	0	0:00:15.156189
456	3	9	1.19	0	0:00:15.151813
457	5	9	1.53	0	0:00:15.155106
458	4	9	1.05	0	0:00:15.155492
459	6	9	2.21	0	0:00:15.154863
460	5	9	0.318	0	0:00:15.155266
461	6	9	1.01	0	0:00:15.154366
462	1	9	2.0	0	0:00:15.154240
463	4	9	1.2	0	0:00:15.155866
464	3	9	0.827	0	0:00:15.154633
465	4	9	0.749	0	0:00:15.154626
466	4	7	0.276	0	0:00:15.155914
467	3	9	1.59	0	0:00:15.155129
468	7	9	0.12	0	0:00:15.158272
469	8	9	0.935	0	0:00:15.155306
470	3	9	1.56	0	0:00:15.157280
471	7	9	0.217	0	0:00:15.154789
472	8	9	2.35	0	0:00:15.153281
473	0	9	0.781	0	0:00:15.153707
474	5	7	0.272	0	0:00:15.153611
475	7	7	0.69	1	0:00:15.154588
476	6	9	0.463	0	0:00:15.154977
477	0	9	2.21	0	0:00:15.154678
478	5	9	0.62	0	0:00:15.155348
479	4	9	0.669	0	0:00:15.155390
480	8	9	2.17	0	0:00:15.154525
481	6	9	2.06	0	0:00:15.153773
482	8	9	1.6	0	0:00:15.155364
483	5	9	1.08	0	0:00:15.153521
484	5	9	1.25	0	0:00:15.155902
485	9	9	1.7	1	0:00:15.154311
486	9	9	0.98	1	0:00:15.156101
487	9	9	1.6	1	0:00:15.153198
488	5	9	1.47	0	0:00:15.153796
489	0	9	1.5	0	0:00:15.155542
490	1	9	1.46	0	0:00:15.149780
491	0	7	0.66	0	0:00:15.154485
492	8	9	1.09	0	0:00:15.154059
493	1	9	1.69	0	0:00:15.153322
494	1	9	2.01	0	0:00:15.156101
495	8	9	1.48	0	0:00:15.153144
496	0	9	0.68	0	0:00:15.156799
497	2	9	1.52	0	0:00:15.156978
498	2	9	0.527	0	0:00:15.157526
499	0	9	0.0817	0	0:00:15.157377
500	4	9	2.04	0	0:00:15.154873
501	6	9	0.87	0	0:00:15.155815
502	5	9	1.29	0	0:00:15.154102
503	4	9	1.61	0	0:00:15.155675
504	9	9	1.69	1	0:00:15.156410
505	4	9	1.28	0	0:00:15.150501
506	7	9	0.572	0	0:00:15.154284
507	9	9	1.09	1	0:00:15.156430
508	9	9	1.63	1	0:00:15.157107
509	4	9	0.647	0	0:00:15.155615
510	5	9	1.04	0	0:00:15.154318
511	6	9	0.94	0	0:00:15.155227
512	6	9	1.22	0	0:00:15.153993
513	1	9	1.57	0	0:00:15.152766
514	5	-1	0.0	0	0:00:15.153960
515	3	9	1.58	0	0:00:15.151652
516	8	9	1.44	0	0:00:15.153126
517	9	9	2.35	1	0:00:15.154355
518	5	9	0.923	0	0:00:15.154793
519	8	9	0.878	0	0:00:15.154423
520	5	9	1.71	0	0:00:15.158035
521	7	7	1.04	1	0:00:15.154995
522	0	9	1.12	0	0:00:15.156212
523	7	7	0.0148	1	0:00:15.155351
524	0	9	0.576	0	0:00:15.153064
525	5	9	2.16	0	0:00:15.153504
526	0	9	1.5	0	0:00:15.151070
527	0	9	0.748	0	0:00:15.157573
528	4	9	2.03	0	0:00:15.154302
529	6	9	1.6	0	0:00:15.153780
530	9	9	2.29	1	0:00:15.152459
531	0	9	2.06	0	0:00:15.151900
532	9	9	1.4	1	0:00:15.152794
533	5	9	2.12	0	0:00:15.153320
534	6	9	1.42	0	0:00:15.155536
535	6	9	1.04	0	0:00:15.152967
536	6	9	1.45	0	0:00:15.152925
537	2	9	1.57	0	0:00:15.153122
538	9	9	1.73	1	0:00:15.149325
539	0	9	1.41	0	0:00:15.153972
540	1	9	1.88	0	0:00:15.155442
541	7	9	1.1	0	0:00:15.156134
542	6	9	0.933	0	0:00:15.155148
543	7	-1	0.0	0	0:00:15.153589
544	5	9	1.6	0	0:00:15.154794
545	9	9	1.21	1	0:00:15.152030
546	1	9	2.26	0	0:00:15.151932
547	6	9	1.31	0	0:00:15.151868
548	2	9	1.36	0	0:00:15.152689
549	5	9	1.07	0	0:00:15.154321
550	5	9	0.693	0	0:00:15.153048
551	5	9	0.955	0	0:00:15.151818
552	8	9	0.367	0	0:00:15.152235
553	5	9	0.173	0	0:00:15.153211
554	9	9	2.06	1	0:00:15.151261
555	4	9	1.77	0	0:00:15.151425
556	6	9	0.964	0	0:00:15.154948
557	4	9	0.812	0	0:00:15.152433
558	3	9	1.21	0	0:00:15.155229
559	2	9	1.07	0	0:00:15.154639
560	0	9	0.971	0	0:00:15.154848
561	7	7	0.273	1	0:00:15.151608
562	6	9	0.466	0	0:00:15.155893
563	2	9	1.8	0	0:00:15.153111
564	2	9	0.778	0	0:00:15.154241
565	3	9	2.0	0	0:00:15.154202
566	9	9	1.45	1	0:00:15.155748
567	7	9	1.71	0	0:00:15.156132
568	9	9	2.35	1	0:00:15.156992
569	2	9	0.216	0	0:00:15.158203
570	6	9	0.714	0	0:00:15.158828
571	7	7	1.11	1	0:00:15.152077
572	1	9	2.35	0	0:00:15.156992
573	3	9	1.9	0	0:00:15.151837
574	6	9	0.0222	0	0:00:15.155224
575	6	9	1.51	0	0:00:15.155334
576	8	9	1.23	0	0:00:15.155195
577	9	9	0.549	1	0:00:15.160627
578	7	9	0.39	0	0:00:15.167998
579	5	9	2.29	0	0:00:15.171008
580	4	9	2.06	0	0:00:15.159554
581	0	9	0.539	0	0:00:15.155981
582	8	9	0.379	0	0:00:15.162919
583	4	9	1.87	0	0:00:15.165402
584	0	9	1.81	0	0:00:15.163337
585	9	9	1.24	1	0:00:15.157747
586	3	9	0.657	0	0:00:15.156946
587	4	9	1.34	0	0:00:15.160315
588	8	9	2.35	0	0:00:15.157756
589	9	9	2.26	1	0:00:15.154037
590	6	9	0.933	0	0:00:15.156281
591	9	9	2.35	1	0:00:15.155849
592	2	9	1.3	0	0:00:15.154287
593	6	9	1.41	0	0:00:15.155035
594	1	9	0.258	0	0:00:15.153370
595	4	9	1.67	0	0:00:15.149925
596	7	9	0.746	0	0:00:15.151882
597	3	9	1.54	0	0:00:15.151100
598	5	9	1.13	0	0:00:15.157868
599	3	9	0.729	0	0:00:15.153998
600	8	9	1.78	0	0:00:15.152933
601	5	9	1.71	0	0:00:15.152225
602	0	9	0.403	0	0:00:15.152136
603	2	9	1.64	0	0:00:15.153254
604	1	9	0.854	0	0:00:15.153667
605	6	9	1.94	0	0:00:15.149290
606	4	9	2.06	0	0:00:15.154755
607	3	9	0.773	0	0:00:15.153818
608	3	9	1.33	0	0:00:15.156227
609	9	9	1.35	1	0:00:15.155969
610	6	9	1.44	0	0:00:15.154619
611	9	9	1.88	1	0:00:15.156231
612	8	9	2.21	0	0:00:15.155525
613	8	9	1.47	0	0:00:15.154215
614	5	9	1.05	0	0:00:15.155399
615	8	9	1.42	0	0:00:15.156012
616	6	9	0.0867	0	0:00:15.155006
617	6	9	1.68	0	0:00:15.156660
618	2	9	1.36	0	0:00:15.156674
619	1	9	2.04	0	0:00:15.154410
620	7	9	0.414	0	0:00:15.153031
621	7	9	1.68	0	0:00:15.155250
622	1	9	1.66	0	0:00:15.153426
623	2	9	0.337	0	0:00:15.147462
624	7	7	0.74	1	0:00:15.160967
625	9	9	2.1	1	0:00:15.157824
626	9	9	0.908	1	0:00:15.155985
627	4	9	0.431	0	0:00:15.154457
628	4	7	0.0809	0	0:00:15.155140
629	1	9	0.676	0	0:00:15.154344
630	2	9	1.7	0	0:00:15.155710
631	5	9	0.674	0	0:00:15.155088
632	6	9	1.06	0	0:00:15.157133
633	8	9	1.58	0	0:00:15.157161
634	7	7	0.142	1	0:00:15.157101
635	6	9	0.5	0	0:00:15.155734
636	8	9	1.01	0	0:00:15.154387
637	3	9	0.473	0	0:00:15.155313
638	0	9	1.82	0	0:00:15.154882
639	5	9	0.989	0	0:00:15.154913
640	5	9	1.35	0	0:00:15.155666
641	3	9	1.54	0	0:00:15.155093
642	0	9	2.01	0	0:00:15.154620
643	7	7	0.974	1	0:00:15.155019
644	9	9	1.17	1	0:00:15.156805
645	1	9	1.89	0	0:00:15.157239
646	3	9	1.73	0	0:00:15.155455
647	4	9	0.754	0	0:00:15.155988
648	4	9	0.793	0	0:00:15.157774
649	5	9	0.139	0	0:00:15.156122
650	3	9	1.29	0	0:00:15.156193
651	9	9	2.05	1	0:00:15.158151
652	5	9	0.371	0	0:00:15.157452
653	6	9	1.33	0	0:00:15.156797
654	9	9	1.51	1	0:00:15.156220
655	2	9	1.67	0	0:00:15.154762
656	1	9	2.35	0	0:00:15.153830
657	1	9	1.52	0	0:00:15.156957
658	4	9	1.44	0	0:00:15.156388
659	1	9	1.7	0	0:00:15.156135
660	9	9	2.03	1	0:00:15.156784
661	4	9	0.343	0	0:00:15.157665
662	7	7	1.33	1	0:00:15.156307
663	6	9	1.8	0	0:00:15.156633
664	3	9	1.06	0	0:00:15.154474
665	8	9	2.15	0	0:00:15.155024
666	9	9	1.82	1	0:00:15.155773
667	0	9	1.45	0	0:00:15.157518
668	1	9	1.61	0	0:00:15.140610
669	3	9	0.201	0	0:00:15.141072
670	6	9	1.12	0	0:00:15.148997
671	3	9	1.8	0	0:00:15.152541
672	6	9	1.11	0	0:00:15.159157
673	3	9	1.43	0	0:00:15.159305
674	2	9	1.16	0	0:00:15.157157
675	0	9	0.322	0	0:00:15.159739
676	3	9	0.943	0	0:00:15.157845
677	1	9	1.56	0	0:00:15.156268
678	0	-1	0.0	0	0:00:15.156970
679	5	9	1.14	0	0:00:15.157660
680	9	9	1.45	1	0:00:15.158031
681	6	9	1.64	0	0:00:15.157975
682	4	9	0.86	0	0:00:15.159541
683	8	9	1.79	0	0:00:15.157715
684	9	9	2.29	1	0:00:15.157951
685	6	9	0.753	0	0:00:15.158272
686	9	9	1.56	1	0:00:15.157549
687	6	9	1.8	0	0:00:15.157199
688	3	9	0.965	0	0:00:15.154087
689	0	9	1.37	0	0:00:15.155566
690	3	9	1.56	0	0:00:15.157207
691	2	9	0.377	0	0:00:15.156713
692	2	-1	0.0	0	0:00:15.158030
693	7	9	0.407	0	0:00:15.156178
694	8	9	1.95	0	0:00:15.158697
695	3	9	0.377	0	0:00:15.156371
696	8	9	2.11	0	0:00:15.158379
697	2	9	1.15	0	0:00:15.157762
698	7	9	0.88	0	0:00:15.157144
699	5	9	1.18	0	0:00:15.159077
700	7	9	1.74	0	0:00:15.158482
701	2	9	1.04	0	0:00:15.157479
702	4	9	1.04	0	0:00:15.151166
703	8	9	0.954	0	0:00:15.157386
704	7	9	0.771	0	0:00:15.154874
705	4	9	1.23	0	0:00:15.156353
706	2	9	0.321	0	0:00:15.154815
707	9	9	1.41	1	0:00:15.155262
708	8	9	2.0	0	0:00:15.154146
709	8	9	1.78	0	0:00:15.155399
710	6	9	0.572	0	0:00:15.155370
711	8	9	2.21	0	0:00:15.157103
712	8	9	0.993	0	0:00:15.154511
713	7	9	1.0	0	0:00:15.153532
714	4	9	1.77	0	0:00:15.155728
715	3	9	1.3	0	0:00:15.155581
716	3	9	1.24	0	0:00:15.152651
717	8	9	2.05	0	0:00:15.152556
718	4	7	0.383	0	0:00:15.153855
719	9	9	2.35	1	0:00:15.153351
720	4	9	1.49	0	0:00:15.150872
721	8	9	2.15	0	0:00:15.153643
722	8	9	1.79	0	0:00:15.154232
723	1	9	2.09	0	0:00:15.155244
724	8	9	0.945	0	0:00:15.154192
725	2	9	2.13	0	0:00:15.156202
726	1	9	1.49	0	0:00:15.155494
727	3	9	1.05	0	0:00:15.155309
728	6	9	0.994	0	0:00:15.155350
729	5	9	0.6	0	0:00:15.156871
730	4	9	0.787	0	0:00:15.154689
731	2	-1	0.0	0	0:00:15.156250
732	7	7	0.166	1	0:00:15.154762
733	9	9	2.15	1	0:00:15.155351
734	9	9	2.11	1	0:00:15.156412
735	4	9	1.15	0	0:00:15.156566
736	1	9	2.0	0	0:00:15.152719
737	4	9	0.351	0	0:00:15.150727
738	1	9	1.43	0	0:00:15.154845
739	3	7	0.796	0	0:00:15.153952
740	2	9	0.546	0	0:00:15.154046
741	7	7	0.537	1	0:00:15.155019
742	0	9	1.64	0	0:00:15.155089
743	7	9	0.196	0	0:00:15.154642
744	9	9	2.17	1	0:00:15.155183
745	7	9	1.19	0	0:00:15.155675
746	6	9	1.21	0	0:00:15.154866
747	6	9	0.71	0	0:00:15.155224
748	2	9	0.219	0	0:00:15.152731
749	5	9	0.669	0	0:00:15.151711
750	9	9	1.46	1	0:00:15.151008
751	2	9	2.12	0	0:00:15.156153
752	9	9	1.45	1	0:00:15.152064
753	1	9	1.94	0	0:00:15.154322
754	2	9	1.07	0	0:00:15.152357
755	2	9	1.15	0	0:00:15.154947
756	6	9	1.61	0	0:00:15.156606
757	8	9	2.35	0	0:00:15.155318
758	2	9	2.12	0	0:00:15.156639
759	1	9	1.56	0	0:00:15.154337
760	3	9	1.03	0	0:00:15.156194
761	6	9	1.28	0	0:00:15.157401
762	6	9	0.344	0	0:00:15.154657
763	0	7	0.734	0	0:00:15.157223
764	1	9	2.29	0	0:00:15.154494
765	2	9	0.586	0	0:00:15.156059
766	7	9	1.28	0	0:00:15.155139
767	0	9	2.03	0	0:00:15.157092
768	5	9	0.799	0	0:00:15.158151
769	4	9	1.41	0	0:00:15.155988
770	6	9	1.77	0	0:00:15.151608
771	1	9	1.92	0	0:00:15.158572
772	6	9	1.22	0	0:00:15.155542
773	4	9	0.852	0	0:00:15.157268
774	0	9	0.717	0	0:00:15.156757
775	2	7	0.602	0	0:00:15.157497
776	2	9	1.5	0	0:00:15.158090
777	6	9	2.0	0	0:00:15.155924
778	0	9	1.53	0	0:00:15.155676
779	5	9	0.444	0	0:00:15.155148
780	9	9	0.942	1	0:00:15.155542
781	1	9	1.77	0	0:00:15.155801
782	7	9	0.137	0	0:00:15.154250
783	6	9	1.05	0	0:00:15.155568
784	7	9	1.76	0	0:00:15.155738
785	0	9	1.72	0	0:00:15.148639
786	3	9	1.27	0	0:00:15.157811
787	9	9	1.21	1	0:00:15.154902
788	6	9	1.48	0	0:00:15.155720
789	8	9	1.8	0	0:00:15.154782
790	3	0	1.2	0	0:00:15.153496
791	0	-1	0.0	0	0:00:15.154777
792	3	7	0.295	0	0:00:15.154752
793	4	9	1.56	0	0:00:15.154544
794	7	9	0.532	0	0:00:15.156382
795	7	9	0.013	0	0:00:15.155605
796	1	9	1.55	0	0:00:15.159902
797	4	9	1.03	0	0:00:15.158753
798	7	9	0.754	0	0:00:15.161031
799	2	9	1.15	0	0:00:15.159373
800	7	9	0.522	0	0:00:15.197492
801	1	9	1.96	0	0:00:15.162465
802	4	9	1.53	0	0:00:15.152335
803	7	7	0.323	1	0:00:15.152472
804	4	9	1.11	0	0:00:15.145472
805	4	9	1.38	0	0:00:15.147892
806	8	9	2.16	0	0:00:15.147811
807	4	9	1.23	0	0:00:15.148235
808	7	9	1.41	0	0:00:15.155242
809	7	9	1.21	0	0:00:15.155601
810	5	9	0.137	0	0:00:15.151853
811	3	9	0.187	0	0:00:15.155696
812	7	9	0.218	0	0:00:15.153931
813	2	9	0.617	0	0:00:15.156698
814	0	9	2.15	0	0:00:15.154189
815	8	9	2.35	0	0:00:15.155903
816	9	9	1.75	1	0:00:15.152938
817	5	9	0.282	0	0:00:15.149138
818	8	9	0.657	0	0:00:15.148437
819	3	9	1.84	0	0:00:15.152996
820	6	9	0.682	0	0:00:15.152996
821	2	9	0.664	0	0:00:15.149665
822	0	9	1.4	0	0:00:15.151061
823	8	9	2.21	0	0:00:15.151729
824	7	9	0.348	0	0:00:15.151310
825	3	9	1.42	0	0:00:15.157046
826	7	9	1.34	0	0:00:15.156236
827	6	9	2.19	0	0:00:15.154109
828	5	7	1.12	0	0:00:15.155526
829	3	9	0.246	0	0:00:15.157705
830	1	9	2.17	0	0:00:15.157986
831	3	9	2.13	0	0:00:15.157207
832	2	9	0.392	0	0:00:15.158734
833	2	9	0.572	0	0:00:15.154660
834	5	9	0.714	0	0:00:15.155289
835	4	9	1.18	0	0:00:15.156555
836	1	9	2.35	0	0:00:15.154996
837	2	9	0.628	0	0:00:15.156321
838	9	9	0.484	1	0:00:15.158054
839	2	9	0.82	0	0:00:15.154939
840	7	7	1.06	1	0:00:15.155213
841	0	9	1.41	0	0:00:15.156191
842	7	7	0.76	1	0:00:15.154760
843	2	9	1.19	0	0:00:15.154148
844	1	9	2.04	0	0:00:15.155281
845	3	9	0.898	0	0:00:15.157469
846	2	9	0.824	0	0:00:15.155121
847	0	9	0.738	0	0:00:15.154521
848	2	9	1.32	0	0:00:15.154382
849	4	9	1.24	0	0:00:15.154007
850	7	9	2.16	0	0:00:15.148217
851	9	9	1.7	1	0:00:15.152132
852	8	9	1.94	0	0:00:15.154515
853	9	9	2.29	1	0:00:15.153013
854	0	9	1.48	0	0:00:15.154843
855	7	9	0.682	0	0:00:15.153317
856	7	9	0.44	0	0:00:15.152977
857	0	9	1.3	0	0:00:15.153079
858	7	7	0.829	1	0:00:15.154829
859	8	9	1.89	0	0:00:15.153958
860	4	9	0.239	0	0:00:15.152899
861	6	9	1.53	0	0:00:15.153183
862	3	9	1.2	0	0:00:15.153176
863	3	9	0.153	0	0:00:15.156486
864	0	9	0.616	0	0:00:15.155581
865	1	9	1.61	0	0:00:15.155367
866	3	9	0.852	0	0:00:15.153777
867	7	9	0.0679	0	0:00:15.150569
868	0	9	1.43	0	0:00:15.155944
869	1	9	2.29	0	0:00:15.152800
870	3	9	1.18	0	0:00:15.154918
871	1	9	1.11	0	0:00:15.154937
872	4	9	0.239	0	0:00:15.155973
873	2	9	1.54	0	0:00:15.155153
874	3	9	1.4	0	0:00:15.154181
875	8	9	2.35	0	0:00:15.154889
876	4	9	1.1	0	0:00:15.154953
877	2	9	0.75	0	0:00:15.153205
878	3	9	2.16	0	0:00:15.153556
879	7	7	0.189	1	0:00:15.153053
880	8	9	2.03	0	0:00:15.154082
881	4	9	0.336	0	0:00:15.156543
882	3	9	1.1	0	0:00:15.155050
883	0	-1	0.0	0	0:00:15.155230
884	9	9	2.03	1	0:00:15.150779
885	0	9	0.473	0	0:00:15.155552
886	0	9	2.09	0	0:00:15.154377
887	1	9	1.99	0	0:00:15.154565
888	0	9	2.02	0	0:00:15.154384
889	4	9	0.994	0	0:00:15.152160
890	4	9	1.12	0	0:00:15.152730
891	6	9	0.956	0	0:00:15.153693
892	7	7	1.5	1	0:00:15.153707
893	6	9	0.877	0	0:00:15.153501
894	1	9	1.47	0	0:00:15.152712
895	1	9	1.47	0	0:00:15.152745
896	3	9	0.692	0	0:00:15.153117
897	7	9	0.0576	0	0:00:15.153117
898	3	9	0.904	0	0:00:15.154675
899	5	9	0.81	0	0:00:15.154604
900	2	9	1.21	0	0:00:15.154320
901	6	9	0.917	0	0:00:15.152958
902	6	9	1.51	0	0:00:15.153901
903	5	9	1.6	0	0:00:15.153544
904	8	9	2.07	0	0:00:15.154474
905	7	9	1.57	0	0:00:15.154484
906	1	9	2.26	0	0:00:15.155452
907	6	9	1.22	0	0:00:15.154904
908	8	9	1.93	0	0:00:15.157143
909	8	9	1.48	0	0:00:15.156070
910	5	9	0.831	0	0:00:15.154737
911	3	9	1.06	0	0:00:15.155029
912	0	7	0.0734	0	0:00:15.156321
913	4	9	1.58	0	0:00:15.156405
914	0	9	1.27	0	0:00:15.156699
915	1	9	1.42	0	0:00:15.156900
916	3	9	2.15	0	0:00:15.156388
917	8	9	2.21	0	0:00:15.151654
918	8	9	1.66	0	0:00:15.154938
919	0	9	0.994	0	0:00:15.155617
920	6	9	1.45	0	0:00:15.155649
921	9	9	1.38	1	0:00:15.156027
922	9	9	1.23	1	0:00:15.156320
923	9	9	0.654	1	0:00:15.155565
924	5	9	1.71	0	0:00:15.154111
925	5	9	0.347	0	0:00:15.153635
926	8	9	1.69	0	0:00:15.150332
927	6	9	0.412	0	0:00:15.155110
928	0	9	0.647	0	0:00:15.153996
929	0	9	2.0	0	0:00:15.154327
930	4	9	0.906	0	0:00:15.154951
931	2	9	0.668	0	0:00:15.154902
932	3	9	1.27	0	0:00:15.152019
933	2	9	1.09	0	0:00:15.153030
934	7	7	1.46	1	0:00:15.154947
935	2	9	1.1	0	0:00:15.153087
936	2	9	1.15	0	0:00:15.154018
937	5	9	1.11	0	0:00:15.153823
938	9	9	1.24	1	0:00:15.155351
939	8	9	1.08	0	0:00:15.155699
940	9	9	1.78	1	0:00:15.155684
941	1	9	1.05	0	0:00:15.157604
942	7	9	0.576	0	0:00:15.155075
943	4	9	0.341	0	0:00:15.153440
944	0	9	2.08	0	0:00:15.155109
945	3	9	1.2	0	0:00:15.154339
946	0	9	0.225	0	0:00:15.153558
947	1	9	1.54	0	0:00:15.153422
948	3	9	0.978	0	0:00:15.149891
949	8	9	0.855	0	0:00:15.153894
950	3	9	1.17	0	0:00:15.153548
951	9	9	1.85	1	0:00:15.155447
952	6	9	1.34	0	0:00:15.154269
953	1	9	2.03	0	0:00:15.151389
954	4	9	0.695	0	0:00:15.152735
955	7	-1	0.0	0	0:00:15.154600
