idx	label	predict	radius	correct	time
0	3	5	0.0464	0	0:00:10.740176
1	8	8	0.391	1	0:00:10.796839
2	8	8	0.391	1	0:00:10.936403
3	0	0	0.391	1	0:00:11.534487
4	6	6	0.362	1	0:00:11.598781
5	6	3	0.061	0	0:00:11.135445
6	1	9	0.253	0	0:00:11.595822
7	6	2	0.215	0	0:00:11.695564
8	3	2	0.0782	0	0:00:11.632641
9	1	9	0.391	0	0:00:11.599376
10	0	0	0.221	1	0:00:11.456711
11	9	9	0.391	1	0:00:11.314133
12	5	3	0.242	0	0:00:11.591222
13	7	5	0.146	0	0:00:11.230014
14	9	9	0.391	1	0:00:11.323866
15	8	0	0.0915	0	0:00:11.553413
16	5	5	0.391	1	0:00:11.482527
17	7	7	0.391	1	0:00:11.411315
18	8	8	0.277	1	0:00:11.613477
19	6	6	0.391	1	0:00:11.656240
20	7	7	0.391	1	0:00:11.300038
21	0	0	0.00959	1	0:00:11.581505
22	4	4	0.391	1	0:00:11.470248
23	9	9	0.391	1	0:00:11.572833
24	5	4	0.103	0	0:00:11.539196
25	2	3	0.0957	0	0:00:11.540987
26	4	4	0.123	1	0:00:11.530321
27	0	4	0.391	0	0:00:11.349139
28	9	9	0.391	1	0:00:11.332657
29	6	2	0.293	0	0:00:11.725279
30	6	5	0.239	0	0:00:11.668159
31	5	4	0.189	0	0:00:11.519497
32	4	4	0.368	1	0:00:11.650198
33	5	5	0.391	1	0:00:11.496970
34	9	9	0.391	1	0:00:11.677084
35	2	5	0.391	0	0:00:11.639340
36	4	5	0.0984	0	0:00:11.612357
37	1	1	0.214	1	0:00:11.327151
38	9	9	0.391	1	0:00:11.592657
39	5	5	0.0755	1	0:00:11.638134
40	4	4	0.272	1	0:00:11.316809
41	6	3	0.099	0	0:00:11.441449
42	5	5	0.391	1	0:00:11.679043
43	6	6	0.391	1	0:00:11.672501
44	0	0	0.107	1	0:00:11.663043
45	9	9	0.391	1	0:00:11.500848
46	3	5	0.376	0	0:00:11.600882
47	9	-1	0.0	0	0:00:11.659397
48	7	5	0.053	0	0:00:11.623344
49	6	2	0.227	0	0:00:11.558862
50	9	5	0.391	0	0:00:11.516611
51	8	0	0.169	0	0:00:11.601727
52	0	4	0.368	0	0:00:11.613645
53	3	5	0.356	0	0:00:11.588332
54	8	8	0.391	1	0:00:11.626642
55	8	8	0.362	1	0:00:11.583839
56	7	5	0.391	0	0:00:11.481556
57	7	5	0.382	0	0:00:11.345845
58	4	4	0.232	1	0:00:11.670778
59	6	3	0.203	0	0:00:11.497726
60	7	7	0.391	1	0:00:11.597814
61	3	5	0.336	0	0:00:11.694838
62	6	-1	0.0	0	0:00:11.466386
63	3	9	0.23	0	0:00:11.545134
64	6	3	0.129	0	0:00:11.380587
65	2	2	0.382	1	0:00:11.452616
66	1	0	0.0168	0	0:00:11.492879
67	2	4	0.391	0	0:00:11.259536
68	3	5	0.391	0	0:00:11.595144
69	7	9	0.0423	0	0:00:11.406886
70	2	4	0.33	0	0:00:11.648586
71	6	6	0.177	1	0:00:11.623744
72	8	8	0.11	1	0:00:11.384633
73	8	8	0.391	1	0:00:11.425824
74	0	4	0.282	0	0:00:11.317300
75	2	3	0.0872	0	0:00:11.452301
76	9	9	0.18	1	0:00:11.655480
77	3	5	0.391	0	0:00:11.266140
78	3	5	0.391	0	0:00:11.660028
79	8	-1	0.0	0	0:00:11.622414
80	8	8	0.391	1	0:00:11.286116
81	1	1	0.372	1	0:00:11.303178
82	1	1	0.391	1	0:00:11.287923
83	7	7	0.194	1	0:00:11.497846
84	2	5	0.333	0	0:00:11.252049
85	5	7	0.391	0	0:00:11.613365
86	2	4	0.0558	0	0:00:11.639863
87	7	4	0.231	0	0:00:11.465376
88	8	8	0.0803	1	0:00:11.265158
89	9	-1	0.0	0	0:00:11.439103
90	0	1	0.0796	0	0:00:11.432229
91	3	-1	0.0	0	0:00:11.238929
92	8	8	0.391	1	0:00:11.524815
93	6	6	0.202	1	0:00:11.519723
94	4	4	0.368	1	0:00:11.630786
95	6	3	0.0889	0	0:00:11.339926
96	6	6	0.391	1	0:00:11.658699
97	0	0	0.391	1	0:00:11.517320
98	0	0	0.0966	1	0:00:11.413225
99	7	7	0.391	1	0:00:11.625821
100	4	4	0.255	1	0:00:11.453405
101	5	9	0.209	0	0:00:11.375028
102	6	-1	0.0	0	0:00:11.687933
103	3	5	0.391	0	0:00:11.688920
104	1	1	0.391	1	0:00:11.522185
105	1	1	0.391	1	0:00:11.647108
106	3	3	0.391	1	0:00:11.576945
107	6	6	0.362	1	0:00:11.508673
108	8	8	0.391	1	0:00:11.660802
109	7	5	0.391	0	0:00:11.674925
110	4	4	0.209	1	0:00:11.187321
111	0	0	0.391	1	0:00:11.656025
112	6	3	0.059	0	0:00:11.580468
113	2	4	0.275	0	0:00:11.707164
114	1	1	0.391	1	0:00:11.677423
115	3	4	0.0288	0	0:00:11.373004
116	0	0	0.391	1	0:00:11.557845
117	4	4	0.382	1	0:00:11.663082
118	2	3	0.391	0	0:00:11.587795
119	7	5	0.391	0	0:00:11.650091
120	8	8	0.391	1	0:00:11.645266
121	3	4	0.204	0	0:00:11.531121
122	1	1	0.391	1	0:00:11.677930
123	2	3	0.084	0	0:00:11.355074
124	8	8	0.354	1	0:00:11.656480
125	0	4	0.312	0	0:00:11.586292
126	8	0	0.158	0	0:00:11.504765
127	3	5	0.391	0	0:00:11.606898
128	5	5	0.306	1	0:00:11.725620
129	2	4	0.155	0	0:00:11.670703
130	4	4	0.391	1	0:00:11.594804
131	1	1	0.285	1	0:00:11.592271
132	8	9	0.17	0	0:00:11.627438
133	9	1	0.34	0	0:00:11.601429
134	1	1	0.281	1	0:00:11.322090
135	2	5	0.0872	0	0:00:11.536410
136	9	9	0.382	1	0:00:11.649483
137	7	7	0.354	1	0:00:11.541494
138	2	4	0.365	0	0:00:11.685637
139	9	8	0.391	0	0:00:11.644924
140	6	6	0.304	1	0:00:11.617126
141	5	5	0.391	1	0:00:11.383126
142	6	6	0.391	1	0:00:11.551674
143	3	5	0.382	0	0:00:11.469367
144	8	8	0.362	1	0:00:11.385751
145	7	7	0.116	1	0:00:11.441603
146	6	5	0.135	0	0:00:11.662508
147	2	5	0.391	0	0:00:11.627107
148	5	5	0.288	1	0:00:11.434505
149	2	4	0.391	0	0:00:11.254982
150	8	0	0.0194	0	0:00:11.489475
151	9	9	0.391	1	0:00:11.481501
152	6	-1	0.0	0	0:00:11.372589
153	0	0	0.0304	1	0:00:11.568244
154	0	0	0.224	1	0:00:11.695815
155	5	3	0.209	0	0:00:11.479352
156	2	2	0.194	1	0:00:11.465080
157	9	9	0.391	1	0:00:11.500576
158	5	4	0.382	0	0:00:11.576684
159	4	4	0.382	1	0:00:11.397169
160	2	4	0.391	0	0:00:11.643206
161	1	1	0.391	1	0:00:11.363849
162	6	5	0.391	0	0:00:11.461155
163	6	6	0.391	1	0:00:11.678280
164	8	0	0.0222	0	0:00:11.514326
165	4	4	0.206	1	0:00:11.530282
166	8	8	0.391	1	0:00:11.672779
167	4	4	0.309	1	0:00:11.586317
168	5	5	0.0559	1	0:00:11.628728
169	0	0	0.391	1	0:00:11.451761
170	9	9	0.391	1	0:00:11.658200
171	9	7	0.391	0	0:00:11.410645
172	9	8	0.111	0	0:00:11.594938
173	8	-1	0.0	0	0:00:11.656142
174	9	9	0.391	1	0:00:11.630145
175	9	9	0.391	1	0:00:11.713418
176	3	2	0.154	0	0:00:11.583977
177	7	7	0.266	1	0:00:11.563369
178	5	5	0.391	1	0:00:11.657428
179	0	0	0.391	1	0:00:11.521202
180	0	4	0.391	0	0:00:11.645468
181	5	5	0.382	1	0:00:11.705722
182	2	6	0.333	0	0:00:11.686781
183	2	4	0.356	0	0:00:11.535770
184	3	4	0.282	0	0:00:11.286208
185	8	8	0.391	1	0:00:11.584161
186	6	3	0.108	0	0:00:11.600540
187	3	5	0.189	0	0:00:11.671223
188	4	5	0.391	0	0:00:11.536155
189	0	0	0.268	1	0:00:11.677857
190	5	4	0.391	0	0:00:11.670453
191	8	9	0.055	0	0:00:11.642661
192	0	4	0.391	0	0:00:11.597279
193	1	1	0.391	1	0:00:11.410755
194	7	5	0.277	0	0:00:11.588836
195	2	4	0.391	0	0:00:11.233168
196	8	8	0.391	1	0:00:11.516984
197	8	8	0.19	1	0:00:11.569205
198	7	-1	0.0	0	0:00:11.681814
199	8	8	0.391	1	0:00:11.434785
200	5	5	0.391	1	0:00:11.416826
201	1	0	0.148	0	0:00:11.376176
202	8	8	0.147	1	0:00:11.640978
203	7	7	0.391	1	0:00:11.615221
204	1	1	0.391	1	0:00:11.615717
205	3	-1	0.0	0	0:00:11.449882
206	0	8	0.282	0	0:00:11.636896
207	5	-1	0.0	0	0:00:11.455867
208	7	7	0.391	1	0:00:11.219184
209	9	9	0.14	1	0:00:11.540940
210	7	5	0.246	0	0:00:11.566841
211	4	9	0.0726	0	0:00:11.695347
212	5	5	0.391	1	0:00:11.190034
213	9	7	0.0114	0	0:00:11.663994
214	8	0	0.214	0	0:00:11.676252
215	0	0	0.391	1	0:00:11.534963
216	7	7	0.391	1	0:00:11.625542
217	9	9	0.391	1	0:00:11.582491
218	8	4	0.198	0	0:00:11.530568
219	2	4	0.352	0	0:00:11.430227
220	7	7	0.391	1	0:00:11.589829
221	6	5	0.105	0	0:00:11.665736
222	9	9	0.391	1	0:00:11.683001
223	4	4	0.0945	1	0:00:11.688138
224	3	5	0.391	0	0:00:11.539951
225	9	9	0.164	1	0:00:11.681591
226	6	4	0.174	0	0:00:11.515100
227	4	4	0.0473	1	0:00:11.566743
228	7	5	0.362	0	0:00:11.544171
229	6	5	0.207	0	0:00:11.599706
230	5	5	0.391	1	0:00:11.619982
231	1	1	0.391	1	0:00:11.476895
232	5	5	0.391	1	0:00:11.592666
233	8	1	0.32	0	0:00:11.249029
234	8	8	0.391	1	0:00:11.654942
235	0	0	0.391	1	0:00:11.683752
236	4	4	0.391	1	0:00:11.720743
237	0	4	0.17	0	0:00:11.588375
238	5	5	0.0996	1	0:00:11.531096
239	5	4	0.13	0	0:00:11.357460
240	1	1	0.391	1	0:00:11.719335
241	1	1	0.201	1	0:00:11.346373
242	8	4	0.0198	0	0:00:11.384629
243	9	9	0.391	1	0:00:11.381074
244	0	4	0.111	0	0:00:11.688612
245	3	3	0.382	1	0:00:11.626714
246	1	1	0.391	1	0:00:11.714898
247	9	8	0.28	0	0:00:11.450259
248	2	4	0.391	0	0:00:11.475667
249	2	4	0.391	0	0:00:11.656002
250	5	5	0.391	1	0:00:11.628931
251	3	5	0.391	0	0:00:11.596586
252	9	9	0.391	1	0:00:11.512579
253	9	9	0.0575	1	0:00:11.597779
254	4	2	0.391	0	0:00:11.641714
255	0	0	0.0485	1	0:00:11.228638
256	3	2	0.128	0	0:00:11.533362
257	0	0	0.391	1	0:00:11.664611
258	0	0	0.292	1	0:00:11.533903
259	9	9	0.391	1	0:00:11.502071
260	8	8	0.106	1	0:00:11.719203
261	1	9	0.194	0	0:00:11.606185
262	5	3	0.34	0	0:00:11.622716
263	7	5	0.229	0	0:00:11.574598
264	0	0	0.135	1	0:00:11.612413
265	8	8	0.391	1	0:00:11.574608
266	2	0	0.0133	0	0:00:11.424491
267	4	4	0.391	1	0:00:11.719527
268	7	7	0.29	1	0:00:11.633494
269	0	4	0.391	0	0:00:11.599654
270	2	4	0.391	0	0:00:11.628882
271	3	3	0.0861	1	0:00:11.497127
272	6	6	0.333	1	0:00:11.613745
273	3	3	0.279	1	0:00:11.367061
274	8	8	0.217	1	0:00:11.681701
275	5	5	0.222	1	0:00:11.562245
276	0	9	0.165	0	0:00:11.602497
277	3	4	0.304	0	0:00:11.411087
278	4	4	0.0368	1	0:00:11.675867
279	3	5	0.391	0	0:00:11.608604
280	9	9	0.391	1	0:00:11.646085
281	0	3	0.161	0	0:00:11.681544
282	6	6	0.18	1	0:00:11.565857
283	1	1	0.391	1	0:00:11.599732
284	0	9	0.242	0	0:00:11.656271
285	9	9	0.391	1	0:00:11.488123
286	1	-1	0.0	0	0:00:11.532148
287	0	8	0.391	0	0:00:11.103317
288	7	7	0.391	1	0:00:11.418671
289	9	9	0.391	1	0:00:11.610574
290	1	1	0.391	1	0:00:11.537687
291	2	4	0.391	0	0:00:11.354088
292	6	6	0.354	1	0:00:11.665143
293	9	9	0.391	1	0:00:11.546587
294	3	5	0.0825	0	0:00:11.397024
295	4	2	0.241	0	0:00:11.443193
296	6	6	0.112	1	0:00:11.478066
297	0	0	0.391	1	0:00:11.573381
298	0	0	0.391	1	0:00:11.336939
299	6	6	0.244	1	0:00:11.521533
300	6	6	0.23	1	0:00:11.583812
301	6	6	0.391	1	0:00:11.690537
302	3	-1	0.0	0	0:00:11.515772
303	2	3	0.25	0	0:00:11.496171
304	6	-1	0.0	0	0:00:11.620166
305	1	8	0.0273	0	0:00:11.555504
306	8	9	0.315	0	0:00:11.508571
307	2	4	0.391	0	0:00:11.662135
308	1	1	0.391	1	0:00:11.250063
309	6	4	0.391	0	0:00:11.295655
310	8	8	0.32	1	0:00:11.335367
311	6	6	0.391	1	0:00:11.632579
312	8	0	0.123	0	0:00:11.674192
313	0	4	0.391	0	0:00:11.625629
314	4	5	0.391	0	0:00:11.544577
315	0	0	0.391	1	0:00:11.539428
316	7	5	0.391	0	0:00:11.431443
317	7	7	0.101	1	0:00:11.447028
318	5	5	0.391	1	0:00:11.715907
319	5	5	0.33	1	0:00:11.423878
320	3	5	0.356	0	0:00:11.658112
321	5	3	0.181	0	0:00:11.669326
322	2	3	0.368	0	0:00:11.544345
323	3	2	0.32	0	0:00:11.625074
324	4	5	0.391	0	0:00:11.478467
325	1	1	0.391	1	0:00:11.712283
326	7	4	0.391	0	0:00:11.450286
327	5	5	0.391	1	0:00:11.526152
328	4	-1	0.0	0	0:00:11.257924
329	6	2	0.0261	0	0:00:11.685343
330	1	1	0.391	1	0:00:11.632396
331	9	9	0.391	1	0:00:11.664418
332	3	6	0.127	0	0:00:11.251549
333	6	6	0.391	1	0:00:11.728694
334	6	6	0.309	1	0:00:11.612486
335	9	9	0.391	1	0:00:11.606736
336	3	3	0.0977	1	0:00:11.442321
337	8	8	0.391	1	0:00:11.695578
338	0	4	0.308	0	0:00:11.675561
339	7	9	0.137	0	0:00:11.578030
340	2	4	0.291	0	0:00:11.440091
341	6	3	0.0127	0	0:00:11.300281
342	2	4	0.391	0	0:00:11.480290
343	5	5	0.315	1	0:00:11.450413
344	8	8	0.391	1	0:00:11.728077
345	5	5	0.391	1	0:00:11.609044
346	4	5	0.173	0	0:00:11.395975
347	6	4	0.156	0	0:00:11.630305
348	8	8	0.391	1	0:00:11.631925
349	9	9	0.342	1	0:00:11.451828
350	9	9	0.179	1	0:00:11.607624
351	1	1	0.391	1	0:00:11.523112
352	0	8	0.193	0	0:00:11.112857
353	2	4	0.391	0	0:00:11.655717
354	2	4	0.174	0	0:00:11.562017
355	7	5	0.391	0	0:00:11.617322
356	3	4	0.391	0	0:00:11.684616
357	2	5	0.0651	0	0:00:11.456037
358	8	8	0.198	1	0:00:11.688158
359	0	0	0.139	1	0:00:11.568076
360	9	9	0.391	1	0:00:11.607608
361	5	5	0.391	1	0:00:11.487969
362	8	8	0.391	1	0:00:11.586497
363	1	8	0.349	0	0:00:11.425994
364	9	1	0.36	0	0:00:11.548696
365	4	4	0.391	1	0:00:11.546719
366	1	1	0.117	1	0:00:11.713566
367	3	3	0.0275	1	0:00:11.419374
368	8	4	0.391	0	0:00:11.642962
369	1	1	0.376	1	0:00:11.498666
370	4	2	0.346	0	0:00:11.690571
371	7	7	0.391	1	0:00:11.363124
372	9	9	0.391	1	0:00:11.414646
373	4	4	0.391	1	0:00:11.666078
374	2	2	0.24	1	0:00:11.661662
375	7	4	0.0843	0	0:00:11.679319
376	0	-1	0.0	0	0:00:11.547388
377	7	4	0.251	0	0:00:11.529934
378	0	4	0.208	0	0:00:11.708401
379	6	6	0.391	1	0:00:11.639210
380	6	6	0.179	1	0:00:11.638558
381	9	9	0.391	1	0:00:11.092368
382	0	0	0.391	1	0:00:11.444730
383	9	8	0.184	0	0:00:11.546696
384	2	4	0.161	0	0:00:11.624889
385	8	0	0.391	0	0:00:11.569879
386	7	7	0.253	1	0:00:11.522745
387	2	5	0.000435	0	0:00:11.233196
388	2	5	0.391	0	0:00:11.596748
389	5	5	0.391	1	0:00:11.620251
390	1	1	0.391	1	0:00:11.468037
391	2	4	0.391	0	0:00:11.718865
392	6	6	0.382	1	0:00:11.580021
393	2	5	0.382	0	0:00:11.518137
394	9	9	0.391	1	0:00:11.504580
395	6	2	0.031	0	0:00:11.547036
396	2	4	0.382	0	0:00:11.585173
397	3	5	0.0736	0	0:00:11.531792
398	0	8	0.391	0	0:00:11.383732
399	3	1	0.391	0	0:00:11.657282
400	9	9	0.391	1	0:00:11.549356
401	8	8	0.0153	1	0:00:11.440254
402	7	7	0.0198	1	0:00:11.704713
403	8	8	0.391	1	0:00:11.665676
404	8	8	0.391	1	0:00:11.616687
405	4	4	0.129	1	0:00:11.578730
406	0	0	0.391	1	0:00:11.530589
407	1	1	0.253	1	0:00:11.392354
408	8	8	0.204	1	0:00:11.557811
409	2	2	0.139	1	0:00:11.493715
410	7	0	0.147	0	0:00:11.732917
411	9	8	0.294	0	0:00:11.640853
412	3	5	0.224	0	0:00:11.680953
413	6	6	0.391	1	0:00:11.533189
414	1	1	0.391	1	0:00:11.615784
415	9	9	0.391	1	0:00:11.520718
416	0	4	0.391	0	0:00:11.355192
417	7	5	0.0772	0	0:00:11.341749
418	3	5	0.391	0	0:00:11.603056
419	7	4	0.15	0	0:00:11.531218
420	4	3	0.236	0	0:00:11.233040
421	5	5	0.362	1	0:00:11.369635
422	0	0	0.0593	1	0:00:11.540929
423	0	0	0.151	1	0:00:11.574224
424	2	4	0.391	0	0:00:11.668723
425	9	9	0.391	1	0:00:11.552970
426	3	5	0.391	0	0:00:11.368604
427	4	3	0.0614	0	0:00:11.616760
428	0	4	0.0919	0	0:00:11.626656
429	6	6	0.391	1	0:00:11.580815
430	2	5	0.315	0	0:00:11.293019
431	5	5	0.391	1	0:00:11.715073
432	3	3	0.0217	1	0:00:11.564597
433	7	5	0.391	0	0:00:11.626065
434	3	9	0.0534	0	0:00:11.627675
435	7	5	0.195	0	0:00:11.681797
436	2	5	0.135	0	0:00:11.340907
437	5	2	0.118	0	0:00:11.345974
438	3	5	0.391	0	0:00:11.628868
439	1	9	0.254	0	0:00:11.546659
440	1	1	0.382	1	0:00:11.549513
441	4	4	0.391	1	0:00:11.282702
442	9	9	0.391	1	0:00:11.619465
443	9	9	0.391	1	0:00:11.696039
444	5	5	0.0466	1	0:00:11.706285
445	7	4	0.187	0	0:00:11.567835
446	5	4	0.338	0	0:00:11.517278
447	0	0	0.391	1	0:00:11.570714
448	2	4	0.391	0	0:00:11.538139
449	2	4	0.391	0	0:00:11.570016
450	2	4	0.287	0	0:00:11.254544
451	9	1	0.391	0	0:00:11.667681
452	7	7	0.36	1	0:00:11.642420
453	3	5	0.0403	0	0:00:11.629489
454	9	9	0.154	1	0:00:11.648489
455	4	-1	0.0	0	0:00:11.659956
456	3	2	0.0993	0	0:00:11.605584
457	5	5	0.224	1	0:00:11.593038
458	4	6	0.171	0	0:00:11.517332
459	6	3	0.0921	0	0:00:11.696377
460	5	5	0.391	1	0:00:11.585071
461	6	6	0.215	1	0:00:11.405963
462	1	1	0.162	1	0:00:11.559299
463	4	2	0.0574	0	0:00:11.509973
464	3	5	0.391	0	0:00:11.386209
465	4	4	0.055	1	0:00:11.718949
466	4	5	0.138	0	0:00:11.681515
467	3	5	0.252	0	0:00:11.582851
468	7	7	0.391	1	0:00:11.635217
469	8	8	0.391	1	0:00:11.623611
470	3	2	0.112	0	0:00:11.552428
471	7	7	0.245	1	0:00:11.578408
472	8	8	0.391	1	0:00:11.605152
473	0	0	0.0829	1	0:00:11.619228
474	5	5	0.391	1	0:00:11.572009
475	7	7	0.391	1	0:00:11.546425
476	6	2	0.173	0	0:00:11.561795
477	0	8	0.298	0	0:00:11.669892
478	5	5	0.0627	1	0:00:11.687068
479	4	4	0.0696	1	0:00:11.664122
480	8	9	0.272	0	0:00:11.498984
481	6	6	0.391	1	0:00:11.561276
482	8	8	0.262	1	0:00:11.701632
483	5	-1	0.0	0	0:00:11.470051
484	5	5	0.198	1	0:00:11.673802
485	9	0	0.338	0	0:00:11.710230
486	9	9	0.285	1	0:00:11.581201
487	9	9	0.391	1	0:00:11.617382
488	5	4	0.14	0	0:00:11.184149
489	0	0	0.352	1	0:00:11.605355
490	1	1	0.391	1	0:00:11.409539
491	0	4	0.391	0	0:00:11.646073
492	8	0	0.391	0	0:00:11.512070
493	1	1	0.391	1	0:00:11.648282
494	1	8	0.222	0	0:00:11.621732
495	8	8	0.391	1	0:00:11.591727
496	0	0	0.391	1	0:00:11.584508
497	2	4	0.391	0	0:00:11.571467
498	2	4	0.391	0	0:00:11.548819
499	0	0	0.201	1	0:00:11.267856
500	4	3	0.168	0	0:00:11.697162
501	6	6	0.376	1	0:00:11.450925
502	5	3	0.00722	0	0:00:11.336721
503	4	4	0.0757	1	0:00:11.455588
504	9	9	0.273	1	0:00:11.628335
505	4	4	0.391	1	0:00:11.446690
506	7	7	0.391	1	0:00:11.574537
507	9	9	0.391	1	0:00:11.666560
508	9	5	0.239	0	0:00:11.552029
509	4	4	0.391	1	0:00:11.266884
510	5	5	0.391	1	0:00:11.607504
511	6	6	0.391	1	0:00:11.513494
512	6	6	0.391	1	0:00:11.502971
513	1	1	0.391	1	0:00:11.468363
514	5	5	0.391	1	0:00:11.474633
515	3	3	0.0222	1	0:00:11.371799
516	8	8	0.391	1	0:00:11.574698
517	9	9	0.391	1	0:00:11.684636
518	5	5	0.391	1	0:00:11.486187
519	8	1	0.0455	0	0:00:11.624881
520	5	5	0.391	1	0:00:11.538089
521	7	7	0.391	1	0:00:11.493462
522	0	8	0.178	0	0:00:11.609945
523	7	7	0.372	1	0:00:11.544750
524	0	0	0.171	1	0:00:11.439408
525	5	2	0.0477	0	0:00:11.453953
526	0	4	0.391	0	0:00:11.726023
527	0	0	0.391	1	0:00:11.637966
528	4	0	0.372	0	0:00:11.473127
529	6	6	0.391	1	0:00:11.664944
530	9	9	0.0213	1	0:00:11.654500
531	0	4	0.0745	0	0:00:11.579993
532	9	1	0.0297	0	0:00:11.714573
533	5	5	0.391	1	0:00:11.609689
534	6	2	0.0672	0	0:00:11.617398
535	6	6	0.255	1	0:00:11.605566
536	6	6	0.277	1	0:00:11.674852
537	2	-1	0.0	0	0:00:11.613494
538	9	9	0.224	1	0:00:11.664682
539	0	8	0.217	0	0:00:11.701897
540	1	1	0.382	1	0:00:11.499095
541	7	7	0.391	1	0:00:11.726927
542	6	6	0.391	1	0:00:11.521572
543	7	7	0.391	1	0:00:11.346215
544	5	5	0.391	1	0:00:11.589056
545	9	9	0.391	1	0:00:11.738508
546	1	1	0.391	1	0:00:11.529091
547	6	6	0.204	1	0:00:11.538996
548	2	2	0.179	1	0:00:11.306731
549	5	5	0.263	1	0:00:11.427258
550	5	2	0.12	0	0:00:11.592977
551	5	3	0.237	0	0:00:11.621604
552	8	8	0.113	1	0:00:11.634975
553	5	5	0.199	1	0:00:11.511665
554	9	9	0.345	1	0:00:11.607382
555	4	0	0.263	0	0:00:11.579181
556	6	6	0.124	1	0:00:11.542799
557	4	5	0.391	0	0:00:11.378994
558	3	5	0.272	0	0:00:11.622119
559	2	4	0.391	0	0:00:11.626866
560	0	0	0.349	1	0:00:11.599727
561	7	4	0.155	0	0:00:11.551606
562	6	-1	0.0	0	0:00:11.535384
563	2	4	0.391	0	0:00:11.634967
564	2	2	0.391	1	0:00:11.567942
565	3	3	0.207	1	0:00:11.722965
566	9	9	0.391	1	0:00:11.642041
567	7	5	0.391	0	0:00:11.553027
568	9	5	0.0105	0	0:00:11.663998
569	2	4	0.382	0	0:00:11.634924
570	6	3	0.0844	0	0:00:11.502622
571	7	7	0.391	1	0:00:11.639233
572	1	1	0.136	1	0:00:11.441614
573	3	5	0.00908	0	0:00:11.606760
574	6	5	0.333	0	0:00:11.593472
575	6	6	0.204	1	0:00:11.623209
576	8	8	0.391	1	0:00:11.623538
577	9	8	0.251	0	0:00:11.617717
578	7	5	0.0276	0	0:00:11.674775
579	5	5	0.376	1	0:00:11.613447
580	4	2	0.0336	0	0:00:11.370217
581	0	0	0.391	1	0:00:11.657043
582	8	8	0.391	1	0:00:11.708151
583	4	4	0.391	1	0:00:11.698777
584	0	0	0.391	1	0:00:11.390743
585	9	1	0.219	0	0:00:11.556647
586	3	3	0.18	1	0:00:11.571905
587	4	4	0.391	1	0:00:11.622998
588	8	8	0.391	1	0:00:11.527769
589	9	9	0.391	1	0:00:11.568668
590	6	6	0.11	1	0:00:11.509761
591	9	9	0.391	1	0:00:11.632663
592	2	4	0.382	0	0:00:11.458627
593	6	-1	0.0	0	0:00:11.694890
594	1	1	0.391	1	0:00:11.242068
595	4	4	0.102	1	0:00:11.420852
596	7	7	0.382	1	0:00:11.559758
597	3	5	0.0301	0	0:00:11.615785
598	5	5	0.137	1	0:00:11.497089
599	3	5	0.302	0	0:00:11.613174
600	8	8	0.274	1	0:00:11.546629
601	5	5	0.391	1	0:00:11.647820
602	0	0	0.391	1	0:00:11.423242
603	2	2	0.11	1	0:00:11.518707
604	1	1	0.391	1	0:00:11.590185
605	6	6	0.391	1	0:00:11.452511
606	4	3	0.156	0	0:00:11.628768
607	3	5	0.206	0	0:00:11.617638
608	3	5	0.391	0	0:00:11.685555
609	9	9	0.391	1	0:00:11.608144
610	6	6	0.382	1	0:00:11.397860
611	9	9	0.391	1	0:00:11.668064
612	8	1	0.0335	0	0:00:11.299962
613	8	8	0.391	1	0:00:11.598329
614	5	5	0.231	1	0:00:11.496543
615	8	3	0.0907	0	0:00:11.704213
616	6	6	0.352	1	0:00:11.485575
617	6	3	0.134	0	0:00:11.440911
618	2	4	0.391	0	0:00:11.641979
619	1	1	0.391	1	0:00:11.549519
620	7	7	0.309	1	0:00:11.693158
621	7	7	0.183	1	0:00:11.649414
622	1	1	0.391	1	0:00:11.534049
623	2	-1	0.0	0	0:00:11.635797
624	7	5	0.141	0	0:00:11.593664
625	9	9	0.205	1	0:00:11.613447
626	9	1	0.391	0	0:00:11.615531
627	4	4	0.368	1	0:00:11.540116
628	4	7	0.062	0	0:00:11.482878
629	1	1	0.391	1	0:00:11.313964
630	2	0	0.0279	0	0:00:11.682602
631	5	5	0.391	1	0:00:11.733664
632	6	3	0.0712	0	0:00:11.637525
633	8	4	0.391	0	0:00:11.491752
634	7	5	0.376	0	0:00:11.330413
635	6	6	0.203	1	0:00:11.634685
636	8	9	0.286	0	0:00:11.621181
637	3	2	0.00543	0	0:00:11.664746
638	0	8	0.391	0	0:00:11.629917
639	5	5	0.391	1	0:00:11.523845
640	5	5	0.17	1	0:00:11.673990
641	3	2	0.211	0	0:00:11.641315
642	0	0	0.193	1	0:00:11.595580
643	7	7	0.391	1	0:00:11.660024
644	9	9	0.247	1	0:00:11.637440
645	1	1	0.188	1	0:00:11.661730
646	3	5	0.391	0	0:00:11.595511
647	4	4	0.391	1	0:00:11.570870
648	4	-1	0.0	0	0:00:11.642061
649	5	3	0.0363	0	0:00:11.681789
650	3	5	0.391	0	0:00:11.629804
651	9	9	0.382	1	0:00:11.721442
652	5	5	0.195	1	0:00:11.700323
653	6	2	0.12	0	0:00:11.638198
654	9	9	0.262	1	0:00:11.708776
655	2	4	0.289	0	0:00:11.634826
656	1	1	0.309	1	0:00:11.716581
657	1	9	0.365	0	0:00:11.675459
658	4	4	0.247	1	0:00:11.640419
659	1	1	0.391	1	0:00:11.579108
660	9	9	0.391	1	0:00:11.707695
661	4	4	0.184	1	0:00:11.648599
662	7	7	0.391	1	0:00:11.644784
663	6	6	0.391	1	0:00:11.641422
664	3	3	0.2	1	0:00:11.259862
665	8	8	0.391	1	0:00:11.398738
666	9	9	0.144	1	0:00:11.715895
667	0	8	0.391	0	0:00:11.708944
668	1	1	0.391	1	0:00:11.599332
669	3	5	0.391	0	0:00:11.581576
670	6	6	0.321	1	0:00:11.341201
671	3	-1	0.0	0	0:00:11.717902
672	6	1	0.162	0	0:00:11.631577
673	3	5	0.321	0	0:00:11.664489
674	2	4	0.391	0	0:00:11.550678
675	0	8	0.382	0	0:00:11.237000
676	3	-1	0.0	0	0:00:11.216688
677	1	1	0.167	1	0:00:11.567366
678	0	4	0.391	0	0:00:11.622349
679	5	5	0.391	1	0:00:11.632389
680	9	9	0.0479	1	0:00:11.626214
681	6	6	0.0611	1	0:00:11.513069
682	4	9	0.303	0	0:00:11.483577
683	8	8	0.214	1	0:00:11.609253
684	9	9	0.151	1	0:00:11.440706
685	6	4	0.391	0	0:00:11.593564
686	9	5	0.275	0	0:00:11.497535
687	6	5	0.205	0	0:00:11.443955
688	3	2	0.123	0	0:00:11.531455
689	0	-1	0.0	0	0:00:11.657408
690	3	5	0.115	0	0:00:11.420813
691	2	3	0.0199	0	0:00:11.700341
692	2	4	0.391	0	0:00:11.336325
693	7	7	0.391	1	0:00:11.700950
694	8	0	0.274	0	0:00:11.499215
695	3	4	0.391	0	0:00:11.717186
696	8	8	0.391	1	0:00:11.598268
697	2	2	0.0917	1	0:00:11.455064
698	7	5	0.017	0	0:00:11.436810
699	5	5	0.314	1	0:00:11.550924
700	7	7	0.0575	1	0:00:11.719235
701	2	0	0.391	0	0:00:11.668657
702	4	5	0.169	0	0:00:11.643926
703	8	2	0.00213	0	0:00:11.598929
704	7	5	0.283	0	0:00:11.560903
705	4	2	0.0391	0	0:00:11.668128
706	2	0	0.276	0	0:00:11.605904
707	9	9	0.391	1	0:00:11.705005
708	8	0	0.231	0	0:00:11.463478
709	8	8	0.391	1	0:00:11.713425
710	6	5	0.0449	0	0:00:11.662616
711	8	8	0.0938	1	0:00:11.551015
712	8	8	0.391	1	0:00:11.625599
713	7	3	0.292	0	0:00:11.679445
714	4	-1	0.0	0	0:00:11.651990
715	3	5	0.391	0	0:00:11.641794
716	3	4	0.243	0	0:00:11.293104
717	8	8	0.124	1	0:00:11.561829
718	4	2	0.136	0	0:00:11.691879
719	9	8	0.156	0	0:00:11.572477
720	4	9	0.0797	0	0:00:11.708683
721	8	8	0.391	1	0:00:11.638103
722	8	8	0.391	1	0:00:11.609128
723	1	1	0.391	1	0:00:11.234941
724	8	8	0.391	1	0:00:11.560468
725	2	8	0.304	0	0:00:11.703935
726	1	1	0.391	1	0:00:11.688238
727	3	5	0.231	0	0:00:11.576407
728	6	2	0.00653	0	0:00:11.613327
729	5	5	0.0956	1	0:00:11.585185
730	4	9	0.0459	0	0:00:11.650575
731	2	0	0.391	0	0:00:11.474931
732	7	7	0.391	1	0:00:11.544128
733	9	9	0.0437	1	0:00:11.467485
734	9	9	0.391	1	0:00:11.593594
735	4	4	0.391	1	0:00:11.716338
736	1	9	0.138	0	0:00:11.430929
737	4	4	0.391	1	0:00:11.492642
738	1	1	0.029	1	0:00:11.706695
739	3	5	0.391	0	0:00:11.614555
740	2	5	0.391	0	0:00:11.576043
741	7	7	0.391	1	0:00:11.654282
742	0	0	0.131	1	0:00:11.362927
743	7	7	0.391	1	0:00:11.666176
744	9	5	0.163	0	0:00:11.644633
745	7	7	0.269	1	0:00:11.675591
746	6	2	0.203	0	0:00:11.640014
747	6	6	0.283	1	0:00:11.567140
748	2	4	0.221	0	0:00:11.402537
749	5	5	0.391	1	0:00:11.655548
750	9	9	0.0394	1	0:00:11.638944
751	2	4	0.382	0	0:00:11.573806
752	9	9	0.391	1	0:00:11.630664
753	1	1	0.391	1	0:00:11.572404
754	2	2	0.0189	1	0:00:11.732752
755	2	4	0.391	0	0:00:11.543859
756	6	6	0.193	1	0:00:11.566458
757	8	8	0.015	1	0:00:11.735521
758	2	4	0.205	0	0:00:11.437377
759	1	1	0.391	1	0:00:11.437598
760	3	5	0.231	0	0:00:11.425991
761	6	2	0.0633	0	0:00:11.502449
762	6	3	0.0443	0	0:00:11.351517
763	0	4	0.391	0	0:00:11.576101
764	1	1	0.391	1	0:00:11.661919
765	2	2	0.2	1	0:00:11.672821
766	7	4	0.391	0	0:00:11.538640
767	0	9	0.391	0	0:00:11.556804
768	5	5	0.149	1	0:00:11.382985
769	4	4	0.285	1	0:00:11.478714
770	6	5	0.117	0	0:00:11.697568
771	1	1	0.2	1	0:00:11.333507
772	6	6	0.276	1	0:00:11.245177
773	4	3	0.127	0	0:00:11.693213
774	0	0	0.262	1	0:00:11.596790
775	2	4	0.391	0	0:00:11.640285
776	2	3	0.16	0	0:00:11.517138
777	6	2	0.251	0	0:00:11.456713
778	0	4	0.302	0	0:00:11.590886
779	5	3	0.151	0	0:00:11.676649
780	9	9	0.391	1	0:00:11.475678
781	1	1	0.289	1	0:00:11.415844
782	7	7	0.132	1	0:00:11.345171
783	6	2	0.153	0	0:00:11.455123
784	7	3	0.391	0	0:00:11.718624
785	0	0	0.0496	1	0:00:11.289595
786	3	5	0.391	0	0:00:11.695513
787	9	9	0.227	1	0:00:11.633559
788	6	2	0.188	0	0:00:11.576396
789	8	8	0.391	1	0:00:11.382619
790	3	0	0.391	0	0:00:11.510976
791	0	0	0.391	1	0:00:11.699727
792	3	0	0.0409	0	0:00:11.529045
793	4	5	0.0895	0	0:00:11.367031
794	7	7	0.0896	1	0:00:11.603297
795	7	7	0.0983	1	0:00:11.621093
796	1	5	0.382	0	0:00:11.594050
797	4	3	0.00632	0	0:00:11.625474
798	7	4	0.365	0	0:00:11.591324
799	2	4	0.391	0	0:00:11.451068
800	7	7	0.391	1	0:00:11.294438
801	1	1	0.25	1	0:00:11.658921
802	4	4	0.391	1	0:00:11.593264
803	7	7	0.391	1	0:00:11.527426
804	4	4	0.391	1	0:00:11.649362
805	4	2	0.0326	0	0:00:11.626678
806	8	8	0.054	1	0:00:11.373064
807	4	2	0.391	0	0:00:11.488848
808	7	9	0.0186	0	0:00:11.650369
809	7	5	0.093	0	0:00:11.578566
810	5	5	0.391	1	0:00:11.624872
811	3	5	0.391	0	0:00:11.563439
812	7	7	0.391	1	0:00:11.166277
813	2	3	0.115	0	0:00:11.513701
814	0	9	0.0541	0	0:00:11.639437
815	8	8	0.391	1	0:00:11.663489
816	9	9	0.391	1	0:00:11.529927
817	5	2	0.0301	0	0:00:11.199480
818	8	4	0.391	0	0:00:11.470946
819	3	5	0.338	0	0:00:11.453885
820	6	3	0.391	0	0:00:11.687967
821	2	4	0.199	0	0:00:11.502142
822	0	0	0.348	1	0:00:11.638044
823	8	8	0.391	1	0:00:11.523659
824	7	7	0.317	1	0:00:11.412147
825	3	2	0.0867	0	0:00:11.375273
826	7	5	0.309	0	0:00:11.484053
827	6	6	0.309	1	0:00:11.602707
828	5	5	0.349	1	0:00:11.537288
829	3	5	0.056	0	0:00:11.640602
830	1	1	0.00668	1	0:00:11.297810
831	3	2	0.235	0	0:00:11.554195
832	2	4	0.0778	0	0:00:11.599618
833	2	5	0.391	0	0:00:11.678384
834	5	2	0.111	0	0:00:11.482049
835	4	5	0.205	0	0:00:11.656727
836	1	1	0.166	1	0:00:11.497763
837	2	4	0.178	0	0:00:11.604279
838	9	9	0.161	1	0:00:11.443300
839	2	4	0.391	0	0:00:11.198682
840	7	7	0.391	1	0:00:11.351803
841	0	0	0.391	1	0:00:11.577806
842	7	7	0.391	1	0:00:11.583644
843	2	4	0.362	0	0:00:11.360111
844	1	9	0.0482	0	0:00:11.590243
845	3	4	0.368	0	0:00:11.603995
846	2	4	0.0224	0	0:00:11.536226
847	0	0	0.0792	1	0:00:11.360232
848	2	2	0.323	1	0:00:11.612456
849	4	4	0.121	1	0:00:11.574953
850	7	5	0.391	0	0:00:11.586207
851	9	1	0.354	0	0:00:11.457598
852	8	8	0.258	1	0:00:11.538494
853	9	9	0.391	1	0:00:11.635986
854	0	4	0.391	0	0:00:11.578901
855	7	7	0.391	1	0:00:11.629785
856	7	7	0.172	1	0:00:11.257908
857	0	0	0.391	1	0:00:11.447233
858	7	7	0.391	1	0:00:11.622319
859	8	8	0.304	1	0:00:11.549603
860	4	4	0.0477	1	0:00:11.587192
861	6	2	0.163	0	0:00:11.611926
862	3	2	0.231	0	0:00:11.649294
863	3	4	0.154	0	0:00:11.635947
864	0	0	0.391	1	0:00:11.514849
865	1	1	0.391	1	0:00:11.206318
866	3	1	0.325	0	0:00:11.651803
867	7	7	0.391	1	0:00:11.483277
868	0	0	0.391	1	0:00:11.590132
869	1	9	0.233	0	0:00:11.529369
870	3	3	0.0646	1	0:00:11.579563
871	1	1	0.391	1	0:00:11.506141
872	4	3	0.391	0	0:00:11.695881
873	2	4	0.352	0	0:00:11.578896
874	3	5	0.391	0	0:00:11.312026
875	8	8	0.391	1	0:00:11.665040
876	4	4	0.177	1	0:00:11.633163
877	2	5	0.391	0	0:00:11.681839
878	3	4	0.303	0	0:00:11.595096
879	7	7	0.391	1	0:00:11.548938
880	8	8	0.391	1	0:00:11.649607
881	4	4	0.0935	1	0:00:11.583302
882	3	4	0.391	0	0:00:11.675331
883	0	4	0.288	0	0:00:11.662370
884	9	9	0.391	1	0:00:11.674839
885	0	4	0.391	0	0:00:11.616639
886	0	8	0.185	0	0:00:11.643861
887	1	1	0.391	1	0:00:11.585552
888	0	8	0.391	0	0:00:11.671054
889	4	2	0.0711	0	0:00:11.648730
890	4	5	0.183	0	0:00:11.700721
891	6	3	0.0752	0	0:00:11.575891
892	7	5	0.391	0	0:00:11.660517
893	6	5	0.259	0	0:00:11.719597
894	1	9	0.215	0	0:00:11.546029
895	1	9	0.00429	0	0:00:11.686631
896	3	5	0.391	0	0:00:11.609498
897	7	7	0.391	1	0:00:11.529794
898	3	5	0.391	0	0:00:11.667468
899	5	5	0.391	1	0:00:11.487654
900	2	2	0.0396	1	0:00:11.664786
901	6	6	0.162	1	0:00:11.696280
902	6	6	0.0421	1	0:00:11.639694
903	5	3	0.0613	0	0:00:11.656919
904	8	8	0.391	1	0:00:11.654140
905	7	4	0.391	0	0:00:11.622696
906	1	8	0.31	0	0:00:11.625207
907	6	3	0.391	0	0:00:11.490289
908	8	8	0.358	1	0:00:11.639358
909	8	8	0.391	1	0:00:11.690622
910	5	5	0.391	1	0:00:11.717046
911	3	5	0.391	0	0:00:11.684075
912	0	4	0.281	0	0:00:11.587505
913	4	5	0.0475	0	0:00:11.606830
914	0	0	0.0931	1	0:00:11.700478
915	1	1	0.391	1	0:00:11.685685
916	3	4	0.143	0	0:00:11.546467
917	8	8	0.193	1	0:00:11.622958
918	8	8	0.391	1	0:00:11.361642
919	0	4	0.391	0	0:00:11.503312
920	6	6	0.181	1	0:00:11.534575
921	9	9	0.391	1	0:00:11.459720
922	9	3	0.0554	0	0:00:11.492880
923	9	9	0.159	1	0:00:11.556606
924	5	9	0.391	0	0:00:11.528926
925	5	5	0.391	1	0:00:11.506479
926	8	8	0.391	1	0:00:11.650646
927	6	5	0.0459	0	0:00:11.623512
928	0	4	0.115	0	0:00:11.501425
929	0	8	0.391	0	0:00:11.482253
930	4	4	0.23	1	0:00:11.501883
931	2	-1	0.0	0	0:00:11.429860
932	3	5	0.00359	0	0:00:11.413076
933	2	5	0.391	0	0:00:11.553166
934	7	7	0.391	1	0:00:11.490251
935	2	4	0.391	0	0:00:11.682611
936	2	4	0.391	0	0:00:11.571582
937	5	5	0.0806	1	0:00:11.517889
938	9	1	0.391	0	0:00:11.606521
939	8	8	0.391	1	0:00:11.426573
940	9	9	0.391	1	0:00:11.632935
941	1	1	0.391	1	0:00:11.596334
942	7	5	0.391	0	0:00:11.588686
943	4	2	0.391	0	0:00:11.592858
944	0	0	0.391	1	0:00:11.423369
945	3	5	0.391	0	0:00:11.160487
946	0	0	0.391	1	0:00:11.590431
947	1	1	0.306	1	0:00:11.661320
948	3	5	0.161	0	0:00:11.638775
949	8	8	0.391	1	0:00:11.127176
950	3	5	0.0757	0	0:00:11.541121
951	9	1	0.127	0	0:00:11.655754
952	6	6	0.391	1	0:00:11.654825
953	1	9	0.382	0	0:00:11.398071
954	4	4	0.376	1	0:00:11.635589
955	7	7	0.391	1	0:00:11.592303
956	0	4	0.16	0	0:00:11.563036
957	3	5	0.0792	0	0:00:11.193544
958	7	7	0.391	1	0:00:11.548455
959	8	8	0.391	1	0:00:11.641880
960	9	9	0.391	1	0:00:11.652347
961	1	1	0.391	1	0:00:11.483817
962	1	1	0.391	1	0:00:11.481175
963	6	6	0.391	1	0:00:11.669227
964	6	3	0.343	0	0:00:11.554214
965	6	4	0.0703	0	0:00:11.613235
966	6	-1	0.0	0	0:00:11.467889
967	9	9	0.32	1	0:00:11.597963
968	1	1	0.391	1	0:00:11.266712
969	9	9	0.368	1	0:00:11.666909
970	9	9	0.391	1	0:00:11.519817
971	4	4	0.391	1	0:00:11.667881
972	2	5	0.0872	0	0:00:11.632101
973	1	1	0.391	1	0:00:11.485904
974	7	4	0.368	0	0:00:11.570025
975	0	0	0.391	1	0:00:11.322840
976	6	6	0.372	1	0:00:11.502373
977	8	8	0.391	1	0:00:11.695111
978	1	1	0.216	1	0:00:11.666416
979	9	1	0.262	0	0:00:11.624822
980	2	2	0.189	1	0:00:11.572379
981	9	9	0.199	1	0:00:11.562641
982	0	5	0.391	0	0:00:11.641361
983	4	4	0.358	1	0:00:11.292166
984	7	7	0.391	1	0:00:11.411010
985	8	8	0.391	1	0:00:11.523115
986	3	5	0.391	0	0:00:11.591705
987	1	1	0.391	1	0:00:11.692282
988	2	4	0.0215	0	0:00:11.418861
989	0	4	0.0213	0	0:00:11.648545
990	1	1	0.202	1	0:00:11.671989
991	5	5	0.0898	1	0:00:11.519738
992	8	8	0.128	1	0:00:11.561995
993	4	5	0.00959	0	0:00:11.622927
994	6	3	0.0172	0	0:00:11.572839
995	3	5	0.391	0	0:00:11.639138
996	8	0	0.326	0	0:00:11.580005
997	1	1	0.391	1	0:00:11.670324
998	3	3	0.0443	1	0:00:11.455452
999	8	8	0.391	1	0:00:11.613776
1000	5	5	0.391	1	0:00:11.741582
1001	0	0	0.235	1	0:00:11.582877
1002	8	5	0.0352	0	0:00:11.189431
1003	4	4	0.372	1	0:00:11.608775
1004	8	8	0.391	1	0:00:11.727346
1005	1	9	0.368	0	0:00:11.603100
1006	1	1	0.391	1	0:00:11.723953
1007	8	0	0.0645	0	0:00:11.210013
1008	9	1	0.207	0	0:00:11.229176
1009	6	-1	0.0	0	0:00:11.578058
1010	0	0	0.391	1	0:00:11.426906
1011	8	8	0.391	1	0:00:11.637537
1012	6	6	0.198	1	0:00:11.556193
1013	1	1	0.391	1	0:00:11.413283
1014	3	3	0.018	1	0:00:11.638710
1015	4	4	0.391	1	0:00:11.449287
1016	1	1	0.391	1	0:00:11.089766
1017	6	6	0.057	1	0:00:11.487721
1018	0	0	0.391	1	0:00:11.670902
1019	5	4	0.324	0	0:00:11.481489
1020	1	1	0.391	1	0:00:11.295875
1021	1	8	0.215	0	0:00:11.659623
1022	0	0	0.391	1	0:00:11.436156
1023	0	4	0.234	0	0:00:11.608865
1024	3	5	0.391	0	0:00:11.559121
1025	5	5	0.391	1	0:00:11.323785
1026	0	0	0.0623	1	0:00:11.567037
1027	0	4	0.171	0	0:00:11.565970
1028	6	6	0.376	1	0:00:11.546992
1029	6	6	0.391	1	0:00:11.453756
1030	3	9	0.0779	0	0:00:11.559699
1031	3	5	0.213	0	0:00:11.723072
1032	6	4	0.102	0	0:00:11.592952
1033	3	3	0.13	1	0:00:11.548003
1034	6	5	0.0412	0	0:00:11.477752
1035	6	3	0.208	0	0:00:11.533676
1036	0	4	0.139	0	0:00:11.646270
1037	7	7	0.391	1	0:00:11.661914
1038	2	4	0.391	0	0:00:11.525197
1039	2	2	0.0233	1	0:00:11.564687
1040	7	5	0.391	0	0:00:11.540925
1041	5	5	0.391	1	0:00:11.557585
1042	5	4	0.0722	0	0:00:11.460137
1043	2	4	0.391	0	0:00:11.639777
1044	8	8	0.391	1	0:00:11.204776
1045	5	5	0.391	1	0:00:11.421103
1046	2	4	0.391	0	0:00:11.520969
1047	1	1	0.104	1	0:00:11.622597
1048	1	1	0.391	1	0:00:11.579780
1049	4	5	0.0312	0	0:00:11.433828
1050	3	4	0.314	0	0:00:11.624504
1051	2	4	0.333	0	0:00:11.558863
1052	0	0	0.391	1	0:00:11.348354
1053	3	5	0.305	0	0:00:11.504405
1054	1	5	0.0665	0	0:00:11.474238
1055	5	5	0.391	1	0:00:11.453635
1056	3	5	0.391	0	0:00:11.683496
1057	7	5	0.391	0	0:00:11.635030
1058	6	5	0.0772	0	0:00:11.423334
1059	8	8	0.209	1	0:00:11.451466
1060	9	9	0.391	1	0:00:11.362865
1061	1	9	0.228	0	0:00:11.707886
1062	6	3	0.272	0	0:00:11.628585
1063	4	5	0.129	0	0:00:11.497965
1064	9	5	0.376	0	0:00:11.390721
1065	3	5	0.0142	0	0:00:11.599115
1066	9	1	0.391	0	0:00:11.591496
1067	0	0	0.391	1	0:00:11.419284
1068	9	9	0.391	1	0:00:11.476700
1069	6	3	0.0545	0	0:00:11.551429
1070	3	5	0.391	0	0:00:11.558865
1071	6	6	0.29	1	0:00:11.543965
1072	0	8	0.391	0	0:00:11.691552
1073	7	7	0.391	1	0:00:11.478099
1074	3	3	0.14	1	0:00:11.231443
1075	8	8	0.286	1	0:00:11.601702
1076	0	8	0.314	0	0:00:11.691869
1077	0	0	0.391	1	0:00:11.681969
1078	0	0	0.391	1	0:00:11.495860
1079	6	3	0.0602	0	0:00:11.569869
1080	6	3	0.287	0	0:00:11.562912
1081	6	6	0.382	1	0:00:11.634760
1082	9	9	0.391	1	0:00:11.362773
1083	2	3	0.131	0	0:00:11.669046
1084	5	2	0.231	0	0:00:11.640863
1085	4	2	0.329	0	0:00:11.309403
1086	4	4	0.237	1	0:00:11.427716
1087	6	3	0.015	0	0:00:11.618045
1088	3	5	0.391	0	0:00:11.671115
1089	6	2	0.0132	0	0:00:11.590433
1090	0	0	0.391	1	0:00:11.704367
1091	8	8	0.391	1	0:00:11.522000
1092	6	3	0.299	0	0:00:11.517646
1093	0	4	0.391	0	0:00:11.527592
1094	6	5	0.391	0	0:00:11.536888
1095	2	4	0.382	0	0:00:11.240882
1096	7	7	0.0924	1	0:00:11.659686
1097	5	9	0.26	0	0:00:11.674271
1098	1	1	0.391	1	0:00:11.591737
1099	2	4	0.3	0	0:00:11.630677
1100	7	4	0.157	0	0:00:11.560176
1101	8	8	0.391	1	0:00:11.338948
1102	8	8	0.233	1	0:00:11.482369
1103	0	0	0.391	1	0:00:11.655013
1104	9	9	0.391	1	0:00:11.663385
1105	4	2	0.236	0	0:00:11.417153
1106	9	9	0.382	1	0:00:11.618026
1107	7	7	0.376	1	0:00:11.593295
1108	2	2	0.135	1	0:00:11.648329
1109	0	1	0.221	0	0:00:11.558502
1110	2	4	0.391	0	0:00:11.634285
1111	8	8	0.391	1	0:00:11.573624
1112	3	4	0.391	0	0:00:11.607838
1113	8	8	0.205	1	0:00:11.565299
1114	9	9	0.391	1	0:00:11.305955
1115	1	1	0.382	1	0:00:11.329773
1116	5	5	0.391	1	0:00:11.687177
1117	5	4	0.0534	0	0:00:11.517832
1118	4	5	0.31	0	0:00:11.563617
1119	7	7	0.391	1	0:00:11.696194
1120	5	5	0.391	1	0:00:11.507283
1121	3	2	0.0332	0	0:00:11.138955
1122	8	4	0.391	0	0:00:11.596614
1123	3	5	0.391	0	0:00:11.664900
1124	3	4	0.391	0	0:00:11.657508
1125	6	6	0.391	1	0:00:11.451122
1126	2	4	0.177	0	0:00:11.176891
1127	8	8	0.391	1	0:00:11.497189
1128	4	5	0.0423	0	0:00:11.668875
1129	3	4	0.0104	0	0:00:11.185086
1130	7	9	0.135	0	0:00:11.655690
1131	1	9	0.391	0	0:00:11.515346
1132	2	9	0.115	0	0:00:11.603907
1133	4	4	0.391	1	0:00:11.588404
1134	1	8	0.166	0	0:00:11.477855
1135	6	5	0.391	0	0:00:11.296287
1136	9	9	0.391	1	0:00:11.708098
1137	0	5	0.217	0	0:00:11.617213
1138	5	5	0.391	1	0:00:11.583723
1139	8	8	0.391	1	0:00:11.546135
1140	6	2	0.0756	0	0:00:11.516530
1141	1	1	0.226	1	0:00:11.507712
1142	8	8	0.391	1	0:00:11.404948
1143	6	6	0.391	1	0:00:11.273333
1144	1	8	0.391	0	0:00:11.679107
1145	4	4	0.197	1	0:00:11.580366
1146	2	4	0.391	0	0:00:11.244626
1147	6	6	0.391	1	0:00:11.507051
1148	2	2	0.0128	1	0:00:11.559420
1149	7	-1	0.0	0	0:00:11.549010
1150	2	9	0.275	0	0:00:11.106088
1151	2	4	0.345	0	0:00:11.395226
1152	0	0	0.391	1	0:00:11.358060
1153	8	3	0.272	0	0:00:11.517180
1154	6	6	0.199	1	0:00:11.709383
1155	9	1	0.391	0	0:00:11.396383
1156	1	9	0.295	0	0:00:11.357802
1157	7	5	0.147	0	0:00:11.307890
1158	1	1	0.391	1	0:00:11.710099
1159	8	8	0.203	1	0:00:11.418693
1160	8	8	0.391	1	0:00:11.528218
1161	0	0	0.391	1	0:00:11.307881
1162	7	7	0.391	1	0:00:11.551471
1163	3	5	0.391	0	0:00:11.629369
1164	8	8	0.391	1	0:00:11.543282
1165	0	4	0.391	0	0:00:11.399185
1166	3	3	0.0615	1	0:00:11.529349
1167	4	-1	0.0	0	0:00:11.558261
1168	3	5	0.293	0	0:00:11.595781
1169	7	7	0.109	1	0:00:11.627056
1170	7	4	0.154	0	0:00:11.390532
1171	9	9	0.391	1	0:00:11.611125
1172	2	3	0.0605	0	0:00:11.721946
1173	3	5	0.308	0	0:00:11.512508
1174	1	1	0.391	1	0:00:11.624588
1175	9	3	0.00825	0	0:00:11.648950
1176	1	1	0.0316	1	0:00:11.435820
1177	9	1	0.391	0	0:00:11.568164
1178	6	3	0.287	0	0:00:11.644045
1179	3	5	0.391	0	0:00:11.605741
1180	3	4	0.124	0	0:00:11.704065
1181	3	3	0.159	1	0:00:11.472487
1182	1	1	0.391	1	0:00:11.496541
1183	0	0	0.391	1	0:00:11.400274
1184	6	6	0.391	1	0:00:11.707060
1185	1	9	0.391	0	0:00:11.719782
1186	4	4	0.391	1	0:00:11.706345
1187	1	1	0.146	1	0:00:11.657957
1188	0	0	0.122	1	0:00:11.460127
1189	0	0	0.252	1	0:00:11.434273
1190	1	1	0.391	1	0:00:11.605468
1191	1	1	0.391	1	0:00:11.579276
1192	6	2	0.0285	0	0:00:11.613463
1193	5	5	0.188	1	0:00:11.543372
1194	4	4	0.391	1	0:00:11.653680
1195	6	6	0.391	1	0:00:11.332392
1196	2	4	0.143	0	0:00:11.591046
1197	0	4	0.157	0	0:00:11.606195
1198	7	7	0.391	1	0:00:11.531734
1199	9	9	0.00159	1	0:00:11.484223
1200	8	8	0.391	1	0:00:11.498102
1201	7	7	0.382	1	0:00:11.588383
1202	2	3	0.0511	0	0:00:11.636291
1203	0	8	0.187	0	0:00:11.337855
1204	6	6	0.278	1	0:00:11.534708
1205	8	8	0.391	1	0:00:11.671041
1206	1	1	0.391	1	0:00:11.557815
1207	4	8	0.382	0	0:00:11.635189
1208	3	0	0.201	0	0:00:11.601791
1209	7	7	0.391	1	0:00:11.445910
1210	0	0	0.391	1	0:00:11.676740
1211	6	2	0.00483	0	0:00:11.360404
1212	1	1	0.173	1	0:00:11.625928
1213	8	8	0.391	1	0:00:11.230243
1214	5	5	0.391	1	0:00:11.569493
1215	7	7	0.391	1	0:00:11.427157
1216	8	1	0.391	0	0:00:11.525342
1217	4	5	0.0648	0	0:00:11.681271
1218	8	8	0.391	1	0:00:11.288751
1219	3	5	0.391	0	0:00:11.631882
1220	9	3	0.0783	0	0:00:11.449680
1221	9	9	0.314	1	0:00:11.649212
1222	9	1	0.154	0	0:00:11.611391
1223	8	0	0.391	0	0:00:11.556324
1224	7	4	0.278	0	0:00:11.576274
1225	6	2	0.326	0	0:00:11.511215
1226	6	6	0.0362	1	0:00:11.455688
1227	3	5	0.391	0	0:00:11.678701
1228	5	4	0.0621	0	0:00:11.574244
1229	1	1	0.391	1	0:00:11.605695
1230	5	5	0.391	1	0:00:11.582135
1231	9	9	0.391	1	0:00:11.669206
1232	1	1	0.391	1	0:00:11.481089
1233	4	4	0.391	1	0:00:11.635259
1234	1	1	0.391	1	0:00:11.668641
1235	5	5	0.391	1	0:00:11.572937
1236	7	5	0.391	0	0:00:11.114220
1237	0	4	0.172	0	0:00:11.598786
1238	1	1	0.391	1	0:00:11.553305
1239	5	5	0.133	1	0:00:11.383980
1240	2	3	0.19	0	0:00:11.620279
1241	0	8	0.391	0	0:00:11.606586
1242	8	9	0.316	0	0:00:11.569495
1243	8	8	0.0102	1	0:00:11.552532
1244	5	5	0.391	1	0:00:11.517567
1245	6	3	0.257	0	0:00:11.429248
1246	7	5	0.391	0	0:00:11.546716
1247	3	4	0.147	0	0:00:11.490367
1248	2	4	0.391	0	0:00:11.489785
1249	4	2	0.191	0	0:00:11.563798
1250	7	7	0.391	1	0:00:11.634510
1251	2	3	0.0612	0	0:00:11.418087
1252	5	5	0.391	1	0:00:11.613510
1253	8	1	0.224	0	0:00:11.351047
1254	2	4	0.0316	0	0:00:11.283509
1255	4	4	0.391	1	0:00:11.450720
1256	9	0	0.167	0	0:00:11.395488
1257	2	4	0.376	0	0:00:11.488564
1258	1	1	0.391	1	0:00:11.189337
1259	8	8	0.391	1	0:00:11.594601
1260	1	1	0.305	1	0:00:11.469560
1261	9	8	0.0501	0	0:00:11.648624
1262	8	8	0.391	1	0:00:11.450777
1263	8	8	0.285	1	0:00:11.393442
1264	8	8	0.288	1	0:00:11.456449
1265	9	9	0.206	1	0:00:11.420305
1266	0	8	0.391	0	0:00:11.519644
1267	4	4	0.00706	1	0:00:11.201415
1268	3	4	0.0775	0	0:00:11.614787
1269	3	5	0.391	0	0:00:11.506722
1270	1	1	0.34	1	0:00:11.451020
1271	8	0	0.265	0	0:00:11.623240
1272	4	7	0.204	0	0:00:11.530285
1273	6	6	0.0323	1	0:00:11.532831
1274	3	3	0.00561	1	0:00:11.365024
1275	3	5	0.391	0	0:00:11.617812
1276	5	3	0.262	0	0:00:11.469861
1277	2	5	0.391	0	0:00:11.482132
1278	2	4	0.325	0	0:00:11.690389
1279	8	8	0.297	1	0:00:11.363071
1280	3	5	0.391	0	0:00:11.446294
1281	8	8	0.391	1	0:00:11.642806
1282	9	9	0.221	1	0:00:11.402208
1283	5	5	0.391	1	0:00:11.328951
1284	8	8	0.271	1	0:00:11.269773
1285	9	9	0.391	1	0:00:11.530815
1286	8	0	0.301	0	0:00:11.621375
1287	9	9	0.0127	1	0:00:11.640853
1288	1	1	0.0771	1	0:00:11.498818
1289	6	6	0.358	1	0:00:11.610535
1290	5	5	0.391	1	0:00:11.438612
1291	9	9	0.0836	1	0:00:11.509751
1292	4	0	0.0263	0	0:00:11.539176
1293	4	3	0.251	0	0:00:11.473795
1294	8	0	0.301	0	0:00:11.580328
1295	0	0	0.391	1	0:00:11.428593
1296	7	7	0.391	1	0:00:11.636949
1297	2	4	0.148	0	0:00:11.691637
1298	9	9	0.391	1	0:00:11.422592
1299	7	9	0.391	0	0:00:11.557688
1300	4	3	0.391	0	0:00:11.600064
1301	1	1	0.391	1	0:00:11.320743
1302	6	5	0.0705	0	0:00:11.386423
1303	4	2	0.391	0	0:00:11.370488
1304	4	0	0.391	0	0:00:11.714688
1305	9	9	0.391	1	0:00:11.507244
1306	1	4	0.0823	0	0:00:11.714845
1307	2	4	0.391	0	0:00:11.457564
1308	5	4	0.208	0	0:00:11.588664
1309	6	6	0.0697	1	0:00:11.589862
1310	0	0	0.391	1	0:00:11.468371
1311	8	8	0.391	1	0:00:11.487259
1312	6	2	0.0723	0	0:00:11.606418
1313	1	1	0.391	1	0:00:11.630452
1314	9	9	0.391	1	0:00:11.664239
1315	4	4	0.391	1	0:00:11.627069
1316	5	5	0.382	1	0:00:11.482116
1317	9	9	0.391	1	0:00:11.722440
1318	5	5	0.391	1	0:00:11.630436
1319	0	4	0.391	0	0:00:11.545177
1320	7	4	0.391	0	0:00:11.353142
1321	2	2	0.0371	1	0:00:11.640350
1322	0	4	0.209	0	0:00:11.494442
1323	0	0	0.0112	1	0:00:11.598948
1324	4	9	0.0897	0	0:00:11.402577
1325	2	4	0.247	0	0:00:11.271147
1326	6	2	0.0686	0	0:00:11.456572
1327	6	6	0.391	1	0:00:11.528236
1328	5	5	0.391	1	0:00:11.550173
1329	5	7	0.282	0	0:00:11.428046
1330	2	5	0.338	0	0:00:11.696239
1331	8	8	0.391	1	0:00:11.392884
1332	1	9	0.136	0	0:00:11.575071
1333	7	4	0.36	0	0:00:11.465609
1334	3	2	0.0148	0	0:00:11.531529
1335	1	1	0.391	1	0:00:11.449946
1336	4	4	0.21	1	0:00:11.677070
1337	5	4	0.391	0	0:00:11.420687
1338	6	6	0.391	1	0:00:11.497419
1339	5	5	0.0637	1	0:00:11.671487
1340	1	9	0.391	0	0:00:11.553164
1341	4	4	0.0455	1	0:00:11.581542
1342	7	9	0.211	0	0:00:11.386242
1343	0	0	0.303	1	0:00:11.248646
1344	9	9	0.391	1	0:00:11.688859
1345	4	4	0.391	1	0:00:11.621887
1346	3	-1	0.0	0	0:00:11.546707
1347	8	8	0.0974	1	0:00:11.518761
1348	2	3	0.122	0	0:00:11.701281
1349	8	8	0.391	1	0:00:11.475503
1350	4	4	0.0727	1	0:00:11.552943
1351	7	7	0.391	1	0:00:11.531550
1352	2	3	0.096	0	0:00:11.601975
1353	3	3	0.122	1	0:00:11.373670
1354	1	1	0.113	1	0:00:11.720790
1355	5	-1	0.0	0	0:00:11.529651
1356	2	5	0.184	0	0:00:11.160709
1357	9	9	0.148	1	0:00:11.624425
1358	8	8	0.258	1	0:00:11.304878
1359	9	9	0.391	1	0:00:11.610755
1360	7	5	0.164	0	0:00:11.455987
1361	9	9	0.391	1	0:00:11.607503
1362	5	4	0.153	0	0:00:11.529538
1363	1	1	0.391	1	0:00:11.442993
1364	4	4	0.391	1	0:00:11.563673
1365	0	0	0.335	1	0:00:11.521697
1366	8	8	0.391	1	0:00:11.512887
1367	2	4	0.0512	0	0:00:11.357906
1368	3	5	0.391	0	0:00:11.565674
1369	8	8	0.36	1	0:00:11.512012
1370	9	9	0.00337	1	0:00:11.602020
1371	1	1	0.391	1	0:00:11.573589
1372	1	9	0.284	0	0:00:11.483158
1373	3	5	0.391	0	0:00:11.667089
1374	2	4	0.391	0	0:00:11.494336
1375	4	4	0.339	1	0:00:11.622406
1376	9	9	0.0388	1	0:00:11.370203
1377	3	4	0.0629	0	0:00:11.555334
1378	1	1	0.391	1	0:00:11.658747
1379	7	7	0.391	1	0:00:11.632600
1380	4	4	0.0658	1	0:00:11.687108
1381	6	-1	0.0	0	0:00:11.564766
1382	2	4	0.00122	0	0:00:11.396040
1383	8	0	0.0943	0	0:00:11.696159
1384	9	9	0.292	1	0:00:11.657906
1385	5	5	0.255	1	0:00:11.669646
1386	3	3	0.313	1	0:00:11.650981
1387	9	9	0.391	1	0:00:11.490814
1388	5	5	0.328	1	0:00:11.441574
1389	5	4	0.391	0	0:00:11.608977
1390	6	6	0.391	1	0:00:11.639638
1391	7	4	0.15	0	0:00:11.656357
1392	2	4	0.256	0	0:00:11.614666
1393	4	-1	0.0	0	0:00:11.622652
1394	6	-1	0.0	0	0:00:11.420799
1395	3	2	0.00741	0	0:00:11.604389
1396	1	1	0.342	1	0:00:11.568302
1397	0	0	0.391	1	0:00:11.703445
1398	7	0	0.0936	0	0:00:11.697911
1399	2	4	0.391	0	0:00:11.453529
1400	5	2	0.0491	0	0:00:11.651333
1401	4	5	0.129	0	0:00:11.694730
1402	7	7	0.27	1	0:00:11.476628
1403	6	4	0.0549	0	0:00:11.605023
1404	1	1	0.391	1	0:00:11.681268
1405	1	9	0.391	0	0:00:11.470440
1406	9	9	0.391	1	0:00:11.599917
1407	8	8	0.382	1	0:00:11.531363
1408	1	1	0.391	1	0:00:11.631854
1409	0	4	0.129	0	0:00:11.673697
1410	1	1	0.391	1	0:00:11.671094
1411	3	5	0.182	0	0:00:11.640563
1412	1	1	0.382	1	0:00:11.487912
1413	1	1	0.368	1	0:00:11.344772
1414	1	9	0.0356	0	0:00:11.385748
1415	7	7	0.391	1	0:00:11.499489
1416	3	5	0.391	0	0:00:11.676883
1417	9	3	0.0182	0	0:00:11.637839
1418	6	2	0.174	0	0:00:11.516932
1419	8	8	0.391	1	0:00:11.698817
1420	4	7	0.372	0	0:00:11.398474
1421	6	6	0.391	1	0:00:11.591939
1422	8	8	0.391	1	0:00:11.654229
1423	4	4	0.391	1	0:00:11.638118
1424	9	1	0.125	0	0:00:11.573500
1425	4	5	0.227	0	0:00:11.513108
1426	7	7	0.391	1	0:00:11.327797
1427	9	3	0.0508	0	0:00:11.660191
1428	7	7	0.309	1	0:00:11.647379
1429	6	3	0.218	0	0:00:11.440207
1430	8	8	0.36	1	0:00:11.562804
1431	4	2	0.336	0	0:00:11.618873
1432	9	9	0.391	1	0:00:11.610535
1433	7	7	0.376	1	0:00:11.485703
1434	0	4	0.0209	0	0:00:11.663207
1435	1	1	0.391	1	0:00:11.547113
1436	6	6	0.391	1	0:00:11.506075
1437	1	1	0.391	1	0:00:11.716424
1438	5	4	0.0424	0	0:00:11.609833
1439	9	1	0.18	0	0:00:11.568552
1440	0	0	0.157	1	0:00:11.640414
1441	4	4	0.391	1	0:00:11.211729
1442	3	5	0.391	0	0:00:11.726631
1443	4	4	0.0318	1	0:00:11.696369
1444	1	1	0.391	1	0:00:11.673454
1445	3	5	0.382	0	0:00:11.662590
1446	0	0	0.123	1	0:00:11.388306
1447	8	8	0.391	1	0:00:11.610331
1448	4	4	0.221	1	0:00:11.480759
1449	6	6	0.391	1	0:00:11.557410
1450	2	4	0.376	0	0:00:11.732429
1451	2	3	0.0246	0	0:00:11.323036
1452	6	5	0.344	0	0:00:11.396934
1453	5	3	0.0284	0	0:00:11.405099
1454	3	3	0.391	1	0:00:11.629030
1455	6	6	0.391	1	0:00:11.664370
1456	2	2	0.109	1	0:00:11.698126
1457	1	1	0.0096	1	0:00:11.522953
1458	1	1	0.185	1	0:00:11.550139
1459	8	8	0.201	1	0:00:11.269111
1460	6	6	0.391	1	0:00:11.586995
1461	0	0	0.267	1	0:00:11.522916
1462	4	4	0.132	1	0:00:11.455049
1463	0	0	0.391	1	0:00:11.350015
1464	1	1	0.391	1	0:00:11.612020
1465	9	1	0.376	0	0:00:11.447610
1466	7	7	0.391	1	0:00:11.213370
1467	1	1	0.391	1	0:00:11.509316
1468	3	5	0.391	0	0:00:11.688098
1469	7	7	0.391	1	0:00:11.277753
1470	7	4	0.382	0	0:00:11.477603
1471	8	-1	0.0	0	0:00:11.617161
1472	7	7	0.391	1	0:00:11.377429
1473	7	7	0.391	1	0:00:11.272558
1474	3	7	0.0492	0	0:00:11.450490
1475	9	9	0.391	1	0:00:11.669546
1476	7	7	0.391	1	0:00:11.496360
1477	7	7	0.382	1	0:00:11.631442
1478	7	7	0.326	1	0:00:11.243594
1479	2	4	0.206	0	0:00:11.429798
1480	1	9	0.368	0	0:00:11.442722
1481	2	2	0.0579	1	0:00:11.680534
1482	8	8	0.391	1	0:00:11.416653
1483	6	6	0.391	1	0:00:11.650640
1484	4	4	0.382	1	0:00:11.460720
1485	0	4	0.0851	0	0:00:11.586365
1486	7	7	0.391	1	0:00:11.511248
1487	9	9	0.216	1	0:00:11.475955
1488	8	8	0.391	1	0:00:11.199179
1489	6	6	0.185	1	0:00:11.625758
1490	8	8	0.391	1	0:00:11.545984
1491	4	5	0.101	0	0:00:11.699214
1492	9	9	0.165	1	0:00:11.445486
1493	1	5	0.155	0	0:00:11.603271
1494	7	5	0.342	0	0:00:11.625837
1495	2	4	0.391	0	0:00:11.365587
1496	2	4	0.197	0	0:00:11.680649
1497	8	8	0.391	1	0:00:11.551196
1498	5	5	0.391	1	0:00:11.339317
1499	8	8	0.391	1	0:00:11.678054
1500	1	9	0.111	0	0:00:11.651473
1501	2	3	0.178	0	0:00:11.688290
1502	2	2	0.276	1	0:00:11.300046
1503	4	4	0.391	1	0:00:11.378117
1504	1	1	0.047	1	0:00:11.520139
1505	2	4	0.391	0	0:00:11.398803
1506	5	7	0.391	0	0:00:11.630588
1507	2	5	0.0586	0	0:00:11.695620
1508	8	8	0.338	1	0:00:11.538710
1509	1	1	0.391	1	0:00:11.351944
1510	8	4	0.171	0	0:00:11.522075
1511	1	1	0.391	1	0:00:11.636267
1512	8	8	0.391	1	0:00:11.403754
1513	6	5	0.391	0	0:00:11.429839
1514	0	4	0.213	0	0:00:11.599649
1515	2	4	0.254	0	0:00:11.643462
1516	4	4	0.391	1	0:00:11.509654
1517	1	1	0.391	1	0:00:11.573464
1518	3	5	0.391	0	0:00:11.647749
1519	6	6	0.391	1	0:00:11.435910
1520	7	5	0.0457	0	0:00:11.274293
1521	7	-1	0.0	0	0:00:11.672992
1522	4	3	0.185	0	0:00:11.659071
1523	4	2	0.0684	0	0:00:11.653573
1524	3	5	0.251	0	0:00:11.491402
1525	3	3	0.0313	1	0:00:11.473804
1526	4	5	0.0644	0	0:00:11.578458
1527	5	5	0.115	1	0:00:11.686282
1528	2	3	0.188	0	0:00:11.714634
1529	4	5	0.352	0	0:00:11.682300
1530	3	5	0.0732	0	0:00:11.412952
1531	7	5	0.0895	0	0:00:11.348510
1532	8	0	0.391	0	0:00:11.706482
1533	4	5	0.292	0	0:00:11.475571
1534	4	3	0.0261	0	0:00:11.697220
1535	4	4	0.391	1	0:00:11.468163
1536	5	5	0.391	1	0:00:11.381768
1537	4	5	0.0797	0	0:00:11.678268
1538	3	3	0.0535	1	0:00:11.321305
1539	2	2	0.198	1	0:00:11.614275
1540	8	8	0.391	1	0:00:11.406833
1541	4	2	0.101	0	0:00:11.716143
1542	5	5	0.391	1	0:00:11.539146
1543	5	3	0.0324	0	0:00:11.390062
1544	4	2	0.231	0	0:00:11.672946
1545	1	9	0.17	0	0:00:11.461813
1546	4	4	0.164	1	0:00:11.636435
1547	2	4	0.391	0	0:00:11.595864
1548	5	4	0.372	0	0:00:11.565190
1549	1	1	0.284	1	0:00:11.294660
1550	6	6	0.194	1	0:00:11.713768
1551	4	4	0.391	1	0:00:11.687165
1552	3	4	0.33	0	0:00:11.559234
1553	4	4	0.0503	1	0:00:11.524693
1554	4	2	0.106	0	0:00:11.655026
1555	0	4	0.391	0	0:00:11.482221
1556	8	9	0.0858	0	0:00:11.435102
1557	8	8	0.153	1	0:00:11.693087
1558	4	2	0.0528	0	0:00:11.647260
1559	5	5	0.382	1	0:00:11.680422
1560	7	7	0.391	1	0:00:11.566290
1561	5	5	0.391	1	0:00:11.550416
1562	6	6	0.391	1	0:00:11.670235
1563	9	9	0.391	1	0:00:11.576538
1564	1	1	0.391	1	0:00:11.658333
1565	6	6	0.229	1	0:00:11.661629
1566	7	7	0.391	1	0:00:11.374933
1567	2	5	0.164	0	0:00:11.598129
1568	0	0	0.328	1	0:00:11.607579
1569	1	1	0.391	1	0:00:11.622206
1570	4	9	0.147	0	0:00:11.644052
1571	5	5	0.0715	1	0:00:11.633295
1572	6	5	0.391	0	0:00:11.428579
1573	0	8	0.391	0	0:00:11.644999
1574	0	9	0.391	0	0:00:11.458518
1575	2	4	0.391	0	0:00:11.196543
1576	7	2	0.173	0	0:00:11.536700
1577	5	4	0.0236	0	0:00:11.497013
1578	6	6	0.138	1	0:00:11.400591
1579	0	0	0.0308	1	0:00:11.251491
1580	6	5	0.0982	0	0:00:11.509099
1581	2	9	0.391	0	0:00:11.485031
1582	9	9	0.391	1	0:00:11.502097
1583	1	1	0.0831	1	0:00:11.685758
1584	7	8	0.153	0	0:00:11.413197
1585	7	7	0.391	1	0:00:11.401283
1586	5	5	0.391	1	0:00:11.424420
1587	2	4	0.391	0	0:00:11.596962
1588	5	5	0.281	1	0:00:11.520173
1589	6	6	0.391	1	0:00:11.518984
1590	4	4	0.376	1	0:00:11.522716
1591	1	1	0.391	1	0:00:11.246852
1592	4	2	0.0899	0	0:00:11.623454
1593	3	5	0.0975	0	0:00:11.625853
1594	3	4	0.391	0	0:00:11.429093
1595	3	-1	0.0	0	0:00:11.321146
1596	0	0	0.391	1	0:00:11.687381
1597	3	4	0.179	0	0:00:11.600142
1598	5	5	0.323	1	0:00:11.481846
1599	5	5	0.285	1	0:00:11.366906
1600	8	3	0.0857	0	0:00:11.285647
1601	9	9	0.267	1	0:00:11.719696
1602	7	7	0.0397	1	0:00:11.642763
1603	3	4	0.13	0	0:00:11.536876
1604	1	1	0.391	1	0:00:11.552459
1605	3	4	0.391	0	0:00:11.530758
1606	3	3	0.00946	1	0:00:11.536495
1607	3	9	0.218	0	0:00:11.699460
1608	4	4	0.192	1	0:00:11.481241
1609	4	3	0.0756	0	0:00:11.602203
1610	2	-1	0.0	0	0:00:11.581128
1611	3	3	0.00929	1	0:00:11.519535
1612	3	5	0.0608	0	0:00:11.611973
1613	8	1	0.391	0	0:00:11.669646
1614	1	1	0.391	1	0:00:11.392894
1615	7	7	0.391	1	0:00:11.682245
1616	7	4	0.286	0	0:00:11.684853
1617	0	4	0.024	0	0:00:11.616709
1618	7	3	0.0988	0	0:00:11.622317
1619	4	4	0.056	1	0:00:11.584983
1620	5	9	0.203	0	0:00:11.594089
1621	1	1	0.391	1	0:00:11.694483
1622	4	4	0.376	1	0:00:11.678773
1623	2	2	0.175	1	0:00:11.583507
1624	4	4	0.349	1	0:00:11.469140
1625	3	5	0.243	0	0:00:11.501120
1626	9	8	0.00415	0	0:00:11.707768
1627	9	9	0.391	1	0:00:11.516066
1628	4	4	0.338	1	0:00:11.613002
1629	9	9	0.339	1	0:00:11.253344
1630	9	9	0.391	1	0:00:11.426531
1631	1	9	0.153	0	0:00:11.611112
1632	8	0	0.391	0	0:00:11.677175
1633	1	3	0.262	0	0:00:11.424692
1634	6	6	0.391	1	0:00:11.442494
1635	7	7	0.391	1	0:00:11.252673
1636	5	5	0.391	1	0:00:11.703028
1637	5	4	0.214	0	0:00:11.595234
1638	4	4	0.391	1	0:00:11.419901
1639	9	9	0.391	1	0:00:11.564969
1640	7	4	0.148	0	0:00:11.597625
1641	6	-1	0.0	0	0:00:11.419265
1642	5	5	0.0524	1	0:00:11.620732
1643	9	9	0.391	1	0:00:11.542381
1644	2	2	0.164	1	0:00:11.337011
1645	4	3	0.0701	0	0:00:11.579531
1646	0	0	0.268	1	0:00:11.669198
1647	7	7	0.391	1	0:00:11.632896
1648	8	-1	0.0	0	0:00:11.508830
1649	5	2	0.272	0	0:00:11.590088
1650	5	5	0.391	1	0:00:11.572210
1651	0	0	0.232	1	0:00:11.580559
1652	0	0	0.391	1	0:00:11.569808
1653	9	9	0.391	1	0:00:11.573739
1654	9	9	0.391	1	0:00:11.637835
1655	8	8	0.391	1	0:00:11.666312
1656	2	4	0.391	0	0:00:11.640827
1657	5	5	0.391	1	0:00:11.566130
1658	4	4	0.391	1	0:00:11.390064
1659	8	8	0.301	1	0:00:11.554470
1660	3	5	0.0833	0	0:00:11.622298
1661	6	4	0.234	0	0:00:11.547380
1662	3	9	0.33	0	0:00:11.553998
1663	6	3	0.0308	0	0:00:11.724252
1664	0	0	0.391	1	0:00:11.607170
1665	6	6	0.391	1	0:00:11.445954
1666	6	6	0.183	1	0:00:11.549299
1667	6	4	0.372	0	0:00:11.680053
1668	9	9	0.391	1	0:00:11.716963
1669	6	2	0.0789	0	0:00:11.537939
1670	6	2	0.211	0	0:00:11.470102
1671	8	8	0.391	1	0:00:11.477967
1672	6	6	0.391	1	0:00:11.545418
1673	2	3	0.162	0	0:00:11.402642
1674	4	4	0.235	1	0:00:11.495869
1675	5	5	0.382	1	0:00:11.515740
1676	8	8	0.391	1	0:00:11.492918
1677	1	1	0.391	1	0:00:11.472335
1678	2	2	0.109	1	0:00:11.693299
1679	7	7	0.391	1	0:00:11.324991
1680	6	2	0.332	0	0:00:11.556781
1681	5	4	0.391	0	0:00:11.677837
1682	7	7	0.391	1	0:00:11.567991
1683	8	8	0.382	1	0:00:11.575665
1684	1	9	0.372	0	0:00:11.359701
1685	8	3	0.0183	0	0:00:11.574912
1686	0	8	0.391	0	0:00:11.663814
1687	8	8	0.36	1	0:00:11.592034
1688	6	6	0.213	1	0:00:11.602016
1689	9	9	0.0697	1	0:00:11.472903
1690	2	1	0.215	0	0:00:11.645679
1691	8	8	0.391	1	0:00:11.226727
1692	9	1	0.391	0	0:00:11.642196
1693	4	9	0.391	0	0:00:11.652581
1694	0	0	0.376	1	0:00:11.566290
1695	9	1	0.345	0	0:00:11.706045
1696	4	4	0.391	1	0:00:11.484706
1697	9	1	0.391	0	0:00:11.669665
1698	5	3	0.0354	0	0:00:11.424126
1699	7	7	0.391	1	0:00:11.492217
1700	5	3	0.116	0	0:00:11.490429
1701	5	9	0.155	0	0:00:11.310317
1702	9	9	0.368	1	0:00:11.493860
1703	5	5	0.391	1	0:00:11.603698
1704	3	4	0.127	0	0:00:11.502838
1705	0	0	0.391	1	0:00:11.431321
1706	1	1	0.391	1	0:00:11.511399
1707	9	9	0.391	1	0:00:11.383423
1708	7	5	0.317	0	0:00:11.468103
1709	2	2	0.09	1	0:00:11.541146
1710	4	4	0.0342	1	0:00:11.379479
1711	1	1	0.391	1	0:00:11.580800
1712	0	0	0.391	1	0:00:11.284104
1713	8	1	0.391	0	0:00:11.352152
1714	0	4	0.0581	0	0:00:11.347061
1715	3	5	0.0329	0	0:00:11.671807
1716	1	1	0.391	1	0:00:11.595000
1717	7	7	0.391	1	0:00:11.509152
1718	0	8	0.391	0	0:00:11.528137
1719	0	0	0.203	1	0:00:11.529752
1720	4	4	0.0905	1	0:00:11.358420
1721	8	0	0.0742	0	0:00:11.607703
1722	6	6	0.391	1	0:00:11.347835
1723	2	5	0.305	0	0:00:11.584934
1724	4	4	0.391	1	0:00:11.653507
1725	0	0	0.391	1	0:00:11.610113
1726	0	0	0.391	1	0:00:11.533150
1727	9	8	0.358	0	0:00:11.435165
1728	0	4	0.271	0	0:00:11.105048
1729	8	8	0.391	1	0:00:11.563826
1730	4	0	0.258	0	0:00:11.678907
1731	5	6	0.325	0	0:00:11.631945
1732	9	1	0.391	0	0:00:11.336476
1733	3	5	0.391	0	0:00:11.529304
1734	9	9	0.391	1	0:00:11.615802
1735	0	0	0.106	1	0:00:11.580042
1736	5	3	0.112	0	0:00:11.336032
1737	6	9	0.0839	0	0:00:11.633094
1738	5	5	0.391	1	0:00:11.677439
1739	0	8	0.213	0	0:00:11.257642
1740	1	1	0.391	1	0:00:11.594028
1741	4	5	0.00354	0	0:00:11.629900
1742	8	8	0.391	1	0:00:11.632387
1743	1	1	0.391	1	0:00:11.462270
1744	0	0	0.391	1	0:00:11.594862
1745	5	5	0.0185	1	0:00:11.273355
1746	2	4	0.391	0	0:00:11.563410
1747	1	1	0.391	1	0:00:11.498712
1748	0	4	0.106	0	0:00:11.724493
1749	2	4	0.34	0	0:00:11.598191
1750	8	8	0.209	1	0:00:11.531220
1751	1	1	0.391	1	0:00:11.466632
1752	5	3	0.0862	0	0:00:11.429402
1753	6	-1	0.0	0	0:00:11.596844
1754	7	7	0.391	1	0:00:11.644154
1755	7	5	0.0917	0	0:00:11.445403
1756	2	9	0.14	0	0:00:11.674052
1757	6	3	0.0476	0	0:00:11.535825
1758	2	4	0.299	0	0:00:11.624185
1759	5	4	0.111	0	0:00:11.560823
1760	0	0	0.116	1	0:00:11.313784
1761	1	1	0.391	1	0:00:11.583375
1762	4	2	0.154	0	0:00:11.202879
1763	2	3	0.0254	0	0:00:11.568528
1764	5	7	0.00145	0	0:00:11.706751
1765	4	4	0.126	1	0:00:11.657811
1766	6	3	0.0245	0	0:00:11.346265
1767	2	3	0.0205	0	0:00:11.481917
1768	2	4	0.213	0	0:00:11.531533
1769	1	8	0.314	0	0:00:11.398721
1770	7	7	0.195	1	0:00:11.642584
1771	2	4	0.0962	0	0:00:11.596056
1772	8	9	0.24	0	0:00:11.331398
1773	5	3	0.0138	0	0:00:11.717011
1774	5	5	0.391	1	0:00:11.437927
1775	3	3	0.0885	1	0:00:11.453709
1776	0	0	0.291	1	0:00:11.686573
1777	4	5	0.13	0	0:00:11.593831
1778	8	8	0.382	1	0:00:11.579932
1779	3	5	0.391	0	0:00:11.566555
1780	7	4	0.135	0	0:00:11.164578
1781	6	6	0.391	1	0:00:11.629700
1782	3	4	0.177	0	0:00:11.688321
1783	8	8	0.391	1	0:00:11.708838
1784	1	1	0.391	1	0:00:11.377296
1785	0	4	0.391	0	0:00:11.672510
1786	1	9	0.391	0	0:00:11.657584
1787	3	4	0.372	0	0:00:11.577104
1788	3	3	0.193	1	0:00:11.492435
1789	0	4	0.251	0	0:00:11.657790
1790	7	5	0.391	0	0:00:11.639531
1791	4	4	0.0428	1	0:00:11.615686
1792	9	9	0.391	1	0:00:11.692985
1793	5	5	0.198	1	0:00:11.322532
1794	3	5	0.228	0	0:00:11.640523
1795	6	3	0.188	0	0:00:11.677679
1796	0	0	0.239	1	0:00:11.559545
1797	1	1	0.0915	1	0:00:11.322255
1798	4	4	0.278	1	0:00:11.669196
1799	4	4	0.081	1	0:00:11.708866
1800	4	4	0.391	1	0:00:11.635982
1801	4	4	0.289	1	0:00:11.646779
1802	2	4	0.391	0	0:00:11.122078
1803	2	4	0.0937	0	0:00:11.594415
1804	5	5	0.186	1	0:00:11.418089
1805	8	8	0.391	1	0:00:11.588323
1806	1	1	0.391	1	0:00:11.478111
1807	5	5	0.323	1	0:00:11.311065
1808	9	9	0.259	1	0:00:11.607931
1809	8	8	0.391	1	0:00:11.651633
1810	1	1	0.391	1	0:00:11.533098
1811	1	8	0.391	0	0:00:11.497098
1812	5	5	0.391	1	0:00:11.171345
1813	3	3	0.376	1	0:00:11.700479
1814	9	1	0.112	0	0:00:11.665038
1815	9	9	0.391	1	0:00:11.360374
1816	7	5	0.116	0	0:00:11.620157
1817	6	2	0.163	0	0:00:11.398737
1818	5	5	0.391	1	0:00:11.635731
1819	0	4	0.166	0	0:00:11.406503
1820	8	9	0.099	0	0:00:11.581410
1821	4	-1	0.0	0	0:00:11.591893
1822	7	2	0.0444	0	0:00:11.594362
1823	0	4	0.0278	0	0:00:11.486344
1824	9	9	0.391	1	0:00:11.701527
1825	2	4	0.0805	0	0:00:11.642768
1826	8	8	0.391	1	0:00:11.549535
1827	4	4	0.182	1	0:00:11.614609
1828	7	7	0.0964	1	0:00:11.581620
1829	1	9	0.391	0	0:00:11.475189
1830	3	2	0.0366	0	0:00:11.255396
1831	9	1	0.136	0	0:00:11.523523
1832	6	4	0.301	0	0:00:11.684324
1833	8	8	0.391	1	0:00:11.708900
1834	9	9	0.289	1	0:00:11.492919
1835	0	4	0.332	0	0:00:11.557617
1836	4	4	0.107	1	0:00:11.632591
1837	9	5	0.0262	0	0:00:11.497276
1838	6	-1	0.0	0	0:00:11.577138
1839	7	7	0.391	1	0:00:11.540895
1840	8	3	0.0365	0	0:00:11.705063
1841	9	9	0.0842	1	0:00:11.491408
1842	4	-1	0.0	0	0:00:11.656018
1843	8	8	0.249	1	0:00:11.592181
1844	9	9	0.0728	1	0:00:11.419691
1845	7	5	0.116	0	0:00:11.443855
1846	2	6	0.218	0	0:00:11.430748
1847	5	5	0.382	1	0:00:11.699595
1848	3	5	0.391	0	0:00:11.613933
1849	7	7	0.391	1	0:00:11.397213
1850	1	4	0.349	0	0:00:11.679124
1851	0	4	0.263	0	0:00:11.358665
1852	2	3	0.17	0	0:00:11.430149
1853	9	9	0.391	1	0:00:11.593310
1854	5	5	0.391	1	0:00:11.595477
1855	5	5	0.391	1	0:00:11.649360
1856	8	8	0.391	1	0:00:11.453121
1857	5	5	0.391	1	0:00:11.391241
1858	4	2	0.0672	0	0:00:11.658432
1859	2	5	0.151	0	0:00:11.609319
1860	8	8	0.391	1	0:00:11.495512
1861	3	3	0.0542	1	0:00:11.363678
1862	5	5	0.138	1	0:00:11.555218
1863	5	3	0.0596	0	0:00:11.443609
1864	7	7	0.391	1	0:00:11.573478
1865	7	-1	0.0	0	0:00:11.660387
1866	8	8	0.391	1	0:00:11.648860
1867	6	-1	0.0	0	0:00:11.524537
1868	2	7	0.0765	0	0:00:11.589942
1869	8	0	0.159	0	0:00:11.586773
1870	2	4	0.391	0	0:00:11.550600
1871	3	5	0.0231	0	0:00:11.598435
1872	5	3	0.0848	0	0:00:11.492254
1873	6	4	0.0828	0	0:00:11.648624
1874	8	8	0.391	1	0:00:11.409296
1875	0	0	0.391	1	0:00:11.227008
1876	2	7	0.307	0	0:00:11.462533
1877	3	5	0.151	0	0:00:11.719391
1878	7	7	0.391	1	0:00:11.396027
1879	0	8	0.201	0	0:00:11.693352
1880	1	1	0.391	1	0:00:11.641128
1881	9	9	0.391	1	0:00:11.616893
1882	1	1	0.391	1	0:00:11.372805
1883	3	2	0.174	0	0:00:11.561480
1884	7	4	0.0168	0	0:00:11.357050
1885	5	4	0.391	0	0:00:11.574294
1886	8	9	0.391	0	0:00:11.645024
1887	3	2	0.0615	0	0:00:11.653726
1888	2	4	0.0999	0	0:00:11.521196
1889	9	9	0.22	1	0:00:11.471941
1890	6	6	0.135	1	0:00:11.676509
1891	8	8	0.391	1	0:00:11.427946
1892	6	2	0.0722	0	0:00:11.434188
1893	9	9	0.391	1	0:00:11.543974
1894	3	3	0.145	1	0:00:11.382940
1895	8	0	0.322	0	0:00:11.476220
1896	9	9	0.36	1	0:00:11.689587
1897	8	0	0.118	0	0:00:11.477800
1898	0	3	0.0122	0	0:00:11.583206
1899	7	7	0.391	1	0:00:11.480029
1900	8	8	0.391	1	0:00:11.480116
1901	5	5	0.391	1	0:00:11.563090
1902	0	4	0.0848	0	0:00:11.677761
1903	0	0	0.391	1	0:00:11.569584
1904	1	1	0.391	1	0:00:11.521813
1905	3	4	0.344	0	0:00:11.551780
1906	9	5	0.391	0	0:00:11.627346
1907	1	1	0.391	1	0:00:11.437626
1908	5	5	0.391	1	0:00:11.720921
1909	3	5	0.233	0	0:00:11.712795
1910	4	4	0.391	1	0:00:11.382933
1911	4	4	0.391	1	0:00:11.357407
1912	0	0	0.391	1	0:00:11.582173
1913	9	9	0.391	1	0:00:11.636640
1914	9	9	0.294	1	0:00:11.703761
1915	9	9	0.391	1	0:00:11.402503
1916	9	5	0.0735	0	0:00:11.567293
1917	8	8	0.263	1	0:00:11.611872
1918	2	2	0.0638	1	0:00:11.486516
1919	4	4	0.391	1	0:00:11.438056
1920	2	4	0.391	0	0:00:11.559615
1921	2	4	0.391	0	0:00:11.317278
1922	5	5	0.391	1	0:00:11.479249
1923	1	1	0.358	1	0:00:11.587000
1924	9	5	0.391	0	0:00:11.244059
1925	1	1	0.391	1	0:00:11.641632
1926	0	0	0.141	1	0:00:11.625955
1927	9	1	0.391	0	0:00:11.575483
1928	4	3	0.266	0	0:00:11.266025
1929	2	4	0.391	0	0:00:11.438159
1930	1	1	0.391	1	0:00:11.500019
1931	6	-1	0.0	0	0:00:11.662491
1932	0	4	0.194	0	0:00:11.464869
1933	3	4	0.2	0	0:00:11.498740
1934	7	4	0.0385	0	0:00:11.540899
1935	6	4	0.391	0	0:00:11.653946
1936	3	7	0.0924	0	0:00:11.471588
1937	1	9	0.391	0	0:00:11.554613
1938	8	8	0.391	1	0:00:11.603562
1939	6	5	0.238	0	0:00:11.504816
1940	5	3	0.245	0	0:00:11.541930
1941	7	0	0.319	0	0:00:11.515485
1942	2	2	0.23	1	0:00:11.663597
1943	8	8	0.391	1	0:00:11.460419
1944	4	4	0.207	1	0:00:11.339318
1945	4	7	0.232	0	0:00:11.634468
1946	8	0	0.242	0	0:00:11.572698
1947	3	5	0.24	0	0:00:11.727403
1948	5	4	0.342	0	0:00:11.555494
1949	0	0	0.391	1	0:00:11.280907
1950	5	5	0.391	1	0:00:11.364861
1951	7	7	0.325	1	0:00:11.586782
1952	4	5	0.0161	0	0:00:11.647789
1953	4	-1	0.0	0	0:00:11.573709
1954	2	0	0.14	0	0:00:11.622043
1955	2	4	0.231	0	0:00:11.527814
1956	7	7	0.275	1	0:00:11.540183
1957	3	5	0.391	0	0:00:11.481796
1958	6	3	0.0494	0	0:00:11.146155
1959	0	4	0.391	0	0:00:11.591781
1960	2	5	0.391	0	0:00:11.501515
1961	7	5	0.391	0	0:00:11.686415
1962	6	2	0.125	0	0:00:11.612866
1963	2	0	0.247	0	0:00:11.601820
1964	3	5	0.391	0	0:00:11.488503
1965	0	0	0.308	1	0:00:11.600331
1966	7	7	0.111	1	0:00:11.565768
1967	7	7	0.391	1	0:00:11.553269
1968	8	8	0.391	1	0:00:11.545727
1969	1	9	0.391	0	0:00:11.619448
1970	1	1	0.391	1	0:00:11.468506
1971	4	4	0.0649	1	0:00:11.284591
1972	6	-1	0.0	0	0:00:11.718638
1973	0	4	0.391	0	0:00:11.624958
1974	6	6	0.391	1	0:00:11.451891
1975	6	8	0.0447	0	0:00:11.567527
1976	5	5	0.391	1	0:00:11.536811
1977	5	5	0.391	1	0:00:11.451075
1978	6	6	0.391	1	0:00:11.651610
1979	3	2	0.167	0	0:00:11.560020
1980	9	9	0.391	1	0:00:11.565633
1981	3	4	0.282	0	0:00:11.311764
1982	6	6	0.391	1	0:00:11.253811
1983	8	4	0.235	0	0:00:11.429945
1984	7	7	0.0499	1	0:00:11.505700
1985	6	4	0.237	0	0:00:11.547459
1986	4	2	0.176	0	0:00:11.079024
1987	9	9	0.391	1	0:00:11.348691
1988	5	5	0.382	1	0:00:11.541620
1989	6	5	0.309	0	0:00:11.663503
1990	4	5	0.111	0	0:00:11.556234
1991	1	1	0.391	1	0:00:11.342922
1992	6	6	0.391	1	0:00:11.556900
1993	3	3	0.391	1	0:00:11.460865
1994	8	3	0.115	0	0:00:11.401842
1995	2	4	0.391	0	0:00:11.278421
1996	3	5	0.391	0	0:00:11.524493
1997	9	9	0.338	1	0:00:11.662883
1998	8	3	0.0169	0	0:00:11.508573
1999	5	3	0.292	0	0:00:11.538161
2000	1	3	0.0449	0	0:00:11.490206
2001	5	5	0.0588	1	0:00:11.505350
2002	4	4	0.391	1	0:00:11.549576
2003	5	5	0.391	1	0:00:11.659169
2004	7	7	0.391	1	0:00:11.577669
2005	5	5	0.391	1	0:00:11.613469
2006	7	7	0.391	1	0:00:11.608387
2007	8	0	0.11	0	0:00:11.532541
2008	9	9	0.391	1	0:00:11.458477
2009	1	1	0.391	1	0:00:11.685904
2010	7	5	0.332	0	0:00:11.637381
2011	2	4	0.36	0	0:00:11.506891
2012	5	5	0.391	1	0:00:11.681464
2013	6	2	0.00751	0	0:00:11.707352
2014	8	8	0.382	1	0:00:11.692703
2015	4	4	0.372	1	0:00:11.640869
2016	6	2	0.184	0	0:00:11.574684
2017	5	3	0.0318	0	0:00:11.317873
2018	3	6	0.391	0	0:00:11.366057
2019	9	1	0.284	0	0:00:11.584532
2020	9	9	0.391	1	0:00:11.639118
2021	8	8	0.391	1	0:00:11.540041
2022	5	5	0.391	1	0:00:11.710529
2023	5	5	0.382	1	0:00:11.533229
2024	6	6	0.116	1	0:00:11.644066
2025	4	4	0.391	1	0:00:11.418267
2026	5	5	0.391	1	0:00:11.401739
2027	9	5	0.274	0	0:00:11.675317
2028	7	5	0.178	0	0:00:11.611188
2029	3	2	0.13	0	0:00:11.675742
2030	4	4	0.349	1	0:00:11.590652
2031	1	1	0.391	1	0:00:11.335160
2032	4	4	0.391	1	0:00:11.270743
2033	2	4	0.391	0	0:00:11.379230
2034	3	4	0.391	0	0:00:11.486582
2035	6	6	0.234	1	0:00:11.386945
2036	5	5	0.294	1	0:00:11.403364
2037	5	5	0.391	1	0:00:11.685974
2038	2	4	0.154	0	0:00:11.563710
2039	8	8	0.382	1	0:00:11.520861
2040	0	0	0.391	1	0:00:11.369879
2041	0	0	0.382	1	0:00:11.644528
2042	1	1	0.391	1	0:00:11.541266
2043	8	8	0.391	1	0:00:11.548087
2044	3	5	0.391	0	0:00:11.519501
2045	1	9	0.0724	0	0:00:11.539764
2046	3	5	0.0507	0	0:00:11.365619
2047	5	5	0.391	1	0:00:11.499977
2048	8	8	0.391	1	0:00:11.524908
2049	3	2	0.0571	0	0:00:11.610868
2050	8	8	0.391	1	0:00:11.320884
2051	5	5	0.391	1	0:00:11.604584
2052	8	8	0.391	1	0:00:11.692449
2053	6	2	0.372	0	0:00:11.648224
2054	3	5	0.391	0	0:00:11.460789
2055	5	5	0.358	1	0:00:11.678878
2056	5	5	0.391	1	0:00:11.607154
2057	5	3	0.338	0	0:00:11.627730
2058	0	8	0.382	0	0:00:11.418561
2059	9	9	0.333	1	0:00:11.640691
2060	5	5	0.233	1	0:00:11.601747
2061	5	2	0.00887	0	0:00:11.650271
2062	7	3	0.0229	0	0:00:11.360624
2063	1	1	0.27	1	0:00:11.190256
2064	8	8	0.391	1	0:00:11.600244
2065	2	-1	0.0	0	0:00:11.624578
2066	2	5	0.11	0	0:00:11.323989
2067	7	4	0.391	0	0:00:11.687798
2068	3	2	0.349	0	0:00:11.648412
2069	4	4	0.284	1	0:00:11.453974
2070	2	4	0.391	0	0:00:11.574990
2071	9	9	0.391	1	0:00:11.515111
2072	6	6	0.391	1	0:00:11.574378
2073	2	4	0.346	0	0:00:11.519372
2074	2	2	0.0501	1	0:00:11.532110
2075	4	4	0.247	1	0:00:11.585305
2076	3	5	0.391	0	0:00:11.644512
2077	0	0	0.217	1	0:00:11.588305
2078	2	4	0.00577	0	0:00:11.410951
2079	0	0	0.00786	1	0:00:11.649969
2080	1	1	0.0872	1	0:00:11.719228
2081	3	3	0.131	1	0:00:11.605750
2082	2	4	0.102	0	0:00:11.548449
2083	2	3	0.0931	0	0:00:11.578109
2084	7	7	0.391	1	0:00:11.630077
2085	0	4	0.224	0	0:00:11.604948
2086	1	1	0.391	1	0:00:11.432330
2087	0	4	0.198	0	0:00:11.635154
2088	7	7	0.391	1	0:00:11.332129
2089	7	7	0.391	1	0:00:11.645321
2090	2	4	0.391	0	0:00:11.369241
2091	0	5	0.169	0	0:00:11.559711
2092	1	1	0.391	1	0:00:11.428522
2093	6	6	0.391	1	0:00:11.581170
2094	5	5	0.391	1	0:00:11.636090
2095	0	4	0.391	0	0:00:11.602112
2096	2	9	0.391	0	0:00:11.489285
2097	2	4	0.391	0	0:00:11.620906
2098	0	0	0.391	1	0:00:11.640147
2099	1	1	0.391	1	0:00:11.424434
2100	2	3	0.143	0	0:00:11.469624
2101	6	6	0.045	1	0:00:11.314914
2102	0	0	0.292	1	0:00:11.674217
2103	1	5	0.0757	0	0:00:11.732198
2104	6	3	0.0947	0	0:00:11.399138
2105	6	3	0.0998	0	0:00:11.408386
2106	5	5	0.391	1	0:00:11.604836
2107	3	5	0.391	0	0:00:11.600801
2108	4	5	0.391	0	0:00:11.600856
2109	0	0	0.281	1	0:00:11.152460
2110	0	0	0.133	1	0:00:11.739278
2111	9	9	0.391	1	0:00:11.628302
2112	1	1	0.391	1	0:00:11.678354
2113	0	0	0.391	1	0:00:11.452018
2114	2	5	0.268	0	0:00:11.292426
2115	5	5	0.382	1	0:00:11.518321
2116	9	9	0.391	1	0:00:11.565403
2117	7	4	0.219	0	0:00:11.721480
2118	8	8	0.391	1	0:00:11.593297
2119	6	6	0.196	1	0:00:11.542999
2120	4	4	0.113	1	0:00:11.289219
2121	6	4	0.242	0	0:00:11.512321
2122	0	0	0.391	1	0:00:11.593258
2123	2	2	0.155	1	0:00:11.582628
2124	0	0	0.391	1	0:00:11.494787
2125	1	1	0.129	1	0:00:11.624987
2126	9	1	0.391	0	0:00:11.689723
2127	2	5	0.253	0	0:00:11.508802
2128	4	2	0.136	0	0:00:11.250736
2129	9	3	0.0234	0	0:00:11.743216
2130	0	0	0.0383	1	0:00:11.660934
2131	7	5	0.00922	0	0:00:11.577250
2132	2	3	0.098	0	0:00:11.511675
2133	3	5	0.391	0	0:00:11.526108
2134	4	4	0.155	1	0:00:11.564269
2135	8	8	0.391	1	0:00:11.545088
2136	0	9	0.391	0	0:00:11.660342
2137	2	4	0.354	0	0:00:11.496918
2138	6	6	0.391	1	0:00:11.669026
2139	8	8	0.391	1	0:00:11.397337
2140	9	9	0.391	1	0:00:11.536227
2141	7	5	0.0935	0	0:00:11.689846
2142	1	4	0.0269	0	0:00:11.577853
2143	9	9	0.391	1	0:00:11.452750
2144	3	-1	0.0	0	0:00:11.696254
2145	7	7	0.194	1	0:00:11.723808
2146	2	5	0.054	0	0:00:11.531439
2147	7	5	0.0699	0	0:00:11.684099
2148	9	9	0.391	1	0:00:11.596418
2149	6	6	0.2	1	0:00:11.455618
2150	9	9	0.169	1	0:00:11.563834
2151	5	3	0.0745	0	0:00:11.730926
2152	7	4	0.149	0	0:00:11.323287
2153	8	8	0.256	1	0:00:11.447353
2154	5	5	0.0251	1	0:00:11.718862
2155	9	4	0.0236	0	0:00:11.686970
2156	8	8	0.391	1	0:00:11.662275
2157	3	5	0.126	0	0:00:11.602316
2158	9	9	0.391	1	0:00:11.578854
2159	8	9	0.0919	0	0:00:11.518476
2160	0	8	0.214	0	0:00:11.398244
2161	5	4	0.238	0	0:00:11.631536
2162	5	3	0.0965	0	0:00:11.730862
2163	7	-1	0.0	0	0:00:11.625095
2164	1	1	0.391	1	0:00:11.642592
2165	2	4	0.365	0	0:00:11.645205
2166	0	4	0.391	0	0:00:11.400863
2167	7	5	0.273	0	0:00:11.526031
2168	5	5	0.135	1	0:00:11.606733
2169	8	0	0.00795	0	0:00:11.703029
2170	2	4	0.391	0	0:00:11.465974
2171	2	5	0.391	0	0:00:11.466821
2172	5	4	0.176	0	0:00:11.643179
2173	3	4	0.184	0	0:00:11.612705
2174	9	9	0.391	1	0:00:11.467735
2175	3	5	0.391	0	0:00:11.372082
2176	1	1	0.3	1	0:00:11.556699
2177	9	-1	0.0	0	0:00:11.651348
2178	3	9	0.201	0	0:00:11.641233
2179	1	1	0.391	1	0:00:11.416885
2180	4	4	0.0975	1	0:00:11.597372
2181	3	4	0.368	0	0:00:11.401167
2182	4	4	0.391	1	0:00:11.641085
2183	4	4	0.376	1	0:00:11.663629
2184	9	9	0.391	1	0:00:11.474830
2185	0	0	0.316	1	0:00:11.217789
2186	9	9	0.207	1	0:00:11.663949
2187	5	5	0.391	1	0:00:11.618996
2188	9	9	0.391	1	0:00:11.468130
2189	2	4	0.391	0	0:00:11.424929
2190	9	1	0.391	0	0:00:11.116447
2191	4	5	0.0419	0	0:00:11.573114
2192	0	4	0.00121	0	0:00:11.465118
2193	2	0	0.391	0	0:00:11.655333
2194	8	8	0.209	1	0:00:11.570261
2195	4	5	0.382	0	0:00:11.575526
2196	8	8	0.391	1	0:00:11.420919
2197	6	6	0.0728	1	0:00:11.438497
2198	8	8	0.391	1	0:00:11.629897
2199	2	2	0.382	1	0:00:11.532684
2200	0	4	0.391	0	0:00:11.426297
2201	5	5	0.391	1	0:00:11.617301
2202	9	1	0.14	0	0:00:11.344821
2203	6	3	0.0654	0	0:00:11.683604
2204	9	9	0.391	1	0:00:11.696376
2205	5	9	0.11	0	0:00:11.378134
2206	1	9	0.318	0	0:00:11.455632
2207	3	2	0.106	0	0:00:11.607244
2208	4	4	0.391	1	0:00:11.626675
2209	4	4	0.391	1	0:00:11.704753
2210	2	4	0.0268	0	0:00:11.528357
2211	7	7	0.2	1	0:00:11.248424
2212	2	4	0.391	0	0:00:11.670484
2213	4	6	0.113	0	0:00:11.690188
2214	4	2	0.391	0	0:00:11.461372
2215	0	0	0.0645	1	0:00:11.586443
2216	2	4	0.391	0	0:00:11.628770
2217	8	0	0.095	0	0:00:11.585912
2218	4	4	0.159	1	0:00:11.658347
2219	5	2	0.0386	0	0:00:11.644213
2220	1	1	0.391	1	0:00:11.576874
2221	2	2	0.3	1	0:00:11.481587
2222	6	2	0.337	0	0:00:11.571334
2223	8	8	0.351	1	0:00:11.539970
2224	1	1	0.391	1	0:00:11.414474
2225	7	7	0.391	1	0:00:11.456107
2226	2	6	0.391	0	0:00:11.517390
2227	8	8	0.391	1	0:00:11.626130
2228	7	7	0.391	1	0:00:11.696770
2229	4	4	0.391	1	0:00:11.701967
2230	3	5	0.391	0	0:00:11.587843
2231	3	5	0.141	0	0:00:11.461169
2232	0	5	0.391	0	0:00:11.712285
2233	3	4	0.391	0	0:00:11.462390
2234	7	7	0.391	1	0:00:11.173841
2235	2	4	0.391	0	0:00:11.394359
2236	5	3	0.147	0	0:00:11.333774
2237	6	3	0.0367	0	0:00:11.641768
2238	1	1	0.391	1	0:00:11.253595
2239	7	7	0.198	1	0:00:11.239865
2240	9	9	0.116	1	0:00:11.622548
2241	0	0	0.354	1	0:00:11.649846
2242	2	2	0.0774	1	0:00:11.381105
2243	3	5	0.251	0	0:00:11.350888
2244	9	9	0.391	1	0:00:11.494539
2245	8	8	0.391	1	0:00:11.536888
2246	9	3	0.147	0	0:00:11.510502
2247	5	5	0.248	1	0:00:11.383093
2248	0	0	0.0573	1	0:00:11.562696
2249	0	0	0.391	1	0:00:11.395537
2250	7	-1	0.0	0	0:00:11.520612
2251	6	5	0.201	0	0:00:11.518455
2252	3	5	0.391	0	0:00:11.662921
2253	3	5	0.391	0	0:00:11.539357
2254	8	8	0.391	1	0:00:11.453685
2255	1	-1	0.0	0	0:00:11.567157
2256	4	4	0.264	1	0:00:11.421516
2257	0	0	0.391	1	0:00:11.713849
2258	1	3	0.0582	0	0:00:11.623570
2259	5	5	0.382	1	0:00:11.504184
2260	4	5	0.0643	0	0:00:11.618157
2261	3	3	0.212	1	0:00:11.525654
2262	2	0	0.106	0	0:00:11.347778
2263	6	6	0.391	1	0:00:11.633610
2264	0	4	0.0409	0	0:00:11.407201
2265	8	8	0.391	1	0:00:11.636894
2266	8	8	0.302	1	0:00:11.717098
2267	6	5	0.391	0	0:00:11.348442
2268	3	5	0.343	0	0:00:11.725177
2269	3	5	0.00285	0	0:00:11.590776
2270	2	4	0.391	0	0:00:11.596460
2271	9	8	0.277	0	0:00:11.482835
2272	7	7	0.391	1	0:00:11.650616
2273	5	5	0.306	1	0:00:11.496407
2274	1	1	0.391	1	0:00:11.668413
2275	6	2	0.0957	0	0:00:11.605865
2276	0	0	0.233	1	0:00:11.627680
2277	5	5	0.391	1	0:00:11.518259
2278	9	9	0.391	1	0:00:11.653254
2279	9	9	0.391	1	0:00:11.701374
2280	4	4	0.391	1	0:00:11.237565
2281	5	5	0.391	1	0:00:11.258887
2282	9	1	0.186	0	0:00:11.430204
2283	4	5	0.117	0	0:00:11.617093
2284	8	8	0.242	1	0:00:11.449498
2285	3	5	0.391	0	0:00:11.633331
2286	3	5	0.391	0	0:00:11.647890
2287	2	4	0.184	0	0:00:11.301627
2288	5	2	0.0856	0	0:00:11.617494
2289	1	9	0.345	0	0:00:11.511759
2290	9	9	0.391	1	0:00:11.507243
2291	5	5	0.391	1	0:00:11.514750
2292	5	5	0.391	1	0:00:11.566122
2293	8	1	0.391	0	0:00:11.607328
2294	1	1	0.189	1	0:00:11.449899
2295	8	8	0.306	1	0:00:11.433883
2296	9	9	0.391	1	0:00:11.732272
2297	7	7	0.391	1	0:00:11.380524
2298	0	4	0.23	0	0:00:11.391643
2299	6	3	0.0394	0	0:00:11.691021
2300	3	4	0.391	0	0:00:11.632518
2301	2	4	0.345	0	0:00:11.592082
2302	0	4	0.391	0	0:00:11.575947
2303	2	4	0.382	0	0:00:11.476668
2304	6	3	0.0568	0	0:00:11.672964
2305	9	5	0.266	0	0:00:11.660695
2306	3	5	0.391	0	0:00:11.422414
2307	9	9	0.391	1	0:00:11.559467
2308	1	1	0.391	1	0:00:11.554710
2309	6	3	0.29	0	0:00:11.695726
2310	6	5	0.328	0	0:00:11.652273
2311	7	2	0.00323	0	0:00:11.673592
2312	2	2	0.154	1	0:00:11.602514
2313	6	2	0.238	0	0:00:11.505038
2314	3	4	0.113	0	0:00:11.592406
2315	2	4	0.162	0	0:00:11.626163
2316	5	4	0.141	0	0:00:11.471442
2317	5	5	0.376	1	0:00:11.582178
2318	2	2	0.247	1	0:00:11.546272
2319	7	7	0.0223	1	0:00:11.574193
2320	5	4	0.321	0	0:00:11.713788
2321	2	4	0.0451	0	0:00:11.685855
2322	0	4	0.34	0	0:00:11.455740
2323	8	1	0.365	0	0:00:11.591116
2324	0	0	0.02	1	0:00:11.489092
2325	7	4	0.0862	0	0:00:11.474453
2326	7	7	0.391	1	0:00:11.615176
2327	1	0	0.109	0	0:00:11.497598
2328	7	7	0.391	1	0:00:11.696975
2329	4	4	0.0259	1	0:00:11.633191
2330	0	8	0.326	0	0:00:11.617146
2331	2	5	0.391	0	0:00:11.591613
2332	2	4	0.391	0	0:00:11.658581
2333	6	6	0.391	1	0:00:11.491726
2334	1	1	0.158	1	0:00:11.491284
2335	5	5	0.391	1	0:00:11.465148
2336	9	9	0.391	1	0:00:11.700695
2337	7	7	0.166	1	0:00:11.556231
2338	6	2	0.0108	0	0:00:11.596550
2339	2	4	0.391	0	0:00:11.376309
2340	7	7	0.391	1	0:00:11.664062
2341	0	0	0.391	1	0:00:11.722758
2342	5	5	0.346	1	0:00:11.597003
2343	6	2	0.00928	0	0:00:11.362836
2344	0	0	0.391	1	0:00:11.552607
2345	1	1	0.296	1	0:00:11.593467
2346	1	1	0.391	1	0:00:11.624094
2347	8	8	0.391	1	0:00:11.615703
2348	4	0	0.0588	0	0:00:11.651808
2349	5	5	0.391	1	0:00:11.395570
2350	3	4	0.288	0	0:00:11.659381
2351	1	1	0.362	1	0:00:11.682516
2352	2	5	0.186	0	0:00:11.695838
2353	4	2	0.191	0	0:00:11.486272
2354	8	8	0.391	1	0:00:11.345852
2355	9	8	0.26	0	0:00:11.729383
2356	8	8	0.391	1	0:00:11.704792
2357	1	1	0.391	1	0:00:11.604500
2358	7	5	0.391	0	0:00:11.728778
2359	2	2	0.0609	1	0:00:11.623178
2360	7	5	0.391	0	0:00:11.503293
2361	2	4	0.391	0	0:00:11.744418
2362	3	4	0.0654	0	0:00:11.623705
2363	2	-1	0.0	0	0:00:11.607620
2364	6	6	0.391	1	0:00:11.431807
2365	7	5	0.391	0	0:00:11.611342
2366	9	1	0.382	0	0:00:11.678390
2367	4	4	0.391	1	0:00:11.674031
2368	0	0	0.191	1	0:00:11.635589
2369	1	1	0.316	1	0:00:11.486936
2370	0	0	0.391	1	0:00:11.635671
2371	4	0	0.0339	0	0:00:11.597414
2372	5	5	0.307	1	0:00:11.664512
2373	0	0	0.391	1	0:00:11.555361
2374	8	8	0.391	1	0:00:11.660714
2375	0	0	0.0279	1	0:00:11.495310
2376	7	0	0.16	0	0:00:11.737213
2377	6	3	0.22	0	0:00:11.462921
2378	1	1	0.391	1	0:00:11.525092
2379	0	0	0.362	1	0:00:11.659897
2380	8	8	0.235	1	0:00:11.674698
2381	5	5	0.391	1	0:00:11.662172
2382	9	9	0.391	1	0:00:11.664089
2383	2	4	0.391	0	0:00:11.629945
2384	5	5	0.238	1	0:00:11.616155
2385	4	5	0.266	0	0:00:11.573771
2386	4	4	0.326	1	0:00:11.671331
2387	9	1	0.0457	0	0:00:11.646960
2388	0	0	0.391	1	0:00:11.286697
2389	6	6	0.121	1	0:00:11.747504
2390	1	9	0.103	0	0:00:11.680802
2391	2	4	0.226	0	0:00:11.710492
2392	5	5	0.391	1	0:00:11.561170
2393	1	9	0.312	0	0:00:11.496714
2394	6	2	0.233	0	0:00:11.652817
2395	7	8	0.0911	0	0:00:11.335395
2396	1	1	0.326	1	0:00:11.578368
2397	5	4	0.391	0	0:00:11.405734
2398	8	8	0.391	1	0:00:11.728681
2399	8	8	0.298	1	0:00:11.651572
2400	0	0	0.0187	1	0:00:11.670164
2401	3	4	0.116	0	0:00:11.591018
2402	9	9	0.391	1	0:00:11.286495
2403	4	2	0.225	0	0:00:11.478448
2404	0	0	0.144	1	0:00:11.294743
2405	3	6	0.391	0	0:00:11.504813
2406	4	4	0.142	1	0:00:11.734662
2407	9	8	0.104	0	0:00:11.664898
2408	2	2	0.191	1	0:00:11.517557
2409	4	3	0.0458	0	0:00:11.539947
2410	3	5	0.171	0	0:00:11.144603
2411	0	0	0.391	1	0:00:11.529915
2412	6	6	0.262	1	0:00:11.369552
2413	4	6	0.145	0	0:00:11.679607
2414	5	5	0.356	1	0:00:11.727946
2415	6	6	0.0956	1	0:00:11.549834
2416	6	-1	0.0	0	0:00:11.521513
2417	7	7	0.391	1	0:00:11.598142
2418	8	8	0.391	1	0:00:11.487869
2419	4	5	0.391	0	0:00:11.574935
2420	8	4	0.0623	0	0:00:11.357978
2421	8	0	0.0209	0	0:00:11.567436
2422	3	4	0.0983	0	0:00:11.710492
2423	2	6	0.183	0	0:00:11.564365
2424	8	4	0.211	0	0:00:11.578927
2425	0	0	0.0281	1	0:00:11.615222
2426	2	4	0.391	0	0:00:11.596190
2427	5	3	0.131	0	0:00:11.602102
2428	6	3	0.0766	0	0:00:11.371133
2429	8	8	0.293	1	0:00:11.573804
2430	7	5	0.0514	0	0:00:11.383355
2431	8	8	0.391	1	0:00:11.651896
2432	9	8	0.134	0	0:00:11.610505
2433	9	9	0.391	1	0:00:11.473776
2434	0	8	0.188	0	0:00:11.637353
2435	6	2	0.0988	0	0:00:11.531133
2436	6	6	0.0241	1	0:00:11.644157
2437	8	8	0.382	1	0:00:11.490795
2438	1	1	0.391	1	0:00:11.482181
2439	1	1	0.391	1	0:00:11.647154
2440	7	7	0.09	1	0:00:11.662078
2441	4	2	0.108	0	0:00:11.328940
2442	4	4	0.304	1	0:00:11.618209
2443	2	4	0.391	0	0:00:11.598347
2444	3	3	0.0788	1	0:00:11.574029
2445	6	6	0.391	1	0:00:11.629003
2446	9	9	0.391	1	0:00:11.650899
2447	6	4	0.099	0	0:00:11.621207
2448	2	3	0.356	0	0:00:11.584652
2449	4	5	0.391	0	0:00:11.508761
2450	1	1	0.391	1	0:00:11.577222
2451	8	8	0.391	1	0:00:11.294680
2452	2	2	0.203	1	0:00:11.617494
2453	3	2	0.376	0	0:00:11.660197
2454	1	1	0.124	1	0:00:11.702260
2455	6	5	0.0188	0	0:00:11.572589
2456	8	8	0.382	1	0:00:11.558516
2457	6	3	0.0373	0	0:00:11.623823
2458	8	8	0.372	1	0:00:11.613939
2459	5	3	0.15	0	0:00:11.597432
2460	9	9	0.00802	1	0:00:11.533022
2461	0	4	0.391	0	0:00:11.569558
2462	1	1	0.391	1	0:00:11.673351
2463	0	0	0.391	1	0:00:11.652339
2464	2	6	0.316	0	0:00:11.239695
2465	9	9	0.391	1	0:00:11.618534
2466	2	4	0.391	0	0:00:11.232564
2467	9	9	0.391	1	0:00:11.390294
2468	0	4	0.391	0	0:00:11.708228
2469	9	9	0.391	1	0:00:11.702203
2470	7	7	0.391	1	0:00:11.255250
2471	8	0	0.354	0	0:00:11.538876
2472	5	5	0.0578	1	0:00:11.647723
2473	0	0	0.094	1	0:00:11.380444
2474	6	3	0.276	0	0:00:11.634832
2475	6	6	0.259	1	0:00:11.504845
2476	8	8	0.316	1	0:00:11.587838
2477	1	1	0.023	1	0:00:11.285020
2478	6	3	0.0886	0	0:00:11.669050
2479	5	5	0.391	1	0:00:11.648185
2480	8	8	0.391	1	0:00:11.362994
2481	7	4	0.391	0	0:00:11.469972
2482	9	9	0.308	1	0:00:11.541506
2483	2	4	0.0589	0	0:00:11.650934
2484	1	1	0.391	1	0:00:11.378903
2485	6	6	0.391	1	0:00:11.196700
2486	7	4	0.391	0	0:00:11.555917
2487	5	5	0.391	1	0:00:11.600801
2488	6	6	0.391	1	0:00:11.344277
2489	3	4	0.12	0	0:00:11.138058
2490	0	0	0.248	1	0:00:11.370287
2491	9	8	0.232	0	0:00:11.636441
2492	8	8	0.391	1	0:00:11.634518
2493	9	1	0.284	0	0:00:11.473252
2494	5	4	0.211	0	0:00:11.513549
2495	9	8	0.391	0	0:00:11.460688
2496	9	9	0.391	1	0:00:11.277938
2497	9	8	0.23	0	0:00:11.599481
2498	3	5	0.326	0	0:00:11.425550
2499	6	5	0.0994	0	0:00:11.595468
2500	4	2	0.00113	0	0:00:11.571774
2501	4	4	0.391	1	0:00:11.239144
2502	8	8	0.31	1	0:00:11.183508
2503	8	8	0.000663	1	0:00:11.566307
2504	1	1	0.0517	1	0:00:11.590824
2505	7	9	0.244	0	0:00:11.718943
2506	3	8	0.098	0	0:00:11.579199
2507	0	0	0.103	1	0:00:11.441866
2508	6	2	0.000202	0	0:00:11.527171
2509	2	4	0.135	0	0:00:11.633653
2510	4	-1	0.0	0	0:00:11.584565
2511	8	8	0.148	1	0:00:11.531135
2512	2	5	0.199	0	0:00:11.696290
2513	2	4	0.391	0	0:00:11.561783
2514	9	9	0.331	1	0:00:11.471750
2515	2	-1	0.0	0	0:00:11.716286
2516	2	5	0.143	0	0:00:11.636451
2517	9	9	0.391	1	0:00:11.631380
2518	7	7	0.391	1	0:00:11.528979
2519	4	3	0.139	0	0:00:11.681051
2520	1	9	0.0438	0	0:00:11.297979
2521	9	5	0.343	0	0:00:11.367079
2522	1	8	0.0028	0	0:00:11.471163
2523	4	5	0.0417	0	0:00:11.704855
2524	3	3	0.336	1	0:00:11.749210
2525	5	3	0.302	0	0:00:11.615252
2526	3	3	0.121	1	0:00:11.484282
2527	8	8	0.18	1	0:00:11.637239
2528	9	1	0.119	0	0:00:11.293395
2529	3	9	0.362	0	0:00:11.331114
2530	6	6	0.391	1	0:00:11.608773
2531	2	5	0.0933	0	0:00:11.730809
2532	0	1	0.14	0	0:00:11.555724
2533	8	5	0.352	0	0:00:11.550653
2534	9	9	0.143	1	0:00:11.429312
2535	0	4	0.322	0	0:00:11.662568
2536	5	5	0.391	1	0:00:11.410608
2537	1	1	0.391	1	0:00:11.700191
2538	5	4	0.362	0	0:00:11.601701
2539	8	8	0.253	1	0:00:11.596911
2540	2	2	0.251	1	0:00:11.564034
2541	1	1	0.391	1	0:00:11.683906
2542	2	0	0.167	0	0:00:11.627883
2543	3	4	0.391	0	0:00:11.557240
2544	2	3	0.142	0	0:00:11.441003
2545	4	7	0.192	0	0:00:11.642787
2546	8	8	0.391	1	0:00:11.647775
2547	4	4	0.391	1	0:00:11.431783
2548	0	4	0.356	0	0:00:11.663704
2549	6	6	0.176	1	0:00:11.631141
2550	4	2	0.175	0	0:00:11.282162
2551	2	6	0.391	0	0:00:11.516833
2552	9	9	0.391	1	0:00:11.663841
2553	8	8	0.391	1	0:00:11.656765
2554	4	7	0.365	0	0:00:11.677289
2555	7	7	0.0835	1	0:00:11.498211
2556	6	6	0.0754	1	0:00:11.555891
2557	2	5	0.313	0	0:00:11.666255
2558	4	4	0.391	1	0:00:11.565458
2559	7	5	0.00115	0	0:00:11.627603
2560	7	5	0.209	0	0:00:11.623370
2561	6	6	0.391	1	0:00:11.616744
2562	4	4	0.246	1	0:00:11.400216
2563	2	4	0.325	0	0:00:11.393076
2564	2	4	0.289	0	0:00:11.684343
2565	3	5	0.391	0	0:00:11.688673
2566	2	5	0.18	0	0:00:11.506665
2567	4	5	0.264	0	0:00:11.541824
2568	9	5	0.105	0	0:00:11.605334
2569	0	0	0.391	1	0:00:11.671108
2570	0	4	0.391	0	0:00:11.632314
2571	9	9	0.391	1	0:00:11.510301
2572	6	4	0.382	0	0:00:11.409921
2573	5	5	0.156	1	0:00:11.372573
2574	8	0	0.03	0	0:00:11.673941
2575	5	4	0.391	0	0:00:11.500599
2576	2	4	0.084	0	0:00:11.566553
2577	4	4	0.0625	1	0:00:11.680389
2578	8	8	0.391	1	0:00:11.499839
2579	8	3	0.231	0	0:00:11.118963
2580	6	3	0.0026	0	0:00:11.410527
2581	4	1	0.0377	0	0:00:11.460573
2582	5	5	0.391	1	0:00:11.489148
2583	7	7	0.391	1	0:00:11.437132
2584	6	6	0.376	1	0:00:11.641342
2585	3	-1	0.0	0	0:00:11.420117
2586	7	3	0.162	0	0:00:11.504947
2587	0	0	0.391	1	0:00:11.527060
2588	4	4	0.0104	1	0:00:11.539721
2589	0	0	0.0433	1	0:00:11.231958
2590	5	5	0.211	1	0:00:11.538343
2591	8	8	0.391	1	0:00:11.630091
2592	2	3	0.00973	0	0:00:11.543434
2593	8	8	0.391	1	0:00:11.290386
2594	0	1	0.0219	0	0:00:11.303277
2595	4	2	0.255	0	0:00:11.623416
2596	9	3	0.143	0	0:00:11.570723
2597	2	5	0.391	0	0:00:11.595174
2598	3	4	0.0791	0	0:00:11.575835
2599	6	3	0.216	0	0:00:11.378077
2600	8	8	0.288	1	0:00:11.470748
2601	1	1	0.391	1	0:00:11.348370
2602	6	6	0.391	1	0:00:11.645921
2603	0	4	0.17	0	0:00:11.667399
2604	8	8	0.248	1	0:00:11.615077
2605	4	5	0.0158	0	0:00:11.564976
2606	3	5	0.339	0	0:00:11.418422
2607	1	1	0.391	1	0:00:11.617041
2608	4	2	0.264	0	0:00:11.648995
2609	5	-1	0.0	0	0:00:11.555093
2610	2	4	0.391	0	0:00:11.237453
2611	4	4	0.391	1	0:00:11.622931
2612	3	5	0.213	0	0:00:11.676099
2613	6	4	0.0125	0	0:00:11.631564
2614	0	0	0.391	1	0:00:11.328075
2615	7	7	0.391	1	0:00:11.712853
2616	1	1	0.19	1	0:00:11.373460
2617	3	5	0.0752	0	0:00:11.614153
2618	5	5	0.382	1	0:00:11.379906
2619	7	5	0.0852	0	0:00:11.549313
2620	1	1	0.391	1	0:00:11.672042
2621	8	8	0.0946	1	0:00:11.344074
2622	0	4	0.391	0	0:00:11.659795
2623	4	4	0.36	1	0:00:11.642901
2624	8	8	0.391	1	0:00:11.607220
2625	2	4	0.391	0	0:00:11.585783
2626	7	4	0.0602	0	0:00:11.318380
2627	7	7	0.269	1	0:00:11.635673
2628	0	8	0.0758	0	0:00:11.627579
2629	2	4	0.0589	0	0:00:11.605594
2630	2	3	0.263	0	0:00:11.455323
2631	4	2	0.0709	0	0:00:11.431021
2632	3	5	0.391	0	0:00:11.527764
2633	3	5	0.391	0	0:00:11.518121
2634	1	5	0.0289	0	0:00:11.467402
2635	6	2	0.329	0	0:00:11.625110
2636	1	1	0.391	1	0:00:11.272545
2637	6	3	0.172	0	0:00:11.680676
2638	4	2	0.234	0	0:00:11.677378
2639	6	6	0.391	1	0:00:11.607819
2640	7	7	0.391	1	0:00:11.569972
2641	4	2	0.11	0	0:00:11.559694
2642	7	-1	0.0	0	0:00:11.456591
2643	3	5	0.391	0	0:00:11.648017
2644	8	8	0.259	1	0:00:11.620755
2645	1	1	0.391	1	0:00:11.595703
2646	3	4	0.391	0	0:00:11.661114
2647	1	1	0.391	1	0:00:11.439337
2648	4	4	0.00453	1	0:00:11.535714
2649	6	6	0.0182	1	0:00:11.370390
2650	5	9	0.0667	0	0:00:11.524172
2651	5	0	0.233	0	0:00:11.653157
2652	7	7	0.391	1	0:00:11.690449
2653	4	4	0.391	1	0:00:11.174844
2654	5	-1	0.0	0	0:00:11.654845
2655	4	4	0.299	1	0:00:11.689965
2656	9	9	0.285	1	0:00:11.554286
2657	7	7	0.391	1	0:00:11.152622
2658	7	7	0.391	1	0:00:11.291444
