idx	label	predict	radius	correct	time
0	3	9	1.84	0	0:00:10.617426
1	8	9	1.45	0	0:00:10.655661
2	8	9	1.22	0	0:00:10.708183
3	0	9	1.19	0	0:00:10.730098
4	6	9	0.424	0	0:00:10.762165
5	6	9	0.955	0	0:00:10.766816
6	1	9	1.26	0	0:00:10.770278
7	6	9	1.58	0	0:00:10.791500
8	3	9	1.03	0	0:00:10.798773
9	1	9	1.88	0	0:00:10.806600
10	0	9	0.895	0	0:00:10.821031
11	9	9	1.88	1	0:00:10.811789
12	5	9	1.14	0	0:00:10.827157
13	7	9	0.278	0	0:00:10.842098
14	9	9	1.81	1	0:00:10.831797
15	8	-1	0.0	0	0:00:10.837365
16	5	9	1.25	0	0:00:10.863193
17	7	9	1.09	0	0:00:10.835287
18	8	9	1.42	0	0:00:10.875317
19	6	9	0.663	0	0:00:10.872427
20	7	7	0.874	1	0:00:10.894414
21	0	4	0.303	0	0:00:10.838502
22	4	9	1.55	0	0:00:10.891053
23	9	9	1.34	1	0:00:10.860387
24	5	-1	0.0	0	0:00:10.854632
25	2	9	0.917	0	0:00:10.873534
26	4	9	0.672	0	0:00:10.875447
27	0	9	0.469	0	0:00:10.877095
28	9	9	1.81	1	0:00:10.863809
29	6	9	1.34	0	0:00:10.839347
30	6	9	0.824	0	0:00:10.895361
31	5	9	1.39	0	0:00:10.858561
32	4	9	0.482	0	0:00:10.884357
33	5	9	0.946	0	0:00:10.860990
34	9	9	1.24	1	0:00:10.880928
35	2	9	1.4	0	0:00:10.852851
36	4	9	0.814	0	0:00:10.889374
37	1	9	1.09	0	0:00:10.862872
38	9	9	1.83	1	0:00:10.877405
39	5	9	1.22	0	0:00:10.894161
40	4	9	0.82	0	0:00:10.857482
41	6	9	1.35	0	0:00:10.866833
42	5	9	1.12	0	0:00:10.891727
43	6	9	0.844	0	0:00:10.870856
44	0	9	0.207	0	0:00:10.872931
45	9	9	1.53	1	0:00:10.888312
46	3	9	1.42	0	0:00:10.865166
47	9	9	1.27	1	0:00:10.887267
48	7	9	0.61	0	0:00:10.879136
49	6	9	0.559	0	0:00:10.862292
50	9	9	1.22	1	0:00:10.862949
51	8	9	1.54	0	0:00:10.870577
52	0	9	0.743	0	0:00:10.875632
53	3	9	1.91	0	0:00:10.865095
54	8	9	1.29	0	0:00:10.879411
55	8	9	1.37	0	0:00:10.857965
56	7	7	0.315	1	0:00:10.875557
57	7	9	1.66	0	0:00:10.899695
58	4	9	1.47	0	0:00:10.842382
59	6	9	0.737	0	0:00:10.878246
60	7	7	1.04	1	0:00:10.870620
61	3	9	0.4	0	0:00:10.844730
62	6	9	1.28	0	0:00:10.884382
63	3	9	1.34	0	0:00:10.880422
64	6	9	0.527	0	0:00:10.869569
65	2	9	0.773	0	0:00:10.856310
66	1	9	0.828	0	0:00:10.889812
67	2	9	0.469	0	0:00:10.832021
68	3	9	1.27	0	0:00:10.847776
69	7	9	1.73	0	0:00:10.871169
70	2	9	0.747	0	0:00:10.893761
71	6	9	1.61	0	0:00:10.864275
72	8	9	0.955	0	0:00:10.860519
73	8	9	0.812	0	0:00:10.849908
74	0	9	0.487	0	0:00:10.867306
75	2	9	0.264	0	0:00:10.854463
76	9	9	0.887	1	0:00:10.882650
77	3	9	1.4	0	0:00:10.874455
78	3	9	0.492	0	0:00:10.856776
79	8	9	1.21	0	0:00:10.845583
80	8	9	1.22	0	0:00:10.866728
81	1	9	0.353	0	0:00:10.854127
82	1	9	0.656	0	0:00:10.893581
83	7	7	0.289	1	0:00:10.847760
84	2	9	0.529	0	0:00:10.859458
85	5	7	0.2	0	0:00:10.887933
86	2	9	1.88	0	0:00:10.867111
87	7	9	1.83	0	0:00:10.875095
88	8	9	1.6	0	0:00:10.889219
89	9	9	1.51	1	0:00:10.837549
90	0	9	1.44	0	0:00:10.887116
91	3	9	1.37	0	0:00:10.878912
92	8	9	0.555	0	0:00:10.847620
93	6	9	0.843	0	0:00:10.863215
94	4	9	0.595	0	0:00:10.887000
95	6	9	1.0	0	0:00:10.867613
96	6	9	0.913	0	0:00:10.869539
97	0	9	1.13	0	0:00:10.854253
98	0	4	0.53	0	0:00:10.840954
99	7	9	0.68	0	0:00:10.869606
100	4	9	0.662	0	0:00:10.862051
101	5	9	1.12	0	0:00:10.866291
102	6	9	1.68	0	0:00:10.848565
103	3	9	1.74	0	0:00:10.863605
104	1	9	0.33	0	0:00:10.874840
105	1	9	0.96	0	0:00:10.828675
106	3	9	1.06	0	0:00:10.853220
107	6	9	1.2	0	0:00:10.879673
108	8	9	0.91	0	0:00:10.860899
109	7	9	1.23	0	0:00:10.863755
110	4	-1	0.0	0	0:00:10.837441
111	0	9	0.0616	0	0:00:10.868699
112	6	9	0.567	0	0:00:10.856475
113	2	9	1.52	0	0:00:10.865251
114	1	9	0.1	0	0:00:10.856653
115	3	9	1.03	0	0:00:10.863388
116	0	9	0.209	0	0:00:10.865015
117	4	9	0.933	0	0:00:10.875818
118	2	9	1.15	0	0:00:10.849510
119	7	9	0.739	0	0:00:10.885761
120	8	9	0.983	0	0:00:10.876733
121	3	9	0.194	0	0:00:10.879905
122	1	9	0.787	0	0:00:10.850727
123	2	9	0.182	0	0:00:10.877837
124	8	9	0.713	0	0:00:10.868238
125	0	9	0.85	0	0:00:10.891371
126	8	9	1.71	0	0:00:10.860840
127	3	9	1.42	0	0:00:10.856571
128	5	-1	0.0	0	0:00:10.899925
129	2	9	1.14	0	0:00:10.873323
130	4	9	0.0171	0	0:00:10.873000
131	1	9	1.61	0	0:00:10.866409
132	8	9	1.18	0	0:00:10.890387
133	9	9	0.976	1	0:00:10.857825
134	1	9	1.16	0	0:00:10.880300
135	2	9	1.18	0	0:00:10.850969
136	9	9	1.96	1	0:00:10.863368
137	7	9	0.368	0	0:00:10.864641
138	2	9	0.993	0	0:00:10.899679
139	9	9	0.764	1	0:00:10.865511
140	6	9	1.02	0	0:00:10.848322
141	5	9	0.338	0	0:00:10.855397
142	6	9	1.11	0	0:00:10.858018
143	3	9	1.5	0	0:00:10.854270
144	8	9	0.722	0	0:00:10.849420
145	7	9	1.09	0	0:00:10.878976
146	6	9	1.41	0	0:00:10.872741
147	2	9	1.48	0	0:00:10.854064
148	5	9	0.273	0	0:00:10.894084
149	2	9	0.797	0	0:00:10.838395
150	8	9	0.807	0	0:00:10.858047
151	9	9	1.46	1	0:00:10.887108
152	6	9	1.18	0	0:00:10.880073
153	0	9	0.65	0	0:00:10.866766
154	0	9	0.726	0	0:00:10.862605
155	5	9	1.23	0	0:00:10.875010
156	2	9	0.589	0	0:00:10.873058
157	9	9	1.73	1	0:00:10.873719
158	5	9	0.799	0	0:00:10.875884
159	4	9	0.706	0	0:00:10.881974
160	2	9	0.0118	0	0:00:10.860579
161	1	9	1.27	0	0:00:10.879538
162	6	9	1.46	0	0:00:10.881625
163	6	9	1.35	0	0:00:10.926619
164	8	9	1.42	0	0:00:10.848830
165	4	9	0.369	0	0:00:10.869844
166	8	9	1.57	0	0:00:10.871288
167	4	9	1.44	0	0:00:10.882808
168	5	9	0.51	0	0:00:10.867483
169	0	9	1.64	0	0:00:10.865691
170	9	9	1.44	1	0:00:10.910677
171	9	9	0.264	1	0:00:10.855026
172	9	9	1.27	1	0:00:10.901866
173	8	9	1.42	0	0:00:10.866988
174	9	9	1.26	1	0:00:10.857565
175	9	9	1.88	1	0:00:10.865027
176	3	9	1.29	0	0:00:10.863769
177	7	9	0.683	0	0:00:10.883532
178	5	9	1.14	0	0:00:10.869657
179	0	9	0.803	0	0:00:10.880355
180	0	9	0.618	0	0:00:10.890528
181	5	7	0.244	0	0:00:10.851749
182	2	9	0.399	0	0:00:10.869261
183	2	9	1.31	0	0:00:10.872428
184	3	9	0.0836	0	0:00:10.897045
185	8	9	1.04	0	0:00:10.876711
186	6	9	1.36	0	0:00:10.860050
187	3	9	0.945	0	0:00:10.882474
188	4	9	0.308	0	0:00:10.889991
189	0	9	1.49	0	0:00:10.872175
190	5	9	1.71	0	0:00:10.857795
191	8	9	1.23	0	0:00:10.892444
192	0	9	0.941	0	0:00:10.867825
193	1	9	0.705	0	0:00:10.871341
194	7	9	1.25	0	0:00:10.899770
195	2	9	0.852	0	0:00:10.853639
196	8	9	0.247	0	0:00:10.854741
197	8	9	0.561	0	0:00:10.878630
198	7	-1	0.0	0	0:00:10.880407
199	8	9	0.389	0	0:00:10.869240
200	5	9	0.879	0	0:00:10.854975
201	1	9	1.5	0	0:00:10.889639
202	8	9	1.21	0	0:00:10.861164
203	7	7	0.893	1	0:00:10.859968
204	1	9	0.65	0	0:00:10.896466
205	3	9	1.67	0	0:00:10.865597
206	0	9	1.43	0	0:00:10.863286
207	5	9	0.456	0	0:00:10.872439
208	7	7	0.235	1	0:00:10.899443
209	9	9	1.53	1	0:00:10.870539
210	7	9	0.738	0	0:00:10.881592
211	4	9	1.36	0	0:00:10.861593
212	5	9	0.0375	0	0:00:10.869078
213	9	9	1.19	1	0:00:10.854625
214	8	9	0.993	0	0:00:10.899906
215	0	0	0.157	1	0:00:10.863894
216	7	7	0.204	1	0:00:10.874300
217	9	9	1.6	1	0:00:10.876635
218	8	8	0.456	1	0:00:10.845094
219	2	7	0.292	0	0:00:10.916837
220	7	7	1.39	1	0:00:10.891007
221	6	9	1.17	0	0:00:10.883365
222	9	9	1.59	1	0:00:10.875311
223	4	9	0.44	0	0:00:10.869582
224	3	9	1.56	0	0:00:10.893923
225	9	9	1.71	1	0:00:10.869467
226	6	9	1.88	0	0:00:10.913861
227	4	9	0.522	0	0:00:10.848853
228	7	9	0.514	0	0:00:10.873365
229	6	7	0.121	0	0:00:10.924513
230	5	9	0.0956	0	0:00:10.896669
231	1	9	1.13	0	0:00:10.863719
232	5	-1	0.0	0	0:00:10.876086
233	8	9	0.613	0	0:00:10.868347
234	8	9	1.31	0	0:00:10.876919
235	0	9	0.00838	0	0:00:10.893702
236	4	9	1.5	0	0:00:10.885795
237	0	9	1.39	0	0:00:10.876793
238	5	9	1.04	0	0:00:10.862952
239	5	0	0.0188	0	0:00:10.868901
240	1	9	0.833	0	0:00:10.867477
241	1	9	1.79	0	0:00:10.893055
242	8	9	1.08	0	0:00:10.881081
243	9	9	1.76	1	0:00:10.859073
244	0	9	0.848	0	0:00:10.866943
245	3	9	0.887	0	0:00:10.899914
246	1	9	0.492	0	0:00:10.888729
247	9	9	1.71	1	0:00:10.897378
248	2	9	1.02	0	0:00:10.874574
249	2	9	0.374	0	0:00:10.871186
250	5	9	0.592	0	0:00:10.905528
251	3	9	1.06	0	0:00:10.855716
252	9	9	1.62	1	0:00:10.885850
253	9	9	1.06	1	0:00:10.861027
254	4	9	0.768	0	0:00:10.869347
255	0	9	0.839	0	0:00:10.867343
256	3	9	1.62	0	0:00:10.874533
257	0	9	1.03	0	0:00:10.863142
258	0	9	0.873	0	0:00:10.890983
259	9	9	1.3	1	0:00:10.872082
260	8	9	0.87	0	0:00:10.880538
261	1	9	1.69	0	0:00:10.878826
262	5	9	0.18	0	0:00:10.875128
263	7	9	1.54	0	0:00:10.876990
264	0	0	0.00976	1	0:00:10.886887
265	8	9	1.69	0	0:00:10.887924
266	2	9	1.35	0	0:00:10.888840
267	4	9	0.439	0	0:00:10.860884
268	7	9	0.593	0	0:00:10.904952
269	0	9	0.113	0	0:00:10.875195
270	2	9	0.877	0	0:00:10.886363
271	3	9	0.791	0	0:00:10.860774
272	6	9	1.61	0	0:00:10.891567
273	3	9	1.47	0	0:00:10.881133
274	8	9	1.45	0	0:00:10.890883
275	5	5	0.0719	1	0:00:10.871973
276	0	9	1.18	0	0:00:10.920375
277	3	9	0.851	0	0:00:10.849267
278	4	7	0.487	0	0:00:10.885732
279	3	9	0.613	0	0:00:10.871873
280	9	9	1.88	1	0:00:10.873286
281	0	-1	0.0	0	0:00:10.872851
282	6	9	1.02	0	0:00:10.872517
283	1	9	0.761	0	0:00:10.864812
284	0	9	1.2	0	0:00:10.889034
285	9	9	1.77	1	0:00:10.863981
286	1	9	1.15	0	0:00:10.869477
287	0	9	1.31	0	0:00:10.877503
288	7	7	1.32	1	0:00:10.875201
289	9	9	0.81	1	0:00:10.892400
290	1	9	0.704	0	0:00:10.861851
291	2	9	1.03	0	0:00:10.886586
292	6	9	1.27	0	0:00:10.882115
293	9	9	1.66	1	0:00:10.888036
294	3	5	0.17	0	0:00:10.898180
295	4	9	0.152	0	0:00:10.876220
296	6	9	0.935	0	0:00:10.884472
297	0	0	0.0242	1	0:00:10.859298
298	0	0	0.533	1	0:00:10.900106
299	6	9	0.984	0	0:00:10.866590
300	6	-1	0.0	0	0:00:10.888641
301	6	9	1.0	0	0:00:10.865728
302	3	9	0.0873	0	0:00:10.896119
303	2	9	1.61	0	0:00:10.860045
304	6	9	0.635	0	0:00:10.910112
305	1	9	1.16	0	0:00:10.862071
306	8	9	1.62	0	0:00:10.908409
307	2	9	0.343	0	0:00:10.920362
308	1	9	0.203	0	0:00:10.871403
309	6	9	0.878	0	0:00:10.861263
310	8	9	1.45	0	0:00:10.879884
311	6	9	0.33	0	0:00:10.896464
312	8	9	0.951	0	0:00:10.861185
313	0	8	0.228	0	0:00:10.892188
314	4	9	0.355	0	0:00:10.894847
315	0	7	0.0377	0	0:00:10.860351
316	7	9	1.09	0	0:00:10.875211
317	7	9	0.237	0	0:00:10.882209
318	5	9	0.959	0	0:00:10.895611
319	5	9	1.22	0	0:00:10.878633
320	3	9	0.953	0	0:00:10.874681
321	5	9	1.96	0	0:00:10.879472
322	2	9	0.895	0	0:00:10.875632
323	3	9	0.896	0	0:00:10.859692
324	4	9	1.24	0	0:00:10.865566
325	1	9	1.36	0	0:00:10.892811
326	7	9	0.948	0	0:00:10.882012
327	5	9	1.14	0	0:00:10.901007
328	4	9	1.28	0	0:00:10.891542
329	6	9	1.31	0	0:00:10.884681
330	1	1	0.576	1	0:00:10.896710
331	9	9	1.91	1	0:00:10.849722
332	3	9	0.822	0	0:00:10.909531
333	6	9	0.846	0	0:00:10.855322
334	6	9	1.45	0	0:00:10.858325
335	9	9	1.83	1	0:00:10.867551
336	3	9	1.59	0	0:00:10.859739
337	8	9	1.61	0	0:00:10.894960
338	0	-1	0.0	0	0:00:10.859863
339	7	9	1.11	0	0:00:10.876193
340	2	9	0.768	0	0:00:10.893511
341	6	9	1.45	0	0:00:10.897932
342	2	9	0.573	0	0:00:10.866249
343	5	9	0.909	0	0:00:10.887871
344	8	9	0.719	0	0:00:10.888785
345	5	9	0.653	0	0:00:10.885414
346	4	7	0.657	0	0:00:10.886069
347	6	9	0.481	0	0:00:10.867308
348	8	8	0.626	1	0:00:10.870104
349	9	9	1.79	1	0:00:10.894013
350	9	9	1.52	1	0:00:10.855698
351	1	9	0.344	0	0:00:10.882642
352	0	9	1.74	0	0:00:10.858561
353	2	-1	0.0	0	0:00:10.872367
354	2	9	1.45	0	0:00:10.902639
355	7	9	1.1	0	0:00:10.871018
356	3	9	1.04	0	0:00:10.884127
357	2	9	0.834	0	0:00:10.896353
358	8	9	1.17	0	0:00:10.857415
359	0	9	1.78	0	0:00:10.886263
360	9	9	1.8	1	0:00:10.859392
361	5	9	0.728	0	0:00:10.891742
362	8	9	0.428	0	0:00:10.853845
363	1	9	1.63	0	0:00:10.903141
364	9	1	0.00435	0	0:00:10.858166
365	4	9	0.0334	0	0:00:10.872501
366	1	9	1.09	0	0:00:10.888424
367	3	9	1.62	0	0:00:10.867424
368	8	9	0.48	0	0:00:10.872538
369	1	9	0.86	0	0:00:10.908285
370	4	9	1.18	0	0:00:10.855464
371	7	7	0.732	1	0:00:10.881384
372	9	9	1.96	1	0:00:10.873827
373	4	9	1.17	0	0:00:10.886100
374	2	9	1.05	0	0:00:10.887948
375	7	9	0.723	0	0:00:10.868995
376	0	9	1.96	0	0:00:10.870620
377	7	9	1.11	0	0:00:10.871394
378	0	9	1.17	0	0:00:10.886800
379	6	9	0.848	0	0:00:10.895681
380	6	9	1.21	0	0:00:10.865365
381	9	9	1.96	1	0:00:10.871528
382	0	0	0.788	1	0:00:10.868550
383	9	9	1.01	1	0:00:10.876308
384	2	9	1.8	0	0:00:10.896726
385	8	8	0.152	1	0:00:10.870790
386	7	9	0.0722	0	0:00:10.859713
387	2	-1	0.0	0	0:00:10.884440
388	2	9	0.916	0	0:00:10.885073
389	5	9	0.734	0	0:00:10.871070
390	1	9	1.18	0	0:00:10.866207
391	2	9	0.0815	0	0:00:10.882446
392	6	9	0.392	0	0:00:10.887776
393	2	-1	0.0	0	0:00:10.894662
394	9	9	1.23	1	0:00:10.909862
395	6	9	1.32	0	0:00:10.882480
396	2	9	0.645	0	0:00:10.885492
397	3	9	0.952	0	0:00:10.878863
398	0	9	0.659	0	0:00:10.883558
399	3	9	1.26	0	0:00:10.908951
400	9	9	1.96	1	0:00:10.886841
401	8	9	0.211	0	0:00:10.881617
402	7	7	0.00837	1	0:00:10.899204
403	8	9	1.53	0	0:00:10.951087
404	8	9	0.959	0	0:00:10.852480
405	4	9	1.09	0	0:00:10.879095
406	0	-1	0.0	0	0:00:10.919180
407	1	9	0.54	0	0:00:10.882427
408	8	9	0.632	0	0:00:10.893300
409	2	9	0.179	0	0:00:10.884346
410	7	9	1.37	0	0:00:10.895532
411	9	9	1.29	1	0:00:10.896918
412	3	7	0.658	0	0:00:10.894237
413	6	9	0.564	0	0:00:10.891431
414	1	9	1.44	0	0:00:10.921184
415	9	9	1.96	1	0:00:10.877735
416	0	-1	0.0	0	0:00:10.884631
417	7	9	1.66	0	0:00:10.919522
418	3	9	1.13	0	0:00:10.870857
419	7	9	1.52	0	0:00:10.874517
420	4	9	1.3	0	0:00:10.892761
421	5	9	0.425	0	0:00:10.878074
422	0	9	0.866	0	0:00:10.905339
423	0	9	0.134	0	0:00:10.897699
424	2	9	0.974	0	0:00:10.922684
425	9	9	1.96	1	0:00:10.863322
426	3	9	1.81	0	0:00:10.896486
427	4	9	1.42	0	0:00:10.891083
428	0	9	1.25	0	0:00:10.900479
429	6	9	0.939	0	0:00:10.876941
430	2	9	1.11	0	0:00:10.919837
431	5	9	0.678	0	0:00:10.911461
432	3	9	1.08	0	0:00:10.894088
433	7	9	0.568	0	0:00:10.912838
434	3	9	1.55	0	0:00:10.884260
435	7	7	0.393	1	0:00:10.914273
436	2	9	1.88	0	0:00:10.908633
437	5	9	0.989	0	0:00:10.882254
438	3	9	0.635	0	0:00:10.875336
439	1	9	1.36	0	0:00:10.896339
440	1	9	1.43	0	0:00:10.931794
441	4	9	0.638	0	0:00:10.890141
442	9	9	1.34	1	0:00:10.875852
443	9	9	1.3	1	0:00:10.903891
444	5	9	0.686	0	0:00:10.909255
445	7	9	1.41	0	0:00:10.902704
446	5	9	1.65	0	0:00:10.901806
447	0	8	0.369	0	0:00:10.897836
448	2	9	0.254	0	0:00:10.886854
449	2	9	0.471	0	0:00:10.905534
450	2	9	0.465	0	0:00:10.912315
451	9	9	1.36	1	0:00:10.891386
452	7	9	1.16	0	0:00:10.898810
453	3	9	0.85	0	0:00:10.908513
454	9	9	1.16	1	0:00:10.913885
455	4	9	0.507	0	0:00:10.869911
456	3	9	0.52	0	0:00:10.884329
457	5	9	1.43	0	0:00:10.894884
458	4	9	0.58	0	0:00:10.909834
459	6	9	1.8	0	0:00:10.908503
460	5	9	0.205	0	0:00:10.909596
461	6	9	0.939	0	0:00:10.882677
462	1	9	1.03	0	0:00:10.902202
463	4	9	0.912	0	0:00:10.894323
464	3	9	0.744	0	0:00:10.890084
465	4	9	0.549	0	0:00:10.945765
466	4	7	0.577	0	0:00:10.880123
467	3	9	1.39	0	0:00:10.884053
468	7	7	0.19	1	0:00:10.896299
469	8	-1	0.0	0	0:00:10.898592
470	3	9	1.47	0	0:00:10.893709
471	7	-1	0.0	0	0:00:10.871162
472	8	9	1.45	0	0:00:10.884916
473	0	9	0.629	0	0:00:10.896607
474	5	7	0.0246	0	0:00:10.888248
475	7	7	0.859	1	0:00:10.938636
476	6	9	0.202	0	0:00:10.864600
477	0	9	1.96	0	0:00:10.890338
478	5	9	0.445	0	0:00:10.901917
479	4	9	0.48	0	0:00:10.899600
480	8	9	1.54	0	0:00:10.895308
481	6	9	1.57	0	0:00:10.890654
482	8	9	1.16	0	0:00:10.877459
483	5	9	1.06	0	0:00:10.913262
484	5	9	1.31	0	0:00:10.902678
485	9	9	1.72	1	0:00:10.885096
486	9	9	1.15	1	0:00:10.891011
487	9	9	1.7	1	0:00:10.926307
488	5	9	1.23	0	0:00:10.869035
489	0	9	0.921	0	0:00:10.880626
490	1	9	0.319	0	0:00:10.896463
491	0	7	0.838	0	0:00:10.919605
492	8	9	0.9	0	0:00:10.865207
493	1	9	1.19	0	0:00:10.921938
494	1	9	0.844	0	0:00:10.869694
495	8	9	0.776	0	0:00:10.886309
496	0	-1	0.0	0	0:00:10.920981
497	2	9	1.19	0	0:00:10.878308
498	2	9	0.274	0	0:00:10.934564
499	0	8	0.19	0	0:00:10.885936
500	4	9	1.67	0	0:00:10.900891
501	6	9	0.805	0	0:00:10.897903
502	5	9	0.915	0	0:00:10.915288
503	4	9	1.43	0	0:00:10.889013
504	9	9	1.78	1	0:00:10.901418
505	4	9	1.16	0	0:00:10.897102
506	7	9	0.512	0	0:00:10.902314
507	9	9	1.19	1	0:00:10.893987
508	9	9	1.53	1	0:00:10.900579
509	4	9	0.566	0	0:00:10.890548
510	5	9	0.561	0	0:00:10.894476
511	6	9	0.564	0	0:00:10.892664
512	6	9	0.705	0	0:00:10.897780
513	1	9	1.49	0	0:00:10.898955
514	5	-1	0.0	0	0:00:10.892560
515	3	9	1.66	0	0:00:10.888925
516	8	9	0.418	0	0:00:10.881833
517	9	9	1.96	1	0:00:10.885668
518	5	9	0.974	0	0:00:10.873415
519	8	9	0.825	0	0:00:10.919245
520	5	9	1.37	0	0:00:10.860876
521	7	7	1.42	1	0:00:10.898721
522	0	9	0.444	0	0:00:10.890640
523	7	7	0.229	1	0:00:10.883927
524	0	8	0.448	0	0:00:10.876707
525	5	9	1.48	0	0:00:10.900774
526	0	9	1.29	0	0:00:10.883028
527	0	-1	0.0	0	0:00:10.877966
528	4	9	1.56	0	0:00:10.906181
529	6	9	0.946	0	0:00:10.888681
530	9	9	1.96	1	0:00:10.886220
531	0	9	1.47	0	0:00:10.889083
532	9	9	1.51	1	0:00:10.863015
533	5	9	1.44	0	0:00:10.918372
534	6	9	1.18	0	0:00:10.868520
535	6	9	0.911	0	0:00:10.885587
536	6	9	0.677	0	0:00:10.876003
537	2	9	1.42	0	0:00:10.883042
538	9	9	1.88	1	0:00:10.888389
539	0	9	1.43	0	0:00:10.891068
540	1	9	1.14	0	0:00:10.875617
541	7	9	0.849	0	0:00:10.884583
542	6	9	0.92	0	0:00:10.875041
543	7	7	0.108	1	0:00:10.862410
544	5	9	1.36	0	0:00:10.855575
545	9	9	1.32	1	0:00:10.903555
546	1	9	1.33	0	0:00:10.863147
547	6	9	1.39	0	0:00:10.872411
548	2	9	1.19	0	0:00:10.875307
549	5	9	0.332	0	0:00:10.900919
550	5	9	0.453	0	0:00:10.869140
551	5	9	1.06	0	0:00:10.892060
552	8	9	0.374	0	0:00:10.886848
553	5	-1	0.0	0	0:00:10.870661
554	9	9	1.71	1	0:00:10.866725
555	4	9	1.73	0	0:00:10.870897
556	6	9	0.838	0	0:00:10.921319
557	4	9	1.0	0	0:00:10.866450
558	3	9	1.46	0	0:00:10.877707
559	2	9	0.876	0	0:00:10.907286
560	0	9	0.12	0	0:00:10.867380
561	7	7	0.559	1	0:00:10.893230
562	6	9	0.504	0	0:00:10.891283
563	2	9	1.44	0	0:00:10.887308
564	2	-1	0.0	0	0:00:10.869821
565	3	9	1.11	0	0:00:10.855836
566	9	9	1.51	1	0:00:10.861445
567	7	9	1.73	0	0:00:10.862083
568	9	9	1.96	1	0:00:10.867794
569	2	8	0.37	0	0:00:10.883346
570	6	9	0.759	0	0:00:10.861912
571	7	7	1.48	1	0:00:10.865045
572	1	9	1.96	0	0:00:10.888412
573	3	9	1.17	0	0:00:10.846182
574	6	-1	0.0	0	0:00:10.876698
575	6	9	1.26	0	0:00:10.864815
576	8	9	0.152	0	0:00:10.904609
577	9	9	0.689	1	0:00:10.874889
578	7	9	0.0917	0	0:00:10.876948
579	5	9	1.91	0	0:00:10.850654
580	4	9	1.38	0	0:00:10.876608
581	0	9	0.184	0	0:00:10.860826
582	8	8	0.469	1	0:00:10.883514
583	4	9	1.46	0	0:00:10.884437
584	0	9	1.09	0	0:00:10.858521
585	9	9	1.03	1	0:00:10.875459
586	3	9	0.573	0	0:00:10.858150
587	4	9	1.25	0	0:00:10.863689
588	8	9	1.7	0	0:00:10.888969
589	9	9	1.96	1	0:00:10.854542
590	6	9	0.977	0	0:00:10.869732
591	9	9	1.81	1	0:00:10.857993
592	2	9	0.641	0	0:00:10.846559
593	6	9	1.2	0	0:00:10.879219
594	1	9	0.165	0	0:00:10.864484
595	4	9	1.55	0	0:00:10.854815
596	7	9	0.386	0	0:00:10.880338
597	3	9	1.59	0	0:00:10.868099
598	5	9	1.16	0	0:00:10.839436
599	3	9	0.648	0	0:00:10.864845
600	8	9	1.15	0	0:00:10.888697
601	5	9	1.42	0	0:00:10.853684
602	0	9	0.0514	0	0:00:10.861693
603	2	9	1.31	0	0:00:10.852171
604	1	1	0.195	1	0:00:10.857371
605	6	9	0.898	0	0:00:10.871333
606	4	9	1.6	0	0:00:10.847697
607	3	9	0.735	0	0:00:10.866951
608	3	9	1.4	0	0:00:10.855247
609	9	9	1.64	1	0:00:10.836958
610	6	9	1.39	0	0:00:10.917707
611	9	9	1.69	1	0:00:10.834874
612	8	9	1.35	0	0:00:10.830392
613	8	9	0.396	0	0:00:10.852864
614	5	9	1.09	0	0:00:10.892578
615	8	9	1.51	0	0:00:10.851170
616	6	9	8.36e-05	0	0:00:10.851511
617	6	9	1.55	0	0:00:10.850718
618	2	9	1.15	0	0:00:10.842549
619	1	9	1.05	0	0:00:10.854846
620	7	9	0.0965	0	0:00:10.870648
621	7	9	1.4	0	0:00:10.854612
622	1	9	0.67	0	0:00:10.857451
623	2	9	0.497	0	0:00:10.864726
624	7	7	0.972	1	0:00:10.857337
625	9	9	1.57	1	0:00:10.846801
626	9	9	0.436	1	0:00:10.863901
627	4	9	0.363	0	0:00:10.850856
628	4	7	0.525	0	0:00:10.886699
629	1	9	0.603	0	0:00:10.864844
630	2	9	1.51	0	0:00:10.845273
631	5	9	0.638	0	0:00:10.872665
632	6	9	1.05	0	0:00:10.851908
633	8	9	0.717	0	0:00:10.867554
634	7	7	0.176	1	0:00:10.878967
635	6	9	0.407	0	0:00:10.851326
636	8	9	0.949	0	0:00:10.850347
637	3	9	0.455	0	0:00:10.887738
638	0	9	1.7	0	0:00:10.834782
639	5	9	1.08	0	0:00:10.863000
640	5	9	1.51	0	0:00:10.857090
641	3	9	1.67	0	0:00:10.873665
642	0	9	0.839	0	0:00:10.855706
643	7	7	1.12	1	0:00:10.879765
644	9	9	0.935	1	0:00:10.861742
645	1	9	1.38	0	0:00:10.862966
646	3	9	1.63	0	0:00:10.853557
647	4	9	0.248	0	0:00:10.860409
648	4	9	0.466	0	0:00:10.860158
649	5	9	0.0297	0	0:00:10.868902
650	3	9	1.27	0	0:00:10.869137
651	9	9	1.78	1	0:00:10.848115
652	5	9	0.559	0	0:00:10.851735
653	6	9	1.12	0	0:00:10.847438
654	9	9	1.67	1	0:00:10.859002
655	2	9	1.24	0	0:00:10.868322
656	1	9	1.7	0	0:00:10.846436
657	1	9	1.66	0	0:00:10.853172
658	4	9	1.27	0	0:00:10.849718
659	1	9	0.644	0	0:00:10.868519
660	9	9	1.91	1	0:00:10.840433
661	4	-1	0.0	0	0:00:10.852338
662	7	7	1.63	1	0:00:10.857558
663	6	9	1.44	0	0:00:10.853198
664	3	9	0.45	0	0:00:10.862037
665	8	9	1.37	0	0:00:10.851261
666	9	9	1.26	1	0:00:10.866860
667	0	9	0.391	0	0:00:10.859240
668	1	9	1.51	0	0:00:10.867026
669	3	9	0.0421	0	0:00:10.870125
670	6	9	0.756	0	0:00:10.852574
671	3	9	1.66	0	0:00:10.853644
672	6	9	0.638	0	0:00:10.853274
673	3	9	1.41	0	0:00:10.838959
674	2	9	1.24	0	0:00:10.850311
675	0	9	0.208	0	0:00:10.852272
676	3	9	0.847	0	0:00:10.848707
677	1	9	0.831	0	0:00:10.854211
678	0	-1	0.0	0	0:00:10.843620
679	5	9	1.21	0	0:00:10.842334
680	9	9	1.41	1	0:00:10.852779
681	6	9	1.33	0	0:00:10.837188
682	4	9	0.8	0	0:00:10.848061
683	8	9	0.52	0	0:00:10.840859
684	9	9	1.7	1	0:00:10.851939
685	6	9	0.392	0	0:00:10.856402
686	9	9	1.47	1	0:00:10.863922
687	6	9	1.75	0	0:00:10.839801
688	3	9	0.828	0	0:00:10.858001
689	0	9	1.29	0	0:00:10.858106
690	3	9	1.5	0	0:00:10.857734
691	2	9	0.157	0	0:00:10.869627
692	2	4	0.121	0	0:00:10.866485
693	7	9	0.0554	0	0:00:10.843817
694	8	9	1.7	0	0:00:10.843502
695	3	9	0.371	0	0:00:10.860337
696	8	9	1.54	0	0:00:10.866538
697	2	9	1.11	0	0:00:10.846541
698	7	9	0.385	0	0:00:10.840058
699	5	9	1.1	0	0:00:10.841013
700	7	9	1.5	0	0:00:10.846403
701	2	9	0.911	0	0:00:10.845792
702	4	9	0.728	0	0:00:10.846813
703	8	9	0.9	0	0:00:10.871931
704	7	9	0.617	0	0:00:10.848672
705	4	9	0.357	0	0:00:10.857349
706	2	9	0.027	0	0:00:10.843898
707	9	9	1.48	1	0:00:10.859603
708	8	9	1.06	0	0:00:10.870138
709	8	9	1.04	0	0:00:10.831231
710	6	9	0.343	0	0:00:10.845213
711	8	9	1.39	0	0:00:10.849024
712	8	9	0.826	0	0:00:10.851596
713	7	9	1.02	0	0:00:10.856101
714	4	9	1.63	0	0:00:10.834686
715	3	9	1.51	0	0:00:10.855311
716	3	9	1.32	0	0:00:10.839174
717	8	9	1.66	0	0:00:10.849168
718	4	7	0.539	0	0:00:10.857434
719	9	9	1.33	1	0:00:10.847929
720	4	9	1.55	0	0:00:10.857574
721	8	9	1.41	0	0:00:10.840537
722	8	9	0.564	0	0:00:10.852255
723	1	9	1.26	0	0:00:10.849322
724	8	9	0.1	0	0:00:10.842585
725	2	9	1.21	0	0:00:10.860070
726	1	9	0.438	0	0:00:10.845590
727	3	9	0.812	0	0:00:10.862015
728	6	9	0.757	0	0:00:10.858714
729	5	9	0.591	0	0:00:10.845521
730	4	9	0.852	0	0:00:10.848311
731	2	0	0.405	0	0:00:10.844238
732	7	7	0.533	1	0:00:10.855942
733	9	9	1.62	1	0:00:10.856737
734	9	9	1.78	1	0:00:10.832665
735	4	9	0.209	0	0:00:10.843786
736	1	9	1.25	0	0:00:10.846658
737	4	-1	0.0	0	0:00:10.853242
738	1	9	0.451	0	0:00:10.861794
739	3	7	0.786	0	0:00:10.839524
740	2	9	0.424	0	0:00:10.845771
741	7	7	0.833	1	0:00:10.837212
742	0	9	1.1	0	0:00:10.841146
743	7	7	0.108	1	0:00:10.836497
744	9	9	1.63	1	0:00:10.850747
745	7	9	0.973	0	0:00:10.858247
746	6	9	0.997	0	0:00:10.856962
747	6	9	0.684	0	0:00:10.847749
748	2	7	0.0182	0	0:00:10.865558
749	5	9	0.651	0	0:00:10.834923
750	9	9	1.2	1	0:00:10.872793
751	2	9	1.14	0	0:00:10.848811
752	9	9	1.64	1	0:00:10.839232
753	1	9	1.1	0	0:00:10.835512
754	2	9	0.868	0	0:00:10.841963
755	2	9	0.954	0	0:00:10.845790
756	6	9	1.58	0	0:00:10.849405
757	8	9	1.57	0	0:00:10.846313
758	2	9	1.84	0	0:00:10.830354
759	1	9	0.877	0	0:00:10.881761
760	3	9	0.992	0	0:00:10.845202
761	6	9	1.12	0	0:00:10.838904
762	6	9	0.28	0	0:00:10.846141
763	0	7	0.822	0	0:00:10.840316
764	1	9	1.47	0	0:00:10.851932
765	2	-1	0.0	0	0:00:10.855141
766	7	9	1.1	0	0:00:10.855530
767	0	9	1.86	0	0:00:10.847861
768	5	9	0.763	0	0:00:10.858062
769	4	9	0.893	0	0:00:10.848842
770	6	9	1.5	0	0:00:10.847533
771	1	9	1.13	0	0:00:10.866739
772	6	9	1.02	0	0:00:10.850842
773	4	9	0.88	0	0:00:10.871681
774	0	9	0.329	0	0:00:10.851704
775	2	7	0.43	0	0:00:10.849505
776	2	9	1.58	0	0:00:10.872896
777	6	9	1.63	0	0:00:10.836337
778	0	9	0.806	0	0:00:10.845477
779	5	9	0.52	0	0:00:10.861011
780	9	9	1.11	1	0:00:10.845480
781	1	9	0.741	0	0:00:10.856080
782	7	7	0.11	1	0:00:10.865401
783	6	9	1.0	0	0:00:10.855688
784	7	9	1.23	0	0:00:10.856577
785	0	9	0.856	0	0:00:10.853025
786	3	9	1.21	0	0:00:10.853734
787	9	9	1.27	1	0:00:10.858401
788	6	9	1.3	0	0:00:10.869382
789	8	9	0.484	0	0:00:10.844482
790	3	0	1.25	0	0:00:10.839198
791	0	0	0.379	1	0:00:10.867463
792	3	7	0.547	0	0:00:10.861806
793	4	9	1.54	0	0:00:10.843031
794	7	9	0.198	0	0:00:10.879709
795	7	7	0.159	1	0:00:10.843942
796	1	9	1.39	0	0:00:10.857375
797	4	9	0.997	0	0:00:10.853031
798	7	9	0.568	0	0:00:10.857909
799	2	9	1.02	0	0:00:10.881767
800	7	9	0.277	0	0:00:10.845099
801	1	9	1.11	0	0:00:10.839586
802	4	9	0.0878	0	0:00:10.840142
803	7	7	0.645	1	0:00:10.858273
804	4	9	1.14	0	0:00:10.875399
805	4	9	1.01	0	0:00:10.838388
806	8	9	1.84	0	0:00:10.840692
807	4	9	0.356	0	0:00:10.840849
808	7	9	1.04	0	0:00:10.837332
809	7	9	1.12	0	0:00:10.840325
810	5	5	0.0801	1	0:00:10.853139
811	3	9	0.0774	0	0:00:10.856889
812	7	7	0.146	1	0:00:10.865148
813	2	-1	0.0	0	0:00:10.843552
814	0	9	1.38	0	0:00:10.850536
815	8	9	1.44	0	0:00:10.845773
816	9	9	1.68	1	0:00:10.847400
817	5	9	0.348	0	0:00:10.858329
818	8	9	0.576	0	0:00:10.863277
819	3	9	1.57	0	0:00:10.882116
820	6	9	0.877	0	0:00:10.847132
821	2	9	0.291	0	0:00:10.858597
822	0	9	1.01	0	0:00:10.850547
823	8	9	0.888	0	0:00:10.880880
824	7	9	0.0665	0	0:00:10.850611
825	3	9	1.47	0	0:00:10.882772
826	7	9	1.22	0	0:00:10.855320
827	6	9	1.34	0	0:00:10.860640
828	5	7	1.37	0	0:00:10.867778
829	3	8	0.32	0	0:00:10.861322
830	1	9	1.38	0	0:00:10.864299
831	3	9	1.56	0	0:00:10.866271
832	2	-1	0.0	0	0:00:10.863801
833	2	9	0.579	0	0:00:10.891910
834	5	9	0.201	0	0:00:10.876528
835	4	9	1.21	0	0:00:10.910340
836	1	9	1.71	0	0:00:10.878057
837	2	9	0.388	0	0:00:10.873324
838	9	9	0.656	1	0:00:10.861488
839	2	9	0.591	0	0:00:10.884907
840	7	7	1.4	1	0:00:10.862616
841	0	9	1.41	0	0:00:10.898160
842	7	7	1.05	1	0:00:10.861816
843	2	9	0.734	0	0:00:10.871948
844	1	9	1.69	0	0:00:10.892859
845	3	9	0.969	0	0:00:10.861232
846	2	9	0.243	0	0:00:10.855228
847	0	9	0.481	0	0:00:10.858255
848	2	9	1.19	0	0:00:10.864659
849	4	9	0.878	0	0:00:10.877990
850	7	9	1.91	0	0:00:10.857697
851	9	9	1.0	1	0:00:10.857928
852	8	9	0.88	0	0:00:10.890232
853	9	9	1.76	1	0:00:10.853897
854	0	9	0.728	0	0:00:10.863087
855	7	9	0.689	0	0:00:10.857396
856	7	9	0.203	0	0:00:10.861556
857	0	9	0.836	0	0:00:10.870415
858	7	7	1.17	1	0:00:10.865632
859	8	9	1.79	0	0:00:10.867941
860	4	-1	0.0	0	0:00:10.860258
861	6	9	1.4	0	0:00:10.848021
862	3	9	1.17	0	0:00:10.875164
863	3	-1	0.0	0	0:00:10.857806
864	0	8	0.328	0	0:00:10.862444
865	1	9	0.466	0	0:00:10.856408
866	3	9	0.874	0	0:00:10.850895
867	7	-1	0.0	0	0:00:10.854033
868	0	9	0.893	0	0:00:10.890837
869	1	9	1.8	0	0:00:10.851985
870	3	9	1.3	0	0:00:10.854968
871	1	-1	0.0	0	0:00:10.853485
872	4	9	0.289	0	0:00:10.871562
873	2	9	0.93	0	0:00:10.851157
874	3	9	0.827	0	0:00:10.860159
875	8	9	1.91	0	0:00:10.857231
876	4	9	0.805	0	0:00:10.857017
877	2	9	0.48	0	0:00:10.866488
878	3	9	1.91	0	0:00:10.872648
879	7	7	0.384	1	0:00:10.877759
880	8	9	1.7	0	0:00:10.854140
881	4	8	0.252	0	0:00:10.853164
882	3	9	0.588	0	0:00:10.867909
883	0	0	0.344	1	0:00:10.856681
884	9	9	1.96	1	0:00:10.853889
885	0	9	0.272	0	0:00:10.852404
886	0	9	1.17	0	0:00:10.869897
887	1	9	1.46	0	0:00:10.866586
888	0	9	1.1	0	0:00:10.858727
889	4	9	0.532	0	0:00:10.860697
890	4	9	1.3	0	0:00:10.865062
891	6	9	0.44	0	0:00:10.853690
892	7	7	1.28	1	0:00:10.856329
893	6	9	0.522	0	0:00:10.873344
894	1	9	0.886	0	0:00:10.859305
895	1	9	1.48	0	0:00:10.863403
896	3	9	0.636	0	0:00:10.863184
897	7	7	0.128	1	0:00:10.865063
898	3	9	0.88	0	0:00:10.862775
899	5	9	0.562	0	0:00:10.883555
900	2	9	0.976	0	0:00:10.852633
901	6	9	0.9	0	0:00:10.857350
902	6	9	0.886	0	0:00:10.873775
903	5	9	1.08	0	0:00:10.856706
904	8	9	1.61	0	0:00:10.852605
905	7	9	1.43	0	0:00:10.888066
906	1	9	1.36	0	0:00:10.849206
907	6	9	1.04	0	0:00:10.847939
908	8	9	1.84	0	0:00:10.856808
909	8	9	0.902	0	0:00:10.870084
910	5	9	0.692	0	0:00:10.870758
911	3	9	0.666	0	0:00:10.854014
912	0	7	0.0281	0	0:00:10.863967
913	4	9	1.32	0	0:00:10.857975
914	0	9	1.35	0	0:00:10.859202
915	1	9	0.546	0	0:00:10.864041
916	3	9	1.96	0	0:00:10.883933
917	8	9	1.08	0	0:00:10.857064
918	8	9	0.731	0	0:00:10.855142
919	0	9	0.34	0	0:00:10.857797
920	6	9	1.05	0	0:00:10.863055
921	9	9	1.5	1	0:00:10.863897
922	9	9	1.39	1	0:00:10.850794
923	9	9	0.667	1	0:00:10.861682
924	5	9	1.78	0	0:00:10.862589
925	5	9	0.236	0	0:00:10.855898
926	8	9	0.55	0	0:00:10.880453
927	6	9	0.319	0	0:00:10.865946
928	0	9	0.0405	0	0:00:10.875115
929	0	9	0.9	0	0:00:10.873267
930	4	9	0.478	0	0:00:10.866396
931	2	9	0.555	0	0:00:10.854459
932	3	9	0.994	0	0:00:10.861602
933	2	9	1.16	0	0:00:10.868501
934	7	7	1.55	1	0:00:10.865594
935	2	9	0.654	0	0:00:10.861024
936	2	9	1.21	0	0:00:10.871605
937	5	9	0.642	0	0:00:10.893863
938	9	9	0.944	1	0:00:10.857437
939	8	9	0.161	0	0:00:10.857485
940	9	9	1.54	1	0:00:10.845309
941	1	9	1.11	0	0:00:10.849198
942	7	9	0.575	0	0:00:10.864678
943	4	-1	0.0	0	0:00:10.863206
944	0	9	1.11	0	0:00:10.865635
945	3	9	0.562	0	0:00:10.865530
946	0	0	0.432	1	0:00:10.864824
947	1	9	0.686	0	0:00:10.863428
948	3	9	0.773	0	0:00:10.861375
949	8	-1	0.0	0	0:00:10.864876
950	3	9	0.994	0	0:00:10.874274
951	9	9	1.04	1	0:00:10.847770
952	6	9	0.855	0	0:00:10.863441
953	1	9	1.8	0	0:00:10.861923
954	4	9	0.321	0	0:00:10.859679
955	7	7	0.25	1	0:00:10.886394
956	0	9	1.51	0	0:00:10.856900
957	3	9	1.4	0	0:00:10.857332
958	7	-1	0.0	0	0:00:10.858778
959	8	9	1.71	0	0:00:10.889410
960	9	9	1.33	1	0:00:10.832966
961	1	9	0.547	0	0:00:10.857280
962	1	9	1.42	0	0:00:10.851269
963	6	9	0.893	0	0:00:10.861829
964	6	9	1.51	0	0:00:10.886371
965	6	9	0.398	0	0:00:10.857936
966	6	9	0.615	0	0:00:10.862661
967	9	9	0.794	1	0:00:10.860477
968	1	9	1.27	0	0:00:10.867610
969	9	9	0.929	1	0:00:10.867947
970	9	9	1.84	1	0:00:10.857253
971	4	9	1.22	0	0:00:10.857399
972	2	7	0.0196	0	0:00:10.884710
973	1	9	0.355	0	0:00:10.858498
974	7	9	0.332	0	0:00:10.870393
975	0	9	0.185	0	0:00:10.870717
976	6	9	1.58	0	0:00:10.891595
977	8	9	1.14	0	0:00:10.866130
978	1	9	1.27	0	0:00:10.882210
979	9	9	1.5	1	0:00:10.859255
980	2	9	1.66	0	0:00:10.863807
981	9	9	1.84	1	0:00:10.864031
982	0	9	1.55	0	0:00:10.873694
983	4	9	1.57	0	0:00:10.869279
984	7	7	0.834	1	0:00:10.878841
985	8	9	0.253	0	0:00:10.868991
986	3	9	0.796	0	0:00:10.866709
987	1	9	0.963	0	0:00:10.870818
988	2	9	0.411	0	0:00:10.866949
989	0	-1	0.0	0	0:00:10.872248
990	1	9	1.32	0	0:00:10.862496
991	5	9	1.39	0	0:00:10.862663
992	8	9	1.18	0	0:00:10.886521
993	4	7	0.717	0	0:00:10.862709
994	6	9	1.16	0	0:00:10.859111
995	3	9	0.329	0	0:00:10.868308
996	8	9	1.62	0	0:00:10.857176
997	1	9	1.57	0	0:00:10.865485
998	3	9	1.33	0	0:00:10.878446
999	8	9	1.32	0	0:00:10.879747
1000	5	9	1.49	0	0:00:10.856645
1001	0	9	0.795	0	0:00:10.860370
1002	8	9	1.76	0	0:00:10.866730
1003	4	9	0.199	0	0:00:10.862574
1004	8	9	1.7	0	0:00:10.878872
1005	1	9	1.81	0	0:00:10.874536
1006	1	9	1.06	0	0:00:10.864597
1007	8	9	1.2	0	0:00:10.881444
1008	9	9	0.428	1	0:00:10.869411
1009	6	-1	0.0	0	0:00:10.865281
1010	0	9	0.0909	0	0:00:10.893867
1011	8	9	1.26	0	0:00:10.867886
1012	6	9	0.622	0	0:00:10.867023
1013	1	1	0.156	1	0:00:10.866728
1014	3	9	0.649	0	0:00:10.864278
1015	4	9	0.642	0	0:00:10.886491
1016	1	9	0.251	0	0:00:10.847708
1017	6	9	1.26	0	0:00:10.867235
1018	0	9	0.858	0	0:00:10.869952
1019	5	9	1.27	0	0:00:10.864364
1020	1	9	0.871	0	0:00:10.871190
1021	1	9	0.0567	0	0:00:10.872614
1022	0	-1	0.0	0	0:00:10.865076
1023	0	9	1.63	0	0:00:10.876921
1024	3	7	0.103	0	0:00:10.869461
1025	5	9	0.638	0	0:00:10.861300
1026	0	9	0.79	0	0:00:10.856121
1027	0	9	0.136	0	0:00:10.873808
1028	6	9	0.541	0	0:00:10.871423
1029	6	9	1.1	0	0:00:10.858608
1030	3	9	1.84	0	0:00:10.882038
1031	3	8	1.29	0	0:00:10.890991
1032	6	9	0.932	0	0:00:10.866787
1033	3	9	1.14	0	0:00:10.874031
1034	6	9	0.93	0	0:00:10.858289
1035	6	9	1.75	0	0:00:10.858105
1036	0	9	0.777	0	0:00:10.859814
1037	7	9	0.274	0	0:00:10.873690
1038	2	9	0.841	0	0:00:10.859019
1039	2	9	0.391	0	0:00:10.875189
1040	7	9	0.586	0	0:00:10.856363
1041	5	9	0.774	0	0:00:10.875368
1042	5	9	0.229	0	0:00:10.894341
1043	2	9	1.02	0	0:00:10.849945
1044	8	9	1.43	0	0:00:10.876159
1045	5	9	1.35	0	0:00:10.853971
1046	2	9	0.546	0	0:00:10.861699
1047	1	9	1.83	0	0:00:10.860517
1048	1	9	1.74	0	0:00:10.859290
1049	4	9	0.718	0	0:00:10.877233
1050	3	7	1.47	0	0:00:10.855447
1051	2	9	0.822	0	0:00:10.858164
1052	0	9	1.11	0	0:00:10.858964
1053	3	9	0.959	0	0:00:10.869876
1054	1	9	0.281	0	0:00:10.858833
1055	5	9	0.523	0	0:00:10.894658
1056	3	9	0.754	0	0:00:10.856714
1057	7	9	1.91	0	0:00:10.859321
1058	6	9	0.771	0	0:00:10.853521
1059	8	9	1.56	0	0:00:10.887823
1060	9	9	1.83	1	0:00:10.854220
1061	1	9	1.3	0	0:00:10.863980
1062	6	9	1.44	0	0:00:10.885839
1063	4	9	1.28	0	0:00:10.841509
1064	9	9	1.44	1	0:00:10.859164
1065	3	9	1.96	0	0:00:10.859746
1066	9	9	0.755	1	0:00:10.858159
1067	0	-1	0.0	0	0:00:10.866182
1068	9	9	1.83	1	0:00:10.860399
1069	6	9	1.38	0	0:00:10.867333
1070	3	9	0.203	0	0:00:10.857013
1071	6	9	1.41	0	0:00:10.868995
1072	0	9	1.24	0	0:00:10.908693
1073	7	7	0.434	1	0:00:10.856618
1074	3	9	1.09	0	0:00:10.859535
1075	8	9	1.32	0	0:00:10.861913
1076	0	9	0.626	0	0:00:10.860917
1077	0	9	0.577	0	0:00:10.859302
1078	0	0	0.824	1	0:00:10.851582
1079	6	9	0.659	0	0:00:10.871733
1080	6	9	0.153	0	0:00:10.853266
1081	6	9	1.26	0	0:00:10.900349
1082	9	9	1.76	1	0:00:10.860867
1083	2	9	0.861	0	0:00:10.860002
1084	5	9	1.19	0	0:00:10.857297
1085	4	9	0.182	0	0:00:10.850351
1086	4	9	0.0488	0	0:00:10.859738
1087	6	9	0.929	0	0:00:10.862367
1088	3	9	0.67	0	0:00:10.856130
1089	6	9	1.0	0	0:00:10.865715
1090	0	9	0.885	0	0:00:10.865398
1091	8	9	0.796	0	0:00:10.887262
1092	6	9	1.6	0	0:00:10.849744
1093	0	9	0.529	0	0:00:10.860715
1094	6	9	1.64	0	0:00:10.866278
1095	2	9	1.38	0	0:00:10.860980
1096	7	9	0.0906	0	0:00:10.869410
1097	5	9	1.04	0	0:00:10.857537
1098	1	9	0.422	0	0:00:10.893644
1099	2	9	0.962	0	0:00:10.866213
1100	7	9	1.78	0	0:00:10.863703
1101	8	9	0.833	0	0:00:10.865623
1102	8	9	1.6	0	0:00:10.859160
1103	0	9	0.627	0	0:00:10.856123
1104	9	9	1.74	1	0:00:10.868762
1105	4	9	0.927	0	0:00:10.866625
1106	9	9	1.45	1	0:00:10.855318
1107	7	7	0.454	1	0:00:10.863586
1108	2	9	0.745	0	0:00:10.860810
1109	0	9	0.594	0	0:00:10.862962
1110	2	-1	0.0	0	0:00:10.877137
1111	8	9	0.828	0	0:00:10.888324
1112	3	5	0.794	0	0:00:10.853518
1113	8	9	1.01	0	0:00:10.864913
1114	9	9	1.91	1	0:00:10.866694
1115	1	9	1.49	0	0:00:10.856167
1116	5	9	0.47	0	0:00:10.866056
1117	5	9	1.49	0	0:00:10.862271
1118	4	9	0.126	0	0:00:10.866250
1119	7	7	0.862	1	0:00:10.862866
1120	5	9	1.01	0	0:00:10.857836
1121	3	9	1.58	0	0:00:10.857134
1122	8	9	1.08	0	0:00:10.872718
1123	3	9	1.86	0	0:00:10.865599
1124	3	9	0.599	0	0:00:10.867430
1125	6	9	1.13	0	0:00:10.865412
1126	2	9	0.672	0	0:00:10.851670
1127	8	9	1.74	0	0:00:10.858119
1128	4	9	0.834	0	0:00:10.871720
1129	3	9	0.231	0	0:00:10.870951
1130	7	9	0.613	0	0:00:10.890858
1131	1	9	1.88	0	0:00:10.852289
1132	2	9	1.6	0	0:00:10.853819
1133	4	9	1.23	0	0:00:10.857364
1134	1	9	0.837	0	0:00:10.854815
1135	6	9	0.424	0	0:00:10.840056
1136	9	9	1.96	1	0:00:10.853929
1137	0	9	1.33	0	0:00:10.852306
1138	5	9	1.16	0	0:00:10.858935
1139	8	9	1.63	0	0:00:10.850614
1140	6	9	1.17	0	0:00:10.843635
1141	1	9	0.856	0	0:00:10.864906
1142	8	9	1.96	0	0:00:10.870607
1143	6	9	1.13	0	0:00:10.853430
1144	1	9	1.47	0	0:00:10.869239
1145	4	9	0.714	0	0:00:10.868224
1146	2	9	0.314	0	0:00:10.880424
1147	6	9	1.74	0	0:00:10.842932
1148	2	9	0.717	0	0:00:10.850465
1149	7	9	1.69	0	0:00:10.852295
1150	2	9	0.372	0	0:00:10.853836
1151	2	9	0.847	0	0:00:10.850451
1152	0	9	1.52	0	0:00:10.852249
1153	8	9	1.08	0	0:00:10.864232
1154	6	9	1.2	0	0:00:10.879451
1155	9	9	0.642	1	0:00:10.833919
1156	1	9	1.33	0	0:00:10.861381
1157	7	9	0.557	0	0:00:10.847151
1158	1	9	1.08	0	0:00:10.846400
1159	8	9	1.77	0	0:00:10.850818
1160	8	9	0.598	0	0:00:10.889185
1161	0	9	0.363	0	0:00:10.857063
1162	7	9	0.0184	0	0:00:10.848626
1163	3	7	0.648	0	0:00:10.865769
1164	8	9	0.44	0	0:00:10.843066
1165	0	9	0.621	0	0:00:10.867251
1166	3	9	1.38	0	0:00:10.847964
1167	4	9	0.665	0	0:00:10.845260
1168	3	7	0.669	0	0:00:10.854437
1169	7	9	0.104	0	0:00:10.854661
1170	7	9	0.816	0	0:00:10.855925
1171	9	9	1.72	1	0:00:10.840941
1172	2	9	1.15	0	0:00:10.867527
1173	3	9	0.656	0	0:00:10.836290
1174	1	9	0.456	0	0:00:10.840802
1175	9	9	1.67	1	0:00:10.852727
1176	1	9	1.19	0	0:00:10.850190
1177	9	9	0.825	1	0:00:10.839968
1178	6	9	0.409	0	0:00:10.868296
1179	3	9	1.2	0	0:00:10.848628
1180	3	9	1.29	0	0:00:10.857203
1181	3	9	0.333	0	0:00:10.864396
1182	1	9	1.34	0	0:00:10.848586
1183	0	8	0.758	0	0:00:10.851051
1184	6	9	0.888	0	0:00:10.847968
1185	1	9	1.75	0	0:00:10.845080
1186	4	9	0.961	0	0:00:10.856773
1187	1	9	1.27	0	0:00:10.855986
1188	0	9	0.973	0	0:00:10.849782
1189	0	9	0.948	0	0:00:10.852248
1190	1	9	0.696	0	0:00:10.842153
1191	1	9	0.658	0	0:00:10.850074
1192	6	9	1.09	0	0:00:10.864384
1193	5	9	0.572	0	0:00:10.848243
1194	4	9	1.7	0	0:00:10.846539
1195	6	9	0.854	0	0:00:10.842597
1196	2	9	1.21	0	0:00:10.864107
1197	0	-1	0.0	0	0:00:10.840734
1198	7	7	1.96	1	0:00:10.868999
1199	9	9	1.3	1	0:00:10.850008
1200	8	9	1.23	0	0:00:10.847324
1201	7	9	0.258	0	0:00:10.847196
1202	2	9	1.02	0	0:00:10.857173
1203	0	9	0.699	0	0:00:10.854275
1204	6	9	1.64	0	0:00:10.843870
1205	8	9	0.467	0	0:00:10.838264
1206	1	9	0.997	0	0:00:10.865016
1207	4	9	1.41	0	0:00:10.863467
1208	3	9	1.29	0	0:00:10.852368
1209	7	7	0.103	1	0:00:10.846630
1210	0	9	0.705	0	0:00:10.849710
1211	6	9	1.15	0	0:00:10.854123
1212	1	9	0.803	0	0:00:10.843354
1213	8	-1	0.0	0	0:00:10.843418
1214	5	9	0.856	0	0:00:10.839808
1215	7	7	1.03	1	0:00:10.846841
1216	8	9	1.09	0	0:00:10.840996
1217	4	9	1.34	0	0:00:10.841777
1218	8	9	1.42	0	0:00:10.836667
1219	3	9	0.873	0	0:00:10.858103
1220	9	9	0.687	1	0:00:10.848163
1221	9	9	1.13	1	0:00:10.838485
1222	9	9	0.809	1	0:00:10.845356
1223	8	9	0.153	0	0:00:10.868155
1224	7	9	0.736	0	0:00:10.844316
1225	6	9	1.66	0	0:00:10.839325
1226	6	9	1.1	0	0:00:10.835864
1227	3	9	1.39	0	0:00:10.829792
1228	5	9	0.752	0	0:00:10.843759
1229	1	9	1.25	0	0:00:10.842828
1230	5	-1	0.0	0	0:00:10.828773
1231	9	9	1.33	1	0:00:10.838730
1232	1	9	0.422	0	0:00:10.843365
1233	4	9	0.586	0	0:00:10.845186
1234	1	9	0.161	0	0:00:10.840030
1235	5	9	0.633	0	0:00:10.839660
1236	7	9	0.296	0	0:00:10.842868
1237	0	9	0.76	0	0:00:10.844720
1238	1	9	1.35	0	0:00:10.840027
1239	5	9	0.557	0	0:00:10.869827
1240	2	9	1.07	0	0:00:10.836277
1241	0	9	1.29	0	0:00:10.840577
1242	8	9	1.7	0	0:00:10.841975
1243	8	-1	0.0	0	0:00:10.836881
1244	5	9	1.02	0	0:00:10.842588
1245	6	9	1.66	0	0:00:10.840118
1246	7	9	0.982	0	0:00:10.843046
1247	3	9	1.05	0	0:00:10.844662
1248	2	9	0.228	0	0:00:10.837170
1249	4	7	0.097	0	0:00:10.837697
1250	7	7	0.493	1	0:00:10.841053
1251	2	9	0.675	0	0:00:10.839333
1252	5	9	1.33	0	0:00:10.834154
1253	8	9	0.413	0	0:00:10.843116
1254	2	9	0.606	0	0:00:10.836953
1255	4	9	0.399	0	0:00:10.849505
1256	9	9	1.3	1	0:00:10.846769
1257	2	9	1.14	0	0:00:10.842048
1258	1	9	0.652	0	0:00:10.841440
1259	8	9	1.56	0	0:00:10.845407
1260	1	9	1.56	0	0:00:10.850556
1261	9	9	1.64	1	0:00:10.848374
1262	8	1	0.0706	0	0:00:10.846309
1263	8	9	1.58	0	0:00:10.844718
1264	8	9	1.1	0	0:00:10.845009
1265	9	9	1.39	1	0:00:10.840145
1266	0	9	1.18	0	0:00:10.841001
1267	4	-1	0.0	0	0:00:10.848873
1268	3	9	0.68	0	0:00:10.861374
1269	3	7	0.134	0	0:00:10.842479
1270	1	9	0.98	0	0:00:10.862674
1271	8	9	0.794	0	0:00:10.837339
1272	4	7	1.57	0	0:00:10.852217
1273	6	9	0.0249	0	0:00:10.836967
1274	3	9	1.2	0	0:00:10.844977
1275	3	9	1.57	0	0:00:10.857541
1276	5	9	1.06	0	0:00:10.838710
1277	2	9	1.56	0	0:00:10.846211
1278	2	-1	0.0	0	0:00:10.844839
1279	8	9	1.23	0	0:00:10.855033
1280	3	7	0.0257	0	0:00:10.854957
1281	8	9	0.871	0	0:00:10.840525
1282	9	9	1.96	1	0:00:10.847186
1283	5	9	1.39	0	0:00:10.839262
1284	8	9	1.01	0	0:00:10.840261
1285	9	9	0.978	1	0:00:10.842098
1286	8	9	1.04	0	0:00:10.841167
1287	9	9	0.489	1	0:00:10.838049
1288	1	9	1.44	0	0:00:10.852381
1289	6	9	1.65	0	0:00:10.843318
1290	5	9	1.8	0	0:00:10.840009
1291	9	9	1.34	1	0:00:10.840735
1292	4	9	0.882	0	0:00:10.836129
1293	4	9	1.69	0	0:00:10.836031
1294	8	9	0.787	0	0:00:10.855811
1295	0	9	0.577	0	0:00:10.834987
1296	7	7	0.228	1	0:00:10.836994
1297	2	-1	0.0	0	0:00:10.846085
1298	9	9	1.96	1	0:00:10.838993
1299	7	9	1.29	0	0:00:10.840804
1300	4	9	0.891	0	0:00:10.831907
1301	1	9	0.143	0	0:00:10.835254
1302	6	9	0.826	0	0:00:10.840729
1303	4	4	0.509	1	0:00:10.816084
1304	4	9	1.22	0	0:00:10.842785
1305	9	9	1.66	1	0:00:10.837423
1306	1	9	1.27	0	0:00:10.843641
1307	2	5	0.00515	0	0:00:10.822472
1308	5	9	1.05	0	0:00:10.843800
1309	6	9	1.24	0	0:00:10.850160
1310	0	9	0.404	0	0:00:10.848765
1311	8	9	1.11	0	0:00:10.843707
1312	6	9	1.21	0	0:00:10.842524
1313	1	9	1.26	0	0:00:10.846568
1314	9	9	1.91	1	0:00:10.839367
1315	4	9	0.586	0	0:00:10.844185
1316	5	9	1.81	0	0:00:10.840661
1317	9	9	1.96	1	0:00:10.841828
1318	5	9	0.677	0	0:00:10.853700
1319	0	4	0.494	0	0:00:10.838876
1320	7	9	0.33	0	0:00:10.834610
1321	2	9	0.147	0	0:00:10.830126
1322	0	9	1.8	0	0:00:10.847138
1323	0	9	1.96	0	0:00:10.848587
1324	4	9	1.42	0	0:00:10.845710
1325	2	9	0.558	0	0:00:10.840295
1326	6	9	1.28	0	0:00:10.882458
1327	6	9	0.648	0	0:00:10.836613
1328	5	9	1.34	0	0:00:10.839709
1329	5	7	0.467	0	0:00:10.844246
1330	2	9	0.192	0	0:00:10.850706
1331	8	9	0.421	0	0:00:10.864745
1332	1	9	1.63	0	0:00:10.844970
1333	7	9	0.459	0	0:00:10.844086
1334	3	9	1.75	0	0:00:10.847364
1335	1	9	1.57	0	0:00:10.838597
1336	4	9	0.531	0	0:00:10.840451
1337	5	9	0.374	0	0:00:10.851739
1338	6	9	0.953	0	0:00:10.838416
1339	5	9	1.09	0	0:00:10.842116
1340	1	9	1.96	0	0:00:10.837347
1341	4	9	0.831	0	0:00:10.839250
1342	7	9	1.6	0	0:00:10.840217
1343	0	9	0.352	0	0:00:10.848956
1344	9	9	1.83	1	0:00:10.849337
1345	4	9	0.7	0	0:00:10.843032
1346	3	9	1.84	0	0:00:10.856515
1347	8	9	0.737	0	0:00:10.851263
1348	2	9	0.328	0	0:00:10.843484
1349	8	9	0.601	0	0:00:10.857493
1350	4	9	1.32	0	0:00:10.845274
1351	7	7	1.96	1	0:00:10.854755
1352	2	-1	0.0	0	0:00:10.852836
1353	3	9	0.922	0	0:00:10.861430
1354	1	9	0.183	0	0:00:10.844386
1355	5	9	1.26	0	0:00:10.847301
1356	2	9	1.15	0	0:00:10.872809
1357	9	9	1.6	1	0:00:10.848387
1358	8	9	1.08	0	0:00:10.844950
1359	9	9	1.96	1	0:00:10.835299
1360	7	9	1.42	0	0:00:10.844277
