idx	label	predict	radius	correct	time
0	3	9	1.58	0	0:00:15.435970
1	8	9	2.74	0	0:00:15.168911
2	8	9	2.63	0	0:00:15.169181
3	0	9	2.28	0	0:00:15.166351
4	6	9	1.56	0	0:00:15.166669
5	6	9	0.67	0	0:00:15.168115
6	1	9	1.03	0	0:00:15.167284
7	6	9	1.67	0	0:00:15.167660
8	3	9	1.48	0	0:00:15.167093
9	1	9	1.72	0	0:00:15.168792
10	0	9	1.51	0	0:00:15.168222
11	9	9	2.39	1	0:00:15.147699
12	5	9	1.53	0	0:00:15.166988
13	7	9	0.783	0	0:00:15.167309
14	9	9	1.53	1	0:00:15.163941
15	8	9	1.95	0	0:00:15.162522
16	5	9	1.69	0	0:00:15.167092
17	7	9	1.08	0	0:00:15.168537
18	8	9	2.42	0	0:00:15.168022
19	6	9	1.13	0	0:00:15.167284
20	7	7	0.52	1	0:00:15.167152
21	0	4	0.149	0	0:00:15.168034
22	4	9	1.32	0	0:00:15.166798
23	9	9	1.16	1	0:00:15.167340
24	5	9	0.745	0	0:00:15.168288
25	2	9	1.22	0	0:00:15.167579
26	4	9	1.06	0	0:00:15.168082
27	0	9	0.855	0	0:00:15.167102
28	9	9	1.6	1	0:00:15.168827
29	6	9	1.77	0	0:00:15.165341
30	6	9	0.548	0	0:00:15.165210
31	5	9	1.97	0	0:00:15.168641
32	4	9	1.72	0	0:00:15.168538
33	5	9	0.49	0	0:00:15.168158
34	9	9	0.85	1	0:00:15.167674
35	2	9	1.58	0	0:00:15.167834
36	4	9	1.11	0	0:00:15.168795
37	1	9	2.67	0	0:00:15.167483
38	9	9	1.71	1	0:00:15.166616
39	5	9	1.93	0	0:00:15.169071
40	4	9	1.29	0	0:00:15.166108
41	6	9	1.29	0	0:00:15.165784
42	5	9	0.579	0	0:00:15.167294
43	6	9	1.04	0	0:00:15.166276
44	0	9	2.63	0	0:00:15.159258
45	9	9	1.61	1	0:00:15.168414
46	3	9	1.3	0	0:00:15.166783
47	9	9	1.14	1	0:00:15.166199
48	7	9	1.36	0	0:00:15.166637
49	6	9	1.17	0	0:00:15.165210
50	9	9	1.35	1	0:00:15.167602
51	8	9	2.08	0	0:00:15.167016
52	0	9	2.13	0	0:00:15.165848
53	3	9	2.11	0	0:00:15.166882
54	8	9	2.74	0	0:00:15.167053
55	8	9	2.1	0	0:00:15.164046
56	7	-1	0.0	0	0:00:15.166274
57	7	9	2.52	0	0:00:15.166772
58	4	9	1.7	0	0:00:15.165776
59	6	9	0.92	0	0:00:15.165704
60	7	7	0.128	1	0:00:15.165209
61	3	9	0.395	0	0:00:15.161463
62	6	9	1.59	0	0:00:15.165524
63	3	9	1.5	0	0:00:15.164490
64	6	9	0.525	0	0:00:15.164432
65	2	9	0.84	0	0:00:15.163058
66	1	9	1.85	0	0:00:15.165323
67	2	9	1.4	0	0:00:15.164007
68	3	9	0.866	0	0:00:15.162292
69	7	9	1.67	0	0:00:15.165454
70	2	9	1.41	0	0:00:15.165123
71	6	9	1.47	0	0:00:15.164043
72	8	9	1.89	0	0:00:15.164995
73	8	9	2.67	0	0:00:15.163371
74	0	9	0.813	0	0:00:15.163470
75	2	9	1.01	0	0:00:15.166438
76	9	9	1.02	1	0:00:15.166768
77	3	9	2.38	0	0:00:15.165311
78	3	9	0.701	0	0:00:15.162752
79	8	9	1.53	0	0:00:15.164568
80	8	9	1.92	0	0:00:15.164972
81	1	9	1.77	0	0:00:15.163399
82	1	9	1.56	0	0:00:15.166234
83	7	9	0.502	0	0:00:15.165143
84	2	9	0.932	0	0:00:15.167130
85	5	7	0.0475	0	0:00:15.165995
86	2	9	1.88	0	0:00:15.166099
87	7	9	2.38	0	0:00:15.165618
88	8	9	1.86	0	0:00:15.165346
89	9	9	2.54	1	0:00:15.167143
90	0	9	2.74	0	0:00:15.166193
91	3	9	1.45	0	0:00:15.167576
92	8	9	2.27	0	0:00:15.167022
93	6	9	0.75	0	0:00:15.166132
94	4	9	0.677	0	0:00:15.164250
95	6	9	1.13	0	0:00:15.164724
96	6	9	1.23	0	0:00:15.164561
97	0	9	1.7	0	0:00:15.166736
98	0	4	0.0266	0	0:00:15.165080
99	7	9	1.03	0	0:00:15.167137
100	4	9	0.635	0	0:00:15.166529
101	5	9	1.36	0	0:00:15.166633
102	6	9	1.74	0	0:00:15.166873
103	3	9	1.44	0	0:00:15.166660
104	1	9	1.11	0	0:00:15.165135
105	1	9	2.74	0	0:00:15.167181
106	3	9	2.08	0	0:00:15.168314
107	6	9	1.98	0	0:00:15.166837
108	8	9	2.12	0	0:00:15.167552
109	7	9	1.9	0	0:00:15.166858
110	4	0	0.473	0	0:00:15.166113
111	0	9	1.63	0	0:00:15.166216
112	6	9	1.53	0	0:00:15.162552
113	2	9	2.14	0	0:00:15.168370
114	1	9	0.817	0	0:00:15.166694
115	3	9	0.659	0	0:00:15.168303
116	0	9	0.365	0	0:00:15.167732
117	4	9	0.792	0	0:00:15.166491
118	2	9	0.988	0	0:00:15.167333
119	7	9	1.17	0	0:00:15.166430
120	8	9	2.14	0	0:00:15.162598
121	3	9	0.12	0	0:00:15.165401
122	1	9	2.15	0	0:00:15.165758
123	2	9	0.88	0	0:00:15.165880
124	8	9	0.79	0	0:00:15.166203
125	0	9	2.07	0	0:00:15.166503
126	8	9	1.94	0	0:00:15.165145
127	3	9	1.68	0	0:00:15.165473
128	5	-1	0.0	0	0:00:15.167928
129	2	9	1.64	0	0:00:15.160678
130	4	9	1.2	0	0:00:15.167879
131	1	9	1.74	0	0:00:15.164830
132	8	9	0.811	0	0:00:15.168538
133	9	9	0.368	1	0:00:15.167850
134	1	9	0.781	0	0:00:15.166889
135	2	9	1.12	0	0:00:15.166420
136	9	9	2.2	1	0:00:15.163225
137	7	9	1.01	0	0:00:15.165059
138	2	9	1.64	0	0:00:15.166659
139	9	9	2.74	1	0:00:15.164763
140	6	9	1.08	0	0:00:15.164465
141	5	9	0.804	0	0:00:15.166917
142	6	9	1.97	0	0:00:15.166526
143	3	9	2.25	0	0:00:15.164587
144	8	9	2.67	0	0:00:15.167526
145	7	9	0.95	0	0:00:15.166217
146	6	9	1.23	0	0:00:15.160387
147	2	9	1.8	0	0:00:15.167220
148	5	9	0.974	0	0:00:15.165210
149	2	9	2.01	0	0:00:15.166110
150	8	9	1.59	0	0:00:15.166989
151	9	9	1.03	1	0:00:15.165795
152	6	9	0.996	0	0:00:15.166976
153	0	9	0.781	0	0:00:15.165039
154	0	9	1.08	0	0:00:15.167191
155	5	9	1.94	0	0:00:15.167591
156	2	9	1.7	0	0:00:15.166152
157	9	9	1.74	1	0:00:15.164165
158	5	9	0.259	0	0:00:15.169155
159	4	9	1.08	0	0:00:15.164326
160	2	9	0.392	0	0:00:15.164925
161	1	9	1.22	0	0:00:15.167394
162	6	9	1.25	0	0:00:15.166944
163	6	9	1.87	0	0:00:15.164719
164	8	9	2.56	0	0:00:15.164994
165	4	9	0.794	0	0:00:15.167164
166	8	9	2.44	0	0:00:15.166063
167	4	9	1.51	0	0:00:15.166571
168	5	9	0.39	0	0:00:15.165639
169	0	9	2.34	0	0:00:15.168585
170	9	9	1.61	1	0:00:15.168390
171	9	9	0.544	1	0:00:15.168853
172	9	9	1.42	1	0:00:15.167603
173	8	9	2.11	0	0:00:15.167150
174	9	9	1.25	1	0:00:15.167569
175	9	9	1.98	1	0:00:15.167230
176	3	9	1.39	0	0:00:15.167278
177	7	9	0.83	0	0:00:15.166387
178	5	9	1.27	0	0:00:15.166733
179	0	9	1.01	0	0:00:15.162287
180	0	9	2.05	0	0:00:15.164143
181	5	9	0.0351	0	0:00:15.163172
182	2	9	1.13	0	0:00:15.166861
183	2	9	1.37	0	0:00:15.165408
184	3	9	0.692	0	0:00:15.165991
185	8	9	2.56	0	0:00:15.163352
186	6	9	1.27	0	0:00:15.163958
187	3	9	0.911	0	0:00:15.163828
188	4	9	1.03	0	0:00:15.166105
189	0	9	2.74	0	0:00:15.166824
190	5	9	2.56	0	0:00:15.166331
191	8	9	1.74	0	0:00:15.166917
192	0	9	1.21	0	0:00:15.165170
193	1	9	0.739	0	0:00:15.167031
194	7	9	1.3	0	0:00:15.167995
195	2	9	0.599	0	0:00:15.165906
196	8	9	1.98	0	0:00:15.165530
197	8	9	1.76	0	0:00:15.165320
198	7	-1	0.0	0	0:00:15.164933
199	8	9	1.97	0	0:00:15.165560
200	5	9	0.816	0	0:00:15.165807
201	1	9	2.27	0	0:00:15.164185
202	8	9	1.25	0	0:00:15.165104
203	7	7	0.496	1	0:00:15.164682
204	1	9	1.63	0	0:00:15.167208
205	3	9	2.13	0	0:00:15.164277
206	0	9	2.31	0	0:00:15.166218
207	5	9	1.82	0	0:00:15.165657
208	7	9	0.596	0	0:00:15.163817
209	9	9	2.67	1	0:00:15.166072
210	7	9	0.908	0	0:00:15.163989
211	4	9	1.62	0	0:00:15.165613
212	5	9	0.395	0	0:00:15.166264
213	9	9	1.48	1	0:00:15.160797
214	8	9	2.15	0	0:00:15.168534
215	0	9	0.149	0	0:00:15.167485
216	7	-1	0.0	0	0:00:15.165024
217	9	9	1.82	1	0:00:15.168327
218	8	9	1.47	0	0:00:15.165200
219	2	9	0.259	0	0:00:15.165427
220	7	7	0.8	1	0:00:15.167300
221	6	9	1.12	0	0:00:15.166358
222	9	9	1.39	1	0:00:15.164605
223	4	9	0.558	0	0:00:15.165481
224	3	9	1.16	0	0:00:15.164063
225	9	9	1.24	1	0:00:15.166777
226	6	9	1.86	0	0:00:15.164786
227	4	9	1.54	0	0:00:15.165713
228	7	9	1.02	0	0:00:15.166690
229	6	7	0.0532	0	0:00:15.167261
230	5	9	0.107	0	0:00:15.164053
231	1	9	1.99	0	0:00:15.166684
232	5	-1	0.0	0	0:00:15.165667
233	8	9	0.564	0	0:00:15.166426
234	8	9	2.67	0	0:00:15.167479
235	0	9	0.916	0	0:00:15.164936
236	4	9	1.44	0	0:00:15.165461
237	0	9	1.42	0	0:00:15.164098
238	5	9	0.883	0	0:00:15.165519
239	5	-1	0.0	0	0:00:15.166123
240	1	9	2.42	0	0:00:15.166859
241	1	9	1.73	0	0:00:15.165089
242	8	9	1.14	0	0:00:15.163783
243	9	9	1.72	1	0:00:15.165553
244	0	9	1.09	0	0:00:15.165271
245	3	9	1.54	0	0:00:15.165085
246	1	9	0.739	0	0:00:15.163904
247	9	9	2.48	1	0:00:15.161093
248	2	9	1.47	0	0:00:15.165846
249	2	9	1.59	0	0:00:15.165623
250	5	9	0.752	0	0:00:15.166472
251	3	9	1.25	0	0:00:15.164322
252	9	9	1.84	1	0:00:15.167098
253	9	9	1.12	1	0:00:15.163582
254	4	9	0.828	0	0:00:15.166248
255	0	9	0.945	0	0:00:15.166232
256	3	9	2.02	0	0:00:15.165335
257	0	9	2.46	0	0:00:15.165769
258	0	9	2.67	0	0:00:15.165936
259	9	9	1.34	1	0:00:15.165585
260	8	9	1.99	0	0:00:15.167600
261	1	9	2.74	0	0:00:15.166552
262	5	7	0.0178	0	0:00:15.164967
263	7	9	1.07	0	0:00:15.164897
264	0	9	0.768	0	0:00:15.162898
265	8	9	2.14	0	0:00:15.166041
266	2	9	1.3	0	0:00:15.165752
267	4	9	0.277	0	0:00:15.167960
268	7	9	0.862	0	0:00:15.166895
269	0	9	1.09	0	0:00:15.167189
270	2	9	1.12	0	0:00:15.166375
271	3	9	1.43	0	0:00:15.167516
272	6	9	1.37	0	0:00:15.164535
273	3	9	1.26	0	0:00:15.167159
274	8	9	1.71	0	0:00:15.167778
275	5	9	0.146	0	0:00:15.166350
276	0	9	0.894	0	0:00:15.168269
277	3	9	1.15	0	0:00:15.170143
278	4	7	0.147	0	0:00:15.166127
279	3	9	0.562	0	0:00:15.165639
280	9	9	2.32	1	0:00:15.166473
281	0	0	0.0441	1	0:00:15.168293
282	6	9	1.13	0	0:00:15.166547
283	1	9	2.26	0	0:00:15.168439
284	0	9	1.21	0	0:00:15.167511
285	9	9	1.8	1	0:00:15.166570
286	1	9	2.67	0	0:00:15.167387
287	0	9	1.98	0	0:00:15.169615
288	7	7	1.01	1	0:00:15.165260
289	9	9	0.695	1	0:00:15.166147
290	1	9	2.52	0	0:00:15.166553
291	2	9	1.45	0	0:00:15.166304
292	6	9	1.33	0	0:00:15.166336
293	9	9	2.63	1	0:00:15.166357
294	3	9	0.521	0	0:00:15.166321
295	4	9	1.16	0	0:00:15.162886
296	6	9	1.63	0	0:00:15.168387
297	0	9	1.56	0	0:00:15.169477
298	0	9	0.774	0	0:00:15.165692
299	6	9	1.01	0	0:00:15.166282
300	6	-1	0.0	0	0:00:15.168436
301	6	9	1.35	0	0:00:15.166317
302	3	9	0.27	0	0:00:15.167695
303	2	9	1.66	0	0:00:15.167428
304	6	9	1.46	0	0:00:15.163976
305	1	9	2.52	0	0:00:15.165801
306	8	9	1.29	0	0:00:15.165988
307	2	9	0.924	0	0:00:15.167033
308	1	9	2.19	0	0:00:15.166115
309	6	9	1.36	0	0:00:15.166244
310	8	9	1.92	0	0:00:15.167186
311	6	9	1.76	0	0:00:15.159893
312	8	9	1.57	0	0:00:15.167624
313	0	9	1.51	0	0:00:15.165430
314	4	9	0.501	0	0:00:15.163931
315	0	7	0.173	0	0:00:15.166312
316	7	9	0.939	0	0:00:15.166041
317	7	9	0.351	0	0:00:15.165201
318	5	9	0.98	0	0:00:15.165371
319	5	9	1.62	0	0:00:15.165525
320	3	9	1.48	0	0:00:15.165483
321	5	9	2.05	0	0:00:15.163271
322	2	9	0.866	0	0:00:15.165637
323	3	9	1.14	0	0:00:15.165705
324	4	9	0.644	0	0:00:15.164785
325	1	9	1.67	0	0:00:15.165237
326	7	9	1.12	0	0:00:15.164798
327	5	9	1.34	0	0:00:15.166729
328	4	9	1.43	0	0:00:15.163040
329	6	9	1.47	0	0:00:15.167392
330	1	9	1.56	0	0:00:15.164770
331	9	9	1.83	1	0:00:15.166826
332	3	9	0.9	0	0:00:15.164804
333	6	9	0.734	0	0:00:15.165757
334	6	9	1.84	0	0:00:15.165368
335	9	9	2.19	1	0:00:15.166729
336	3	9	1.54	0	0:00:15.167253
337	8	9	2.56	0	0:00:15.166501
338	0	9	0.332	0	0:00:15.166663
339	7	9	1.25	0	0:00:15.165231
340	2	9	1.53	0	0:00:15.167068
341	6	9	1.56	0	0:00:15.165430
342	2	9	1.19	0	0:00:15.165993
343	5	9	1.6	0	0:00:15.165948
344	8	9	2.19	0	0:00:15.165042
345	5	9	0.869	0	0:00:15.163215
346	4	7	0.0264	0	0:00:15.164982
347	6	9	0.0269	0	0:00:15.164540
348	8	9	1.51	0	0:00:15.164876
349	9	9	2.27	1	0:00:15.167876
350	9	9	2.52	1	0:00:15.166025
351	1	9	1.64	0	0:00:15.165872
352	0	9	2.74	0	0:00:15.165468
353	2	9	0.00959	0	0:00:15.167354
354	2	9	1.67	0	0:00:15.164992
355	7	9	1.04	0	0:00:15.165879
356	3	9	1.64	0	0:00:15.166596
357	2	9	0.849	0	0:00:15.164870
358	8	9	1.8	0	0:00:15.166625
359	0	9	1.72	0	0:00:15.165206
360	9	9	2.01	1	0:00:15.166711
361	5	9	0.799	0	0:00:15.163774
362	8	9	2.58	0	0:00:15.164812
363	1	9	2.67	0	0:00:15.165573
364	9	9	0.912	1	0:00:15.166546
365	4	9	0.425	0	0:00:15.163809
366	1	9	0.614	0	0:00:15.164657
367	3	9	1.62	0	0:00:15.164683
368	8	9	1.24	0	0:00:15.166601
369	1	9	2.23	0	0:00:15.164522
370	4	9	1.4	0	0:00:15.163843
371	7	7	0.0612	1	0:00:15.163649
372	9	9	2.56	1	0:00:15.164489
373	4	9	1.11	0	0:00:15.165433
374	2	9	2.21	0	0:00:15.167235
375	7	9	0.993	0	0:00:15.167199
376	0	9	2.67	0	0:00:15.167285
377	7	9	1.22	0	0:00:15.165339
378	0	9	2.02	0	0:00:15.167095
379	6	9	1.56	0	0:00:15.163500
380	6	9	1.48	0	0:00:15.164589
381	9	9	2.45	1	0:00:15.165033
382	0	0	0.0501	1	0:00:15.167681
383	9	9	1.98	1	0:00:15.165464
384	2	9	1.93	0	0:00:15.166617
385	8	-1	0.0	0	0:00:15.165025
386	7	9	0.446	0	0:00:15.169968
387	2	9	0.173	0	0:00:15.165940
388	2	9	0.586	0	0:00:15.167126
389	5	9	0.787	0	0:00:15.166896
390	1	9	2.17	0	0:00:15.166525
391	2	9	2.74	0	0:00:15.163712
392	6	9	1.39	0	0:00:15.165200
393	2	9	0.209	0	0:00:15.164555
394	9	9	1.02	1	0:00:15.164601
395	6	9	1.52	0	0:00:15.161750
396	2	9	0.926	0	0:00:15.161635
397	3	9	0.704	0	0:00:15.163939
398	0	9	2.63	0	0:00:15.165137
399	3	9	2.46	0	0:00:15.164604
400	9	9	2.63	1	0:00:15.163926
401	8	9	1.06	0	0:00:15.165523
402	7	9	0.296	0	0:00:15.167385
403	8	9	1.97	0	0:00:15.163963
404	8	9	0.979	0	0:00:15.166031
405	4	9	0.716	0	0:00:15.165120
406	0	9	1.11	0	0:00:15.166083
407	1	9	1.16	0	0:00:15.165307
408	8	9	2.12	0	0:00:15.166216
409	2	9	0.601	0	0:00:15.164300
410	7	9	1.57	0	0:00:15.162750
411	9	9	2.58	1	0:00:15.163657
412	3	7	0.397	0	0:00:15.164337
413	6	9	1.65	0	0:00:15.164002
414	1	9	2.18	0	0:00:15.160909
415	9	9	2.6	1	0:00:15.167554
416	0	-1	0.0	0	0:00:15.167760
417	7	9	2.54	0	0:00:15.167184
418	3	9	1.31	0	0:00:15.166290
419	7	9	1.63	0	0:00:15.166097
420	4	9	1.48	0	0:00:15.167760
421	5	9	0.657	0	0:00:15.165400
422	0	9	1.07	0	0:00:15.164637
423	0	9	1.4	0	0:00:15.166162
424	2	9	1.68	0	0:00:15.167302
425	9	9	2.6	1	0:00:15.166912
426	3	9	1.96	0	0:00:15.165095
427	4	9	1.25	0	0:00:15.165144
428	0	9	1.61	0	0:00:15.166622
429	6	9	1.28	0	0:00:15.166089
430	2	9	1.29	0	0:00:15.165588
431	5	9	2.24	0	0:00:15.164155
432	3	9	1.6	0	0:00:15.165982
433	7	9	0.607	0	0:00:15.167499
434	3	9	1.63	0	0:00:15.165552
435	7	7	0.158	1	0:00:15.166600
436	2	9	1.72	0	0:00:15.166426
437	5	9	1.35	0	0:00:15.164795
438	3	9	0.486	0	0:00:15.165756
439	1	9	0.271	0	0:00:15.165641
440	1	9	2.41	0	0:00:15.164890
441	4	9	0.509	0	0:00:15.164585
442	9	9	1.22	1	0:00:15.164944
443	9	9	2.67	1	0:00:15.164842
444	5	9	1.83	0	0:00:15.165301
445	7	9	1.49	0	0:00:15.166727
446	5	9	1.86	0	0:00:15.166350
447	0	9	1.6	0	0:00:15.164128
448	2	9	0.958	0	0:00:15.171524
449	2	9	0.803	0	0:00:15.168539
450	2	9	0.482	0	0:00:15.167501
451	9	9	2.52	1	0:00:15.165915
452	7	9	1.53	0	0:00:15.166224
453	3	9	1.26	0	0:00:15.166034
454	9	9	1.25	1	0:00:15.167106
455	4	9	1.29	0	0:00:15.166107
456	3	9	1.55	0	0:00:15.165556
457	5	9	1.54	0	0:00:15.166095
458	4	9	1.05	0	0:00:15.166291
459	6	9	2.32	0	0:00:15.166051
460	5	9	0.33	0	0:00:15.163787
461	6	9	1.02	0	0:00:15.165551
462	1	9	2.67	0	0:00:15.167076
463	4	9	1.39	0	0:00:15.166243
464	3	9	0.933	0	0:00:15.158710
465	4	9	0.82	0	0:00:15.168283
466	4	9	0.103	0	0:00:15.165615
467	3	9	1.67	0	0:00:15.167424
468	7	9	0.255	0	0:00:15.166245
469	8	9	1.65	0	0:00:15.166165
470	3	9	1.44	0	0:00:15.166445
471	7	9	0.368	0	0:00:15.167070
472	8	9	2.74	0	0:00:15.164890
473	0	9	0.784	0	0:00:15.168361
474	5	7	0.218	0	0:00:15.167323
475	7	7	0.564	1	0:00:15.169364
476	6	9	0.568	0	0:00:15.164969
477	0	9	2.17	0	0:00:15.169213
478	5	9	0.683	0	0:00:15.169301
479	4	9	0.758	0	0:00:15.166505
480	8	9	2.26	0	0:00:15.166313
481	6	9	2.11	0	0:00:15.168689
482	8	9	1.59	0	0:00:15.164211
483	5	9	1.03	0	0:00:15.167156
484	5	9	0.921	0	0:00:15.165882
485	9	9	1.65	1	0:00:15.166102
486	9	9	0.884	1	0:00:15.165437
487	9	9	1.48	1	0:00:15.164248
488	5	9	1.59	0	0:00:15.167593
489	0	9	1.46	0	0:00:15.166037
490	1	9	2.03	0	0:00:15.166323
491	0	7	0.531	0	0:00:15.166536
492	8	9	1.13	0	0:00:15.166734
493	1	9	1.95	0	0:00:15.166516
494	1	9	2.63	0	0:00:15.163636
495	8	9	1.43	0	0:00:15.165233
496	0	9	1.5	0	0:00:15.164864
497	2	9	1.42	0	0:00:15.163304
498	2	9	0.609	0	0:00:15.167899
499	0	9	1.22	0	0:00:15.168268
500	4	9	2.1	0	0:00:15.166977
501	6	9	0.858	0	0:00:15.165183
502	5	9	1.26	0	0:00:15.162812
503	4	9	1.65	0	0:00:15.166754
504	9	9	1.55	1	0:00:15.167506
505	4	9	1.35	0	0:00:15.166893
506	7	9	0.567	0	0:00:15.164505
507	9	9	1.03	1	0:00:15.166696
508	9	9	1.69	1	0:00:15.165054
509	4	9	0.543	0	0:00:15.165185
510	5	9	1.74	0	0:00:15.163502
511	6	9	1.07	0	0:00:15.164667
512	6	9	1.52	0	0:00:15.164911
513	1	9	1.53	0	0:00:15.160692
514	5	9	0.0296	0	0:00:15.168291
515	3	9	1.49	0	0:00:15.162507
516	8	9	2.43	0	0:00:15.165314
517	9	9	2.54	1	0:00:15.165585
518	5	9	0.723	0	0:00:15.165810
519	8	9	0.869	0	0:00:15.163928
520	5	9	1.89	0	0:00:15.164654
521	7	7	0.671	1	0:00:15.166475
522	0	9	1.37	0	0:00:15.166040
523	7	9	0.0707	0	0:00:15.164889
524	0	9	1.75	0	0:00:15.164184
525	5	9	2.36	0	0:00:15.162010
526	0	9	1.58	0	0:00:15.163682
527	0	9	1.54	0	0:00:15.164359
528	4	9	2.01	0	0:00:15.164085
529	6	9	1.39	0	0:00:15.161670
530	9	9	2.31	1	0:00:15.161367
531	0	9	2.13	0	0:00:15.166006
532	9	9	0.989	1	0:00:15.162787
533	5	9	2.54	0	0:00:15.162623
534	6	9	1.26	0	0:00:15.164052
535	6	9	1.02	0	0:00:15.163906
536	6	9	2.0	0	0:00:15.162905
537	2	9	1.51	0	0:00:15.163807
538	9	9	1.51	1	0:00:15.164289
539	0	9	1.36	0	0:00:15.162683
540	1	9	2.38	0	0:00:15.162484
541	7	9	1.24	0	0:00:15.163073
542	6	9	0.661	0	0:00:15.164657
543	7	9	0.163	0	0:00:15.163581
544	5	9	1.67	0	0:00:15.164293
545	9	9	1.09	1	0:00:15.163002
546	1	9	2.41	0	0:00:15.164235
547	6	9	1.14	0	0:00:15.163413
548	2	9	1.35	0	0:00:15.163061
549	5	9	1.43	0	0:00:15.162485
550	5	9	0.6	0	0:00:15.162600
551	5	9	0.755	0	0:00:15.164045
552	8	9	0.341	0	0:00:15.164464
553	5	9	0.317	0	0:00:15.164490
554	9	9	1.87	1	0:00:15.164668
555	4	9	1.65	0	0:00:15.165472
556	6	9	0.986	0	0:00:15.164734
557	4	9	0.467	0	0:00:15.165950
558	3	9	0.901	0	0:00:15.163560
559	2	9	1.1	0	0:00:15.163290
560	0	9	1.23	0	0:00:15.165362
561	7	7	0.133	1	0:00:15.166633
562	6	9	0.381	0	0:00:15.165304
563	2	9	1.73	0	0:00:15.164007
564	2	9	1.49	0	0:00:15.164295
565	3	9	2.6	0	0:00:15.161445
566	9	9	1.4	1	0:00:15.163004
567	7	9	1.51	0	0:00:15.165863
568	9	9	2.74	1	0:00:15.164284
569	2	9	1.09	0	0:00:15.169915
570	6	9	0.636	0	0:00:15.174423
571	7	7	0.689	1	0:00:15.166875
572	1	9	2.74	0	0:00:15.165441
573	3	9	1.67	0	0:00:15.169358
574	6	-1	0.0	0	0:00:15.173432
575	6	9	1.51	0	0:00:15.169482
576	8	9	2.32	0	0:00:15.173314
577	9	9	0.355	1	0:00:15.172209
578	7	9	0.644	0	0:00:15.175190
579	5	9	2.4	0	0:00:15.173128
580	4	9	2.28	0	0:00:15.173429
581	0	9	0.507	0	0:00:15.174097
582	8	9	1.35	0	0:00:15.171711
583	4	9	1.81	0	0:00:15.166926
584	0	9	1.65	0	0:00:15.170438
585	9	9	1.28	1	0:00:15.168638
586	3	9	0.722	0	0:00:15.169767
587	4	9	1.31	0	0:00:15.168994
588	8	9	2.63	0	0:00:15.169792
589	9	9	2.56	1	0:00:15.168148
590	6	9	0.723	0	0:00:15.165649
591	9	9	2.52	1	0:00:15.166445
592	2	9	1.46	0	0:00:15.168532
593	6	9	1.43	0	0:00:15.167515
594	1	9	0.363	0	0:00:15.165448
595	4	9	1.67	0	0:00:15.161249
596	7	9	0.998	0	0:00:15.163905
597	3	9	1.51	0	0:00:15.162523
598	5	9	1.12	0	0:00:15.163689
599	3	9	0.788	0	0:00:15.164044
600	8	9	1.83	0	0:00:15.162009
601	5	9	1.91	0	0:00:15.167003
602	0	9	0.448	0	0:00:15.164760
603	2	9	1.65	0	0:00:15.165758
604	1	9	1.35	0	0:00:15.166054
605	6	9	2.22	0	0:00:15.165937
606	4	9	2.26	0	0:00:15.166808
607	3	9	0.721	0	0:00:15.166255
608	3	9	1.16	0	0:00:15.167450
609	9	9	0.76	1	0:00:15.168582
610	6	9	1.26	0	0:00:15.166793
611	9	9	1.97	1	0:00:15.167501
612	8	9	2.67	0	0:00:15.169046
613	8	9	2.46	0	0:00:15.165217
614	5	9	0.872	0	0:00:15.166481
615	8	9	1.37	0	0:00:15.166562
616	6	-1	0.0	0	0:00:15.164912
617	6	9	1.62	0	0:00:15.166950
618	2	9	1.42	0	0:00:15.166359
619	1	9	2.74	0	0:00:15.168110
620	7	9	0.56	0	0:00:15.166230
621	7	9	1.9	0	0:00:15.166514
622	1	9	1.73	0	0:00:15.166197
623	2	9	0.261	0	0:00:15.164423
624	7	7	0.581	1	0:00:15.165670
625	9	9	1.81	1	0:00:15.165122
626	9	9	0.561	1	0:00:15.167145
627	4	9	0.437	0	0:00:15.166432
628	4	9	0.234	0	0:00:15.166272
629	1	9	0.709	0	0:00:15.166039
630	2	9	1.62	0	0:00:15.164732
631	5	9	0.588	0	0:00:15.165265
632	6	9	0.981	0	0:00:15.162385
633	8	9	2.43	0	0:00:15.166768
634	7	7	0.136	1	0:00:15.165456
635	6	9	0.539	0	0:00:15.168177
636	8	9	1.02	0	0:00:15.165956
637	3	9	0.455	0	0:00:15.165052
638	0	9	1.88	0	0:00:15.167854
639	5	9	0.942	0	0:00:15.168240
640	5	9	1.04	0	0:00:15.165613
641	3	9	1.3	0	0:00:15.166003
642	0	9	2.32	0	0:00:15.166195
643	7	7	0.808	1	0:00:15.165804
644	9	9	1.27	1	0:00:15.166749
645	1	9	1.91	0	0:00:15.169037
646	3	9	1.71	0	0:00:15.168055
647	4	9	0.965	0	0:00:15.165183
648	4	9	0.967	0	0:00:15.165310
649	5	-1	0.0	0	0:00:15.164733
650	3	9	1.21	0	0:00:15.166393
651	9	9	1.97	1	0:00:15.167099
652	5	9	0.295	0	0:00:15.166777
653	6	9	1.18	0	0:00:15.167378
654	9	9	1.24	1	0:00:15.166115
655	2	9	1.65	0	0:00:15.168055
656	1	9	2.63	0	0:00:15.167235
657	1	9	1.44	0	0:00:15.164327
658	4	9	1.37	0	0:00:15.166989
659	1	9	1.82	0	0:00:15.168027
660	9	9	1.91	1	0:00:15.166871
661	4	9	0.496	0	0:00:15.166826
662	7	7	0.991	1	0:00:15.164875
663	6	9	1.67	0	0:00:15.166552
664	3	9	1.15	0	0:00:15.165859
665	8	9	2.36	0	0:00:15.164255
666	9	9	1.8	1	0:00:15.166993
667	0	9	1.56	0	0:00:15.158543
668	1	9	1.68	0	0:00:15.151426
669	3	9	0.0825	0	0:00:15.151937
670	6	9	1.04	0	0:00:15.164756
671	3	9	1.75	0	0:00:15.163065
672	6	9	1.21	0	0:00:15.163163
673	3	9	1.24	0	0:00:15.165616
674	2	9	0.88	0	0:00:15.162298
675	0	9	0.346	0	0:00:15.163682
676	3	9	0.933	0	0:00:15.167289
677	1	9	1.6	0	0:00:15.168708
678	0	0	0.277	1	0:00:15.169555
679	5	9	0.955	0	0:00:15.168058
680	9	9	1.37	1	0:00:15.170390
681	6	9	1.44	0	0:00:15.167095
682	4	9	0.76	0	0:00:15.171892
683	8	9	2.24	0	0:00:15.169256
684	9	9	2.2	1	0:00:15.166139
685	6	9	0.821	0	0:00:15.166797
686	9	9	1.35	1	0:00:15.167259
687	6	9	1.73	0	0:00:15.164381
688	3	9	0.948	0	0:00:15.166402
689	0	9	1.31	0	0:00:15.170469
690	3	9	1.28	0	0:00:15.168402
691	2	9	0.462	0	0:00:15.165649
692	2	7	0.276	0	0:00:15.165262
693	7	9	0.632	0	0:00:15.165884
694	8	9	1.95	0	0:00:15.165545
695	3	9	0.379	0	0:00:15.166921
696	8	9	2.23	0	0:00:15.165499
697	2	9	1.07	0	0:00:15.163204
698	7	9	1.19	0	0:00:15.164482
699	5	9	1.18	0	0:00:15.166924
700	7	9	1.32	0	0:00:15.164300
701	2	9	1.08	0	0:00:15.166166
702	4	9	1.23	0	0:00:15.167056
703	8	9	0.904	0	0:00:15.166214
704	7	9	0.837	0	0:00:15.165453
705	4	9	1.88	0	0:00:15.164121
706	2	9	0.468	0	0:00:15.163628
707	9	9	1.34	1	0:00:15.165632
708	8	9	2.38	0	0:00:15.165765
709	8	9	1.68	0	0:00:15.167349
710	6	9	0.677	0	0:00:15.165173
711	8	9	2.52	0	0:00:15.166635
712	8	9	1.13	0	0:00:15.167438
713	7	9	0.632	0	0:00:15.168086
714	4	9	1.78	0	0:00:15.165204
715	3	9	1.11	0	0:00:15.160162
716	3	9	1.06	0	0:00:15.170308
717	8	9	1.76	0	0:00:15.167572
718	4	7	0.236	0	0:00:15.163431
719	9	9	2.44	1	0:00:15.166989
720	4	9	1.13	0	0:00:15.163026
721	8	9	2.18	0	0:00:15.165176
722	8	9	2.6	0	0:00:15.167454
723	1	9	1.92	0	0:00:15.165835
724	8	9	0.86	0	0:00:15.166663
725	2	9	2.15	0	0:00:15.168256
726	1	9	2.44	0	0:00:15.167664
727	3	9	1.12	0	0:00:15.167709
728	6	9	1.08	0	0:00:15.165984
729	5	9	0.299	0	0:00:15.169128
730	4	9	0.633	0	0:00:15.166125
731	2	9	0.379	0	0:00:15.164374
732	7	9	0.166	0	0:00:15.165640
733	9	9	2.46	1	0:00:15.165723
734	9	9	2.26	1	0:00:15.166417
735	4	9	1.87	0	0:00:15.167081
736	1	9	1.92	0	0:00:15.168623
737	4	9	0.659	0	0:00:15.166562
738	1	9	2.48	0	0:00:15.169238
739	3	7	0.785	0	0:00:15.169248
740	2	9	0.543	0	0:00:15.166707
741	7	7	0.22	1	0:00:15.166391
742	0	9	1.73	0	0:00:15.166923
743	7	9	0.4	0	0:00:15.166446
744	9	9	2.09	1	0:00:15.166310
745	7	9	1.22	0	0:00:15.166822
746	6	9	1.2	0	0:00:15.163788
747	6	9	0.731	0	0:00:15.164070
748	2	9	0.408	0	0:00:15.162580
749	5	9	0.617	0	0:00:15.164639
750	9	9	1.4	1	0:00:15.166452
751	2	9	1.96	0	0:00:15.166745
752	9	9	1.28	1	0:00:15.165984
753	1	9	1.92	0	0:00:15.165235
754	2	9	1.02	0	0:00:15.166586
755	2	9	1.05	0	0:00:15.165106
756	6	9	1.48	0	0:00:15.166413
757	8	9	2.31	0	0:00:15.165973
758	2	9	2.14	0	0:00:15.166979
759	1	9	1.32	0	0:00:15.165303
760	3	9	0.986	0	0:00:15.163538
761	6	9	1.29	0	0:00:15.165805
762	6	9	0.375	0	0:00:15.166848
763	0	7	0.602	0	0:00:15.168141
764	1	9	2.6	0	0:00:15.168602
765	2	9	1.23	0	0:00:15.165271
766	7	9	1.32	0	0:00:15.167403
767	0	9	2.07	0	0:00:15.164475
768	5	9	0.732	0	0:00:15.168350
769	4	9	1.54	0	0:00:15.164246
770	6	9	1.65	0	0:00:15.167256
771	1	9	2.04	0	0:00:15.166377
772	6	9	1.18	0	0:00:15.166774
773	4	9	0.764	0	0:00:15.166029
774	0	9	0.793	0	0:00:15.165612
775	2	7	0.666	0	0:00:15.166017
776	2	9	1.27	0	0:00:15.165691
777	6	9	2.01	0	0:00:15.164735
778	0	9	1.63	0	0:00:15.165459
779	5	9	0.355	0	0:00:15.167452
780	9	9	0.866	1	0:00:15.168267
781	1	9	2.08	0	0:00:15.165603
782	7	9	0.32	0	0:00:15.166273
783	6	9	1.01	0	0:00:15.166872
784	7	9	1.59	0	0:00:15.169406
785	0	9	1.88	0	0:00:15.167810
786	3	9	1.21	0	0:00:15.165164
787	9	9	1.14	1	0:00:15.165926
788	6	9	1.46	0	0:00:15.168104
789	8	9	2.67	0	0:00:15.166393
790	3	0	1.17	0	0:00:15.166054
791	0	9	0.0313	0	0:00:15.169680
792	3	7	0.0662	0	0:00:15.170869
793	4	9	1.42	0	0:00:15.169464
794	7	9	0.748	0	0:00:15.169983
795	7	-1	0.0	0	0:00:15.171370
796	1	9	1.48	0	0:00:15.184788
797	4	9	0.999	0	0:00:15.179438
798	7	9	0.777	0	0:00:15.167101
799	2	9	1.16	0	0:00:15.163720
800	7	9	0.639	0	0:00:15.159323
801	1	9	2.08	0	0:00:15.157992
802	4	9	2.54	0	0:00:15.159334
803	7	7	0.0358	1	0:00:15.158292
804	4	9	1.0	0	0:00:15.162572
805	4	9	1.28	0	0:00:15.165473
806	8	9	2.18	0	0:00:15.167336
807	4	9	1.78	0	0:00:15.166389
808	7	9	1.53	0	0:00:15.165647
809	7	9	1.29	0	0:00:15.166860
810	5	9	0.218	0	0:00:15.165516
811	3	9	0.0191	0	0:00:15.163985
812	7	9	0.453	0	0:00:15.127132
813	2	9	0.865	0	0:00:15.165344
814	0	9	2.67	0	0:00:15.163850
815	8	9	2.74	0	0:00:15.165519
816	9	9	1.72	1	0:00:15.166078
817	5	9	0.118	0	0:00:15.162864
818	8	9	0.596	0	0:00:15.164114
819	3	9	1.7	0	0:00:15.164550
820	6	9	0.508	0	0:00:15.164541
821	2	9	0.972	0	0:00:15.163559
822	0	9	1.26	0	0:00:15.166057
823	8	9	2.74	0	0:00:15.165783
824	7	9	0.538	0	0:00:15.162842
825	3	9	1.23	0	0:00:15.166744
826	7	9	1.31	0	0:00:15.164331
827	6	9	2.32	0	0:00:15.165295
828	5	7	0.861	0	0:00:15.162421
829	3	9	1.05	0	0:00:15.163612
830	1	9	2.28	0	0:00:15.165307
831	3	9	2.16	0	0:00:15.164650
832	2	9	0.615	0	0:00:15.164849
833	2	9	0.402	0	0:00:15.162166
834	5	9	0.98	0	0:00:15.164612
835	4	9	0.985	0	0:00:15.166883
836	1	9	2.63	0	0:00:15.166086
837	2	9	0.75	0	0:00:15.165401
838	9	9	0.426	1	0:00:15.164324
839	2	9	0.932	0	0:00:15.165534
840	7	7	0.648	1	0:00:15.166560
841	0	9	1.2	0	0:00:15.164778
842	7	7	0.505	1	0:00:15.165509
843	2	9	1.24	0	0:00:15.165752
844	1	9	2.04	0	0:00:15.165799
845	3	9	0.646	0	0:00:15.160801
846	2	9	0.864	0	0:00:15.166301
847	0	9	0.938	0	0:00:15.167260
848	2	9	1.29	0	0:00:15.165159
849	4	9	1.14	0	0:00:15.163914
850	7	9	2.15	0	0:00:15.164545
851	9	9	1.65	1	0:00:15.164619
852	8	9	2.23	0	0:00:15.166404
853	9	9	2.49	1	0:00:15.163516
854	0	9	1.71	0	0:00:15.165295
855	7	9	0.558	0	0:00:15.165693
856	7	9	0.627	0	0:00:15.165319
857	0	9	1.3	0	0:00:15.165774
858	7	7	0.593	1	0:00:15.167006
859	8	9	1.75	0	0:00:15.166800
860	4	9	0.24	0	0:00:15.164424
861	6	9	1.18	0	0:00:15.167279
862	3	9	0.993	0	0:00:15.159788
863	3	9	0.561	0	0:00:15.169166
864	0	9	1.57	0	0:00:15.166337
865	1	9	2.31	0	0:00:15.164315
866	3	9	0.609	0	0:00:15.164958
867	7	9	0.352	0	0:00:15.164846
868	0	9	1.56	0	0:00:15.166476
869	1	9	2.42	0	0:00:15.166957
870	3	9	1.03	0	0:00:15.166507
871	1	9	2.21	0	0:00:15.165979
872	4	7	0.0837	0	0:00:15.166222
873	2	9	1.54	0	0:00:15.167252
874	3	9	1.49	0	0:00:15.165153
875	8	9	2.67	0	0:00:15.166039
876	4	9	1.05	0	0:00:15.163726
877	2	9	0.874	0	0:00:15.159264
878	3	9	2.11	0	0:00:15.165899
879	7	7	0.0756	1	0:00:15.164668
880	8	9	2.03	0	0:00:15.166070
881	4	9	1.09	0	0:00:15.164959
882	3	9	1.29	0	0:00:15.164937
883	0	9	0.165	0	0:00:15.165488
884	9	9	1.81	1	0:00:15.164384
885	0	9	0.608	0	0:00:15.164183
886	0	9	2.5	0	0:00:15.166034
887	1	9	1.94	0	0:00:15.164167
888	0	9	2.56	0	0:00:15.166953
889	4	9	1.14	0	0:00:15.167383
890	4	9	0.917	0	0:00:15.166425
891	6	9	0.934	0	0:00:15.165318
892	7	7	1.55	1	0:00:15.167522
893	6	9	1.11	0	0:00:15.164745
894	1	9	2.23	0	0:00:15.166288
895	1	9	1.37	0	0:00:15.165855
896	3	9	0.667	0	0:00:15.166695
897	7	9	0.225	0	0:00:15.166321
898	3	9	0.649	0	0:00:15.165150
899	5	9	0.929	0	0:00:15.163863
900	2	9	1.04	0	0:00:15.167623
901	6	9	0.857	0	0:00:15.166494
902	6	9	1.55	0	0:00:15.165854
903	5	9	1.67	0	0:00:15.164957
904	8	9	2.11	0	0:00:15.167631
905	7	9	1.63	0	0:00:15.166970
906	1	9	2.63	0	0:00:15.167859
907	6	9	0.862	0	0:00:15.164772
908	8	9	1.84	0	0:00:15.160935
909	8	9	1.46	0	0:00:15.159615
910	5	9	0.899	0	0:00:15.166511
911	3	9	0.978	0	0:00:15.166745
912	0	7	0.0813	0	0:00:15.165743
913	4	9	1.52	0	0:00:15.166250
914	0	9	0.588	0	0:00:15.166641
915	1	9	1.46	0	0:00:15.165872
916	3	9	2.35	0	0:00:15.164509
917	8	9	2.74	0	0:00:15.163909
918	8	9	2.04	0	0:00:15.165942
919	0	9	1.34	0	0:00:15.165958
920	6	9	1.52	0	0:00:15.165223
921	9	9	1.34	1	0:00:15.166335
922	9	9	0.713	1	0:00:15.166008
923	9	9	0.65	1	0:00:15.164925
924	5	9	1.56	0	0:00:15.164387
925	5	9	0.261	0	0:00:15.165847
926	8	9	2.42	0	0:00:15.159472
927	6	9	0.44	0	0:00:15.168566
928	0	9	0.804	0	0:00:15.164926
929	0	9	2.17	0	0:00:15.167418
930	4	9	0.957	0	0:00:15.167361
931	2	9	0.679	0	0:00:15.167547
932	3	9	1.31	0	0:00:15.165417
933	2	9	1.01	0	0:00:15.166251
934	7	7	1.31	1	0:00:15.165420
935	2	9	1.23	0	0:00:15.166271
936	2	9	1.05	0	0:00:15.165644
937	5	9	1.39	0	0:00:15.168705
938	9	9	1.14	1	0:00:15.165227
939	8	9	1.72	0	0:00:15.167020
940	9	9	1.23	1	0:00:15.165067
941	1	9	0.777	0	0:00:15.161773
942	7	9	0.508	0	0:00:15.167420
943	4	9	0.402	0	0:00:15.163843
944	0	9	2.29	0	0:00:15.167433
945	3	9	2.07	0	0:00:15.166142
946	0	9	0.648	0	0:00:15.165988
947	1	9	1.97	0	0:00:15.164841
948	3	9	0.992	0	0:00:15.165009
949	8	9	1.61	0	0:00:15.163212
950	3	9	1.26	0	0:00:15.164526
951	9	9	2.0	1	0:00:15.164438
952	6	9	1.32	0	0:00:15.166436
