idx	label	predict	radius	correct	time
0	3	9	1.28	0	0:00:15.139580
1	8	9	0.285	0	0:00:15.156026
2	8	9	0.413	0	0:00:15.155441
3	0	-1	0.0	0	0:00:15.156215
4	6	-1	0.0	0	0:00:15.157418
5	6	9	0.474	0	0:00:15.157412
6	1	9	1.15	0	0:00:15.156034
7	6	9	0.103	0	0:00:15.156862
8	3	9	0.141	0	0:00:15.156399
9	1	9	1.53	0	0:00:15.154948
10	0	8	0.000989	0	0:00:15.157136
11	9	9	1.37	1	0:00:15.156494
12	5	9	0.551	0	0:00:15.155500
13	7	7	0.259	1	0:00:15.154271
14	9	9	1.56	1	0:00:15.156470
15	8	0	0.187	0	0:00:15.156239
16	5	9	0.534	0	0:00:15.154971
17	7	9	0.799	0	0:00:15.158607
18	8	9	0.708	0	0:00:15.156156
19	6	-1	0.0	0	0:00:15.155017
20	7	7	1.11	1	0:00:15.156185
21	0	4	0.452	0	0:00:15.156649
22	4	-1	0.0	0	0:00:15.155429
23	9	9	0.99	1	0:00:15.156647
24	5	4	0.351	0	0:00:15.148840
25	2	5	0.175	0	0:00:15.142958
26	4	5	0.247	0	0:00:15.155469
27	0	-1	0.0	0	0:00:15.157553
28	9	9	1.56	1	0:00:15.156734
29	6	9	0.341	0	0:00:15.156217
30	6	9	0.1	0	0:00:15.155251
31	5	9	0.667	0	0:00:15.156658
32	4	8	0.00563	0	0:00:15.154801
33	5	9	0.343	0	0:00:15.156548
34	9	9	1.43	1	0:00:15.157020
35	2	9	0.856	0	0:00:15.155578
36	4	9	0.326	0	0:00:15.154896
37	1	9	0.334	0	0:00:15.156741
38	9	9	1.56	1	0:00:15.154347
39	5	9	0.689	0	0:00:15.156602
40	4	9	0.212	0	0:00:15.155277
41	6	9	0.107	0	0:00:15.156877
42	5	9	0.488	0	0:00:15.156313
43	6	5	0.0484	0	0:00:15.155465
44	0	8	0.285	0	0:00:15.157527
45	9	9	1.42	1	0:00:15.156337
46	3	9	0.762	0	0:00:15.155103
47	9	9	1.28	1	0:00:15.155141
48	7	-1	0.0	0	0:00:15.156161
49	6	-1	0.0	0	0:00:15.152969
50	9	9	0.934	1	0:00:15.153833
51	8	9	0.633	0	0:00:15.157070
52	0	-1	0.0	0	0:00:15.156610
53	3	9	1.32	0	0:00:15.154555
54	8	-1	0.0	0	0:00:15.155802
55	8	9	0.0719	0	0:00:15.155425
56	7	7	0.213	1	0:00:15.154444
57	7	9	1.04	0	0:00:15.154424
58	4	9	0.832	0	0:00:15.156005
59	6	-1	0.0	0	0:00:15.155904
60	7	7	1.43	1	0:00:15.156141
61	3	-1	0.0	0	0:00:15.156019
62	6	9	0.513	0	0:00:15.156404
63	3	9	1.09	0	0:00:15.155925
64	6	9	0.257	0	0:00:15.155842
65	2	-1	0.0	0	0:00:15.155451
66	1	9	0.0506	0	0:00:15.154423
67	2	0	0.0888	0	0:00:15.157273
68	3	9	0.958	0	0:00:15.156794
69	7	9	1.32	0	0:00:15.156460
70	2	-1	0.0	0	0:00:15.155590
71	6	9	0.798	0	0:00:15.156096
72	8	8	0.0934	1	0:00:15.155529
73	8	8	0.164	1	0:00:15.152721
74	0	9	0.229	0	0:00:15.155697
75	2	5	0.11	0	0:00:15.154933
76	9	9	0.658	1	0:00:15.155969
77	3	9	0.758	0	0:00:15.156471
78	3	5	0.2	0	0:00:15.153558
79	8	9	0.241	0	0:00:15.154965
80	8	9	0.15	0	0:00:15.156469
81	1	1	0.49	1	0:00:15.155872
82	1	1	0.0656	1	0:00:15.154955
83	7	7	0.742	1	0:00:15.154879
84	2	5	0.172	0	0:00:15.155559
85	5	7	0.377	0	0:00:15.156043
86	2	9	1.49	0	0:00:15.155167
87	7	9	1.16	0	0:00:15.157648
88	8	9	1.32	0	0:00:15.154676
89	9	9	0.919	1	0:00:15.154912
90	0	9	0.614	0	0:00:15.154668
91	3	9	0.585	0	0:00:15.155118
92	8	1	0.423	0	0:00:15.155411
93	6	9	0.02	0	0:00:15.156439
94	4	-1	0.0	0	0:00:15.155382
95	6	9	0.771	0	0:00:15.155349
96	6	9	0.0942	0	0:00:15.156360
97	0	-1	0.0	0	0:00:15.156202
98	0	4	0.245	0	0:00:15.155792
99	7	9	0.282	0	0:00:15.155402
100	4	9	0.141	0	0:00:15.156452
101	5	9	0.867	0	0:00:15.154636
102	6	9	0.794	0	0:00:15.154995
103	3	9	1.24	0	0:00:15.155324
104	1	1	0.649	1	0:00:15.155904
105	1	1	0.165	1	0:00:15.156188
106	3	9	0.31	0	0:00:15.155518
107	6	9	0.171	0	0:00:15.156763
108	8	9	0.2	0	0:00:15.154593
109	7	9	0.221	0	0:00:15.154581
110	4	4	0.0111	1	0:00:15.155028
111	0	8	0.303	0	0:00:15.155049
112	6	-1	0.0	0	0:00:15.155292
113	2	9	0.579	0	0:00:15.156004
114	1	1	0.679	1	0:00:15.154984
115	3	9	0.816	0	0:00:15.155312
116	0	4	0.124	0	0:00:15.155282
117	4	9	0.492	0	0:00:15.156271
118	2	5	0.39	0	0:00:15.155268
119	7	9	0.159	0	0:00:15.155522
120	8	-1	0.0	0	0:00:15.154103
121	3	5	0.333	0	0:00:15.154397
122	1	1	0.251	1	0:00:15.154796
123	2	5	0.33	0	0:00:15.156030
124	8	9	0.0742	0	0:00:15.156461
125	0	-1	0.0	0	0:00:15.154321
126	8	9	1.01	0	0:00:15.154792
127	3	9	0.693	0	0:00:15.155102
128	5	5	0.282	1	0:00:15.154602
129	2	-1	0.0	0	0:00:15.154819
130	4	4	0.348	1	0:00:15.154787
131	1	9	0.885	0	0:00:15.155102
132	8	9	1.46	0	0:00:15.154787
133	9	9	0.498	1	0:00:15.155371
134	1	9	0.831	0	0:00:15.154677
135	2	9	0.836	0	0:00:15.152105
136	9	9	1.49	1	0:00:15.155445
137	7	9	0.0352	0	0:00:15.155058
138	2	-1	0.0	0	0:00:15.154112
139	9	1	0.14	0	0:00:15.154993
140	6	9	0.0117	0	0:00:15.154642
141	5	5	0.223	1	0:00:15.154084
142	6	9	0.67	0	0:00:15.155874
143	3	9	0.985	0	0:00:15.155512
144	8	-1	0.0	0	0:00:15.155096
145	7	9	0.904	0	0:00:15.154972
146	6	9	0.36	0	0:00:15.155087
147	2	9	0.867	0	0:00:15.155717
148	5	-1	0.0	0	0:00:15.157405
149	2	-1	0.0	0	0:00:15.153293
150	8	9	0.254	0	0:00:15.155766
151	9	9	1.51	1	0:00:15.154912
152	6	9	0.686	0	0:00:15.155459
153	0	9	0.293	0	0:00:15.156641
154	0	9	0.00516	0	0:00:15.155512
155	5	9	0.399	0	0:00:15.155175
156	2	4	0.0412	0	0:00:15.155725
157	9	9	1.42	1	0:00:15.155817
158	5	9	0.385	0	0:00:15.154935
159	4	-1	0.0	0	0:00:15.156381
160	2	4	0.337	0	0:00:15.152474
161	1	9	0.502	0	0:00:15.155066
162	6	9	0.974	0	0:00:15.155028
163	6	9	0.0199	0	0:00:15.154967
164	8	9	0.61	0	0:00:15.155177
165	4	-1	0.0	0	0:00:15.155459
166	8	9	0.372	0	0:00:15.155966
167	4	9	0.292	0	0:00:15.155306
168	5	9	0.476	0	0:00:15.155291
169	0	9	0.626	0	0:00:15.156384
170	9	9	1.11	1	0:00:15.155101
171	9	9	0.0551	1	0:00:15.157149
172	9	9	0.376	1	0:00:15.157570
173	8	9	0.686	0	0:00:15.156946
174	9	9	1.28	1	0:00:15.154292
175	9	9	1.56	1	0:00:15.155899
176	3	9	0.257	0	0:00:15.156213
177	7	9	0.42	0	0:00:15.155344
178	5	9	0.719	0	0:00:15.156309
179	0	9	0.608	0	0:00:15.157692
180	0	-1	0.0	0	0:00:15.156084
181	5	7	0.242	0	0:00:15.155049
182	2	-1	0.0	0	0:00:15.154772
183	2	-1	0.0	0	0:00:15.156011
184	3	4	0.0384	0	0:00:15.156666
185	8	8	0.101	1	0:00:15.155743
186	6	9	0.304	0	0:00:15.155758
187	3	9	0.86	0	0:00:15.154900
188	4	5	0.0655	0	0:00:15.155508
189	0	9	0.738	0	0:00:15.155726
190	5	9	0.656	0	0:00:15.153932
191	8	9	0.707	0	0:00:15.154003
192	0	9	0.534	0	0:00:15.157355
193	1	9	0.336	0	0:00:15.155934
194	7	9	0.995	0	0:00:15.154790
195	2	9	0.0149	0	0:00:15.155734
196	8	8	0.14	1	0:00:15.156271
197	8	8	0.404	1	0:00:15.155484
198	7	7	0.129	1	0:00:15.155570
199	8	8	0.176	1	0:00:15.153942
200	5	9	0.509	0	0:00:15.154747
201	1	9	0.231	0	0:00:15.155318
202	8	9	0.218	0	0:00:15.154145
203	7	7	0.943	1	0:00:15.155553
204	1	1	0.437	1	0:00:15.154129
205	3	9	0.0852	0	0:00:15.155849
206	0	9	0.186	0	0:00:15.156960
207	5	-1	0.0	0	0:00:15.155276
208	7	7	0.903	1	0:00:15.153386
209	9	9	0.695	1	0:00:15.155740
210	7	9	0.248	0	0:00:15.153468
211	4	9	0.931	0	0:00:15.155015
212	5	5	0.591	1	0:00:15.154556
213	9	9	0.873	1	0:00:15.155335
214	8	9	0.188	0	0:00:15.155790
215	0	0	0.311	1	0:00:15.155553
216	7	7	0.898	1	0:00:15.154391
217	9	9	1.11	1	0:00:15.155517
218	8	8	0.119	1	0:00:15.153984
219	2	7	0.366	0	0:00:15.155814
220	7	7	1.53	1	0:00:15.155841
221	6	9	0.462	0	0:00:15.153791
222	9	9	1.56	1	0:00:15.155033
223	4	-1	0.0	0	0:00:15.153176
224	3	9	1.41	0	0:00:15.152258
225	9	9	1.3	1	0:00:15.154125
226	6	9	1.1	0	0:00:15.156120
227	4	-1	0.0	0	0:00:15.152952
228	7	5	0.0202	0	0:00:15.156054
229	6	7	0.137	0	0:00:15.155227
230	5	5	0.297	1	0:00:15.154163
231	1	9	0.462	0	0:00:15.153019
232	5	5	0.423	1	0:00:15.156180
233	8	9	0.0642	0	0:00:15.154770
234	8	9	0.163	0	0:00:15.154365
235	0	0	1.32	1	0:00:15.152910
236	4	-1	0.0	0	0:00:15.154464
237	0	9	1.24	0	0:00:15.154857
238	5	9	0.602	0	0:00:15.156045
239	5	4	0.0263	0	0:00:15.155093
240	1	1	0.022	1	0:00:15.155399
241	1	9	0.967	0	0:00:15.154500
242	8	9	0.608	0	0:00:15.154436
243	9	9	1.51	1	0:00:15.155048
244	0	-1	0.0	0	0:00:15.155766
245	3	9	0.308	0	0:00:15.156649
246	1	1	0.361	1	0:00:15.155624
247	9	9	0.659	1	0:00:15.154781
248	2	9	0.138	0	0:00:15.154638
249	2	0	0.158	0	0:00:15.155537
250	5	9	0.131	0	0:00:15.155388
251	3	9	0.24	0	0:00:15.154282
252	9	9	1.45	1	0:00:15.156709
253	9	9	0.391	1	0:00:15.153359
254	4	5	0.0234	0	0:00:15.154092
255	0	9	0.638	0	0:00:15.155087
256	3	9	0.829	0	0:00:15.154902
257	0	8	0.148	0	0:00:15.154353
258	0	8	0.0604	0	0:00:15.155843
259	9	9	0.928	1	0:00:15.155586
260	8	9	0.122	0	0:00:15.155410
261	1	9	1.02	0	0:00:15.154658
262	5	9	0.00647	0	0:00:15.154221
263	7	9	0.895	0	0:00:15.153380
264	0	0	0.153	1	0:00:15.155055
265	8	9	0.399	0	0:00:15.157041
266	2	9	0.822	0	0:00:15.155481
267	4	9	0.128	0	0:00:15.156399
268	7	9	0.237	0	0:00:15.155442
269	0	4	0.15	0	0:00:15.155288
270	2	-1	0.0	0	0:00:15.154720
271	3	9	0.439	0	0:00:15.155237
272	6	9	0.691	0	0:00:15.155956
273	3	9	0.412	0	0:00:15.154638
274	8	9	0.486	0	0:00:15.155486
275	5	5	0.493	1	0:00:15.154378
276	0	9	1.17	0	0:00:15.154332
277	3	9	0.154	0	0:00:15.155714
278	4	7	0.849	0	0:00:15.156137
279	3	9	0.433	0	0:00:15.154331
280	9	9	1.51	1	0:00:15.156017
281	0	-1	0.0	0	0:00:15.155755
282	6	9	0.333	0	0:00:15.155636
283	1	1	0.296	1	0:00:15.154449
284	0	9	1.17	0	0:00:15.156532
285	9	9	1.51	1	0:00:15.156650
286	1	9	0.206	0	0:00:15.155062
287	0	8	0.0951	0	0:00:15.155943
288	7	7	1.4	1	0:00:15.155608
289	9	9	1.07	1	0:00:15.156363
290	1	1	0.167	1	0:00:15.154649
291	2	-1	0.0	0	0:00:15.153526
292	6	9	0.308	0	0:00:15.157651
293	9	9	0.989	1	0:00:15.156009
294	3	5	0.745	0	0:00:15.156552
295	4	4	0.0149	1	0:00:15.154904
296	6	9	0.254	0	0:00:15.156299
297	0	0	1.2	1	0:00:15.152547
298	0	0	1.29	1	0:00:15.155988
299	6	9	0.213	0	0:00:15.155296
300	6	-1	0.0	0	0:00:15.154832
301	6	9	0.0252	0	0:00:15.155392
302	3	-1	0.0	0	0:00:15.154822
303	2	9	1.21	0	0:00:15.155412
304	6	-1	0.0	0	0:00:15.155330
305	1	9	0.285	0	0:00:15.157169
306	8	9	1.17	0	0:00:15.155260
307	2	-1	0.0	0	0:00:15.155540
308	1	1	0.486	1	0:00:15.156238
309	6	-1	0.0	0	0:00:15.152911
310	8	9	0.294	0	0:00:15.154846
311	6	6	0.0746	1	0:00:15.156172
312	8	8	0.0715	1	0:00:15.156960
313	0	-1	0.0	0	0:00:15.155671
314	4	9	0.217	0	0:00:15.156675
315	0	4	0.382	0	0:00:15.154150
316	7	9	0.759	0	0:00:15.155642
317	7	7	0.0137	1	0:00:15.156236
318	5	9	0.336	0	0:00:15.156771
319	5	9	0.57	0	0:00:15.154741
320	3	-1	0.0	0	0:00:15.156067
321	5	9	1.28	0	0:00:15.156385
322	2	9	0.0346	0	0:00:15.156305
323	3	5	0.259	0	0:00:15.155422
324	4	9	1.03	0	0:00:15.154968
325	1	9	0.54	0	0:00:15.155554
326	7	9	0.133	0	0:00:15.155884
327	5	9	0.819	0	0:00:15.155576
328	4	9	0.907	0	0:00:15.154375
329	6	9	0.492	0	0:00:15.156416
330	1	1	0.903	1	0:00:15.154459
331	9	9	1.56	1	0:00:15.155439
332	3	9	0.191	0	0:00:15.154932
333	6	-1	0.0	0	0:00:15.153901
334	6	9	0.241	0	0:00:15.153336
335	9	9	1.2	1	0:00:15.154472
336	3	9	0.266	0	0:00:15.155493
337	8	9	0.727	0	0:00:15.154006
338	0	4	0.0563	0	0:00:15.156503
339	7	9	0.901	0	0:00:15.152926
340	2	9	0.129	0	0:00:15.153833
341	6	9	0.821	0	0:00:15.155312
342	2	-1	0.0	0	0:00:15.155608
343	5	9	0.386	0	0:00:15.152836
344	8	-1	0.0	0	0:00:15.156658
345	5	5	0.153	1	0:00:15.154678
346	4	7	0.827	0	0:00:15.152204
347	6	9	0.0426	0	0:00:15.154672
348	8	8	1.49	1	0:00:15.154526
349	9	9	1.23	1	0:00:15.153112
350	9	9	0.902	1	0:00:15.153694
351	1	1	0.309	1	0:00:15.155660
352	0	9	0.666	0	0:00:15.153916
353	2	4	0.462	0	0:00:15.151765
354	2	9	0.638	0	0:00:15.154736
355	7	9	0.926	0	0:00:15.154582
356	3	4	0.00884	0	0:00:15.154228
357	2	9	0.229	0	0:00:15.154717
358	8	9	0.0781	0	0:00:15.154869
359	0	9	0.701	0	0:00:15.155107
360	9	9	1.32	1	0:00:15.152704
361	5	9	0.0745	0	0:00:15.154798
362	8	8	0.512	1	0:00:15.154258
363	1	9	0.902	0	0:00:15.155411
364	9	1	0.407	0	0:00:15.154287
365	4	7	0.272	0	0:00:15.154948
366	1	9	0.362	0	0:00:15.154250
367	3	9	0.954	0	0:00:15.155803
368	8	-1	0.0	0	0:00:15.154459
369	1	9	0.236	0	0:00:15.152627
370	4	9	0.221	0	0:00:15.155373
371	7	7	1.16	1	0:00:15.155224
372	9	9	1.47	1	0:00:15.154392
373	4	9	0.471	0	0:00:15.155320
374	2	5	0.0762	0	0:00:15.155237
375	7	9	0.167	0	0:00:15.154415
376	0	9	1.53	0	0:00:15.154208
377	7	9	0.798	0	0:00:15.154323
378	0	9	0.0716	0	0:00:15.154294
379	6	-1	0.0	0	0:00:15.154650
380	6	-1	0.0	0	0:00:15.154143
381	9	9	1.51	1	0:00:15.152743
382	0	0	0.958	1	0:00:15.152634
383	9	9	0.291	1	0:00:15.153288
384	2	9	0.504	0	0:00:15.152796
385	8	0	0.215	0	0:00:15.154962
386	7	7	0.282	1	0:00:15.154561
387	2	5	0.778	0	0:00:15.153489
388	2	9	0.762	0	0:00:15.152554
389	5	9	0.591	0	0:00:15.152357
390	1	9	0.215	0	0:00:15.153821
391	2	0	0.341	0	0:00:15.154900
392	6	-1	0.0	0	0:00:15.152442
393	2	5	0.423	0	0:00:15.152928
394	9	9	1.26	1	0:00:15.155084
395	6	9	0.0521	0	0:00:15.154319
396	2	5	0.301	0	0:00:15.152782
397	3	9	0.369	0	0:00:15.153589
398	0	8	0.0505	0	0:00:15.152857
399	3	9	0.496	0	0:00:15.154195
400	9	9	1.47	1	0:00:15.155240
401	8	1	0.659	0	0:00:15.152755
402	7	7	0.298	1	0:00:15.154601
403	8	9	0.141	0	0:00:15.154600
404	8	9	0.456	0	0:00:15.155250
405	4	5	0.00816	0	0:00:15.153085
406	0	0	0.742	1	0:00:15.152819
407	1	1	0.45	1	0:00:15.155525
408	8	8	0.492	1	0:00:15.154052
409	2	5	0.0424	0	0:00:15.154407
410	7	9	0.789	0	0:00:15.155544
411	9	9	0.306	1	0:00:15.153673
412	3	7	0.315	0	0:00:15.155103
413	6	-1	0.0	0	0:00:15.155246
414	1	9	0.745	0	0:00:15.155478
415	9	9	1.53	1	0:00:15.155838
416	0	4	0.195	0	0:00:15.154832
417	7	9	0.88	0	0:00:15.156005
418	3	9	0.565	0	0:00:15.156257
419	7	9	0.911	0	0:00:15.154274
420	4	9	0.119	0	0:00:15.154718
421	5	9	0.0652	0	0:00:15.155011
422	0	9	0.0746	0	0:00:15.156489
423	0	-1	0.0	0	0:00:15.155124
424	2	-1	0.0	0	0:00:15.156411
425	9	9	1.53	1	0:00:15.153743
426	3	9	1.14	0	0:00:15.155275
427	4	9	0.954	0	0:00:15.155873
428	0	9	0.747	0	0:00:15.154357
429	6	-1	0.0	0	0:00:15.153539
430	2	9	0.6	0	0:00:15.154708
431	5	9	0.254	0	0:00:15.156142
432	3	9	0.329	0	0:00:15.154807
433	7	9	0.358	0	0:00:15.155264
434	3	9	1.27	0	0:00:15.155360
435	7	7	0.595	1	0:00:15.155685
436	2	9	0.832	0	0:00:15.154228
437	5	9	0.101	0	0:00:15.154908
438	3	9	0.202	0	0:00:15.153972
439	1	9	1.39	0	0:00:15.154068
440	1	9	0.628	0	0:00:15.154398
441	4	5	0.0814	0	0:00:15.154629
442	9	9	1.41	1	0:00:15.153666
443	9	9	0.735	1	0:00:15.153925
444	5	9	0.226	0	0:00:15.155312
445	7	9	0.959	0	0:00:15.154517
446	5	9	0.359	0	0:00:15.153929
447	0	0	0.657	1	0:00:15.153023
448	2	4	0.119	0	0:00:15.155693
449	2	4	0.423	0	0:00:15.154887
450	2	-1	0.0	0	0:00:15.154729
451	9	9	0.374	1	0:00:15.153315
452	7	9	0.749	0	0:00:15.153382
453	3	9	0.294	0	0:00:15.154819
454	9	9	0.569	1	0:00:15.154238
455	4	-1	0.0	0	0:00:15.154459
456	3	-1	0.0	0	0:00:15.152763
457	5	9	1.13	0	0:00:15.155445
458	4	-1	0.0	0	0:00:15.154914
459	6	9	1.11	0	0:00:15.153886
460	5	5	0.215	1	0:00:15.155342
461	6	9	0.26	0	0:00:15.154084
462	1	9	0.213	0	0:00:15.152736
463	4	9	0.196	0	0:00:15.153803
464	3	9	0.673	0	0:00:15.154558
465	4	-1	0.0	0	0:00:15.153188
466	4	7	0.567	0	0:00:15.154541
467	3	9	0.914	0	0:00:15.152898
468	7	7	0.564	1	0:00:15.153896
469	8	8	0.697	1	0:00:15.153949
470	3	9	0.246	0	0:00:15.154615
471	7	-1	0.0	0	0:00:15.155245
472	8	-1	0.0	0	0:00:15.154725
473	0	9	0.0871	0	0:00:15.155246
474	5	5	0.463	1	0:00:15.154779
475	7	7	1.1	1	0:00:15.154617
476	6	-1	0.0	0	0:00:15.153006
477	0	9	1.18	0	0:00:15.153573
478	5	-1	0.0	0	0:00:15.154445
479	4	-1	0.0	0	0:00:15.154734
480	8	9	0.893	0	0:00:15.154085
481	6	9	0.119	0	0:00:15.152858
482	8	-1	0.0	0	0:00:15.154271
483	5	9	0.608	0	0:00:15.153822
484	5	9	1.18	0	0:00:15.153774
485	9	9	1.03	1	0:00:15.155042
486	9	9	1.2	1	0:00:15.154006
487	9	9	1.53	1	0:00:15.152887
488	5	9	0.588	0	0:00:15.155115
489	0	9	0.233	0	0:00:15.155312
490	1	1	0.542	1	0:00:15.153307
491	0	7	0.517	0	0:00:15.154884
492	8	-1	0.0	0	0:00:15.155506
493	1	9	0.612	0	0:00:15.155196
494	1	1	0.102	1	0:00:15.154070
495	8	1	0.431	0	0:00:15.153314
496	0	0	0.679	1	0:00:15.152952
497	2	-1	0.0	0	0:00:15.154234
498	2	4	0.103	0	0:00:15.154326
499	0	0	0.65	1	0:00:15.153472
500	4	9	1.11	0	0:00:15.154231
501	6	-1	0.0	0	0:00:15.152822
502	5	5	0.149	1	0:00:15.153132
503	4	9	0.773	0	0:00:15.154560
504	9	9	1.34	1	0:00:15.153480
505	4	9	0.144	0	0:00:15.152816
506	7	9	0.0633	0	0:00:15.153138
507	9	9	1.25	1	0:00:15.150356
508	9	9	0.898	1	0:00:15.151383
509	4	-1	0.0	0	0:00:15.155692
510	5	9	0.357	0	0:00:15.153460
511	6	-1	0.0	0	0:00:15.152194
512	6	-1	0.0	0	0:00:15.153303
513	1	9	0.657	0	0:00:15.153072
514	5	5	0.301	1	0:00:15.153012
515	3	9	1.39	0	0:00:15.154231
516	8	-1	0.0	0	0:00:15.153891
517	9	9	1.56	1	0:00:15.153924
518	5	9	0.456	0	0:00:15.152734
519	8	1	0.0438	0	0:00:15.151501
520	5	9	0.536	0	0:00:15.150901
521	7	7	1.56	1	0:00:15.151687
522	0	8	0.079	0	0:00:15.152393
523	7	7	0.568	1	0:00:15.153857
524	0	8	0.506	0	0:00:15.153719
525	5	9	0.692	0	0:00:15.151726
526	0	9	0.347	0	0:00:15.155226
527	0	0	0.762	1	0:00:15.151557
528	4	9	0.773	0	0:00:15.149537
529	6	-1	0.0	0	0:00:15.152919
530	9	9	1.32	1	0:00:15.152059
531	0	9	0.709	0	0:00:15.152397
532	9	9	0.782	1	0:00:15.153378
533	5	9	0.696	0	0:00:15.151638
534	6	9	0.123	0	0:00:15.151876
535	6	9	0.122	0	0:00:15.153178
536	6	-1	0.0	0	0:00:15.151873
537	2	-1	0.0	0	0:00:15.152498
538	9	9	1.56	1	0:00:15.153146
539	0	9	0.881	0	0:00:15.153364
540	1	9	0.452	0	0:00:15.151441
541	7	9	0.482	0	0:00:15.151501
542	6	9	0.49	0	0:00:15.153525
543	7	7	0.484	1	0:00:15.151725
544	5	9	0.59	0	0:00:15.152719
545	9	9	1.33	1	0:00:15.152224
546	1	9	0.451	0	0:00:15.151228
547	6	9	0.964	0	0:00:15.151628
548	2	9	0.478	0	0:00:15.151400
549	5	8	0.0248	0	0:00:15.153303
550	5	5	0.349	1	0:00:15.151769
551	5	9	0.191	0	0:00:15.151014
552	8	9	0.379	0	0:00:15.151628
553	5	5	0.0209	1	0:00:15.152501
554	9	9	1.07	1	0:00:15.151665
555	4	9	0.242	0	0:00:15.150775
556	6	-1	0.0	0	0:00:15.151700
557	4	9	0.552	0	0:00:15.150902
558	3	9	1.42	0	0:00:15.153303
559	2	-1	0.0	0	0:00:15.152828
560	0	0	0.207	1	0:00:15.153028
561	7	7	0.621	1	0:00:15.151225
562	6	9	0.272	0	0:00:15.152359
563	2	9	0.00153	0	0:00:15.154348
564	2	4	0.0674	0	0:00:15.151629
565	3	9	0.0454	0	0:00:15.152810
566	9	9	1.36	1	0:00:15.153869
567	7	9	1.29	0	0:00:15.151999
568	9	9	1.43	1	0:00:15.151454
569	2	8	0.428	0	0:00:15.153403
570	6	9	0.283	0	0:00:15.152771
571	7	7	1.56	1	0:00:15.154453
572	1	9	1.42	0	0:00:15.154767
573	3	9	0.321	0	0:00:15.151586
574	6	5	0.264	0	0:00:15.153217
575	6	9	0.0111	0	0:00:15.154804
576	8	8	0.652	1	0:00:15.152585
577	9	9	0.681	1	0:00:15.153275
578	7	7	0.22	1	0:00:15.152917
579	5	9	1.37	0	0:00:15.156126
580	4	9	0.188	0	0:00:15.155314
581	0	0	0.0634	1	0:00:15.155731
582	8	8	1.04	1	0:00:15.156006
583	4	9	0.611	0	0:00:15.158687
584	0	9	0.438	0	0:00:15.160099
585	9	9	0.416	1	0:00:15.158018
586	3	9	0.162	0	0:00:15.153511
587	4	9	0.546	0	0:00:15.158247
588	8	9	0.298	0	0:00:15.159031
589	9	9	1.53	1	0:00:15.159187
590	6	9	0.677	0	0:00:15.160079
591	9	9	1.14	1	0:00:15.162088
592	2	4	0.0218	0	0:00:15.164878
593	6	-1	0.0	0	0:00:15.164685
594	1	9	0.0973	0	0:00:15.163310
595	4	9	1.19	0	0:00:15.155433
596	7	-1	0.0	0	0:00:15.158919
597	3	9	1.36	0	0:00:15.159329
598	5	9	0.96	0	0:00:15.157238
599	3	9	0.28	0	0:00:15.157841
600	8	9	0.298	0	0:00:15.156523
601	5	9	0.595	0	0:00:15.156957
602	0	0	0.215	1	0:00:15.157023
603	2	9	0.0481	0	0:00:15.155185
604	1	1	1.13	1	0:00:15.152279
605	6	-1	0.0	0	0:00:15.148928
606	4	9	0.797	0	0:00:15.148224
607	3	9	0.00416	0	0:00:15.153396
608	3	9	1.2	0	0:00:15.153522
609	9	9	1.43	1	0:00:15.150266
610	6	9	0.215	0	0:00:15.148313
611	9	9	1.27	1	0:00:15.149451
612	8	9	0.454	0	0:00:15.150524
613	8	8	0.616	1	0:00:15.154434
614	5	9	0.607	0	0:00:15.154839
615	8	9	1.14	0	0:00:15.153382
616	6	5	0.202	0	0:00:15.152444
617	6	9	0.864	0	0:00:15.154275
618	2	9	0.532	0	0:00:15.155869
619	1	9	0.124	0	0:00:15.153759
620	7	7	0.286	1	0:00:15.153330
621	7	9	0.928	0	0:00:15.153085
622	1	1	0.0841	1	0:00:15.153243
623	2	9	0.567	0	0:00:15.156077
624	7	7	1.02	1	0:00:15.155445
625	9	9	0.98	1	0:00:15.154707
626	9	1	0.0705	0	0:00:15.154797
627	4	-1	0.0	0	0:00:15.153272
628	4	7	1.06	0	0:00:15.155613
629	1	9	0.492	0	0:00:15.155283
630	2	9	0.282	0	0:00:15.153773
631	5	-1	0.0	0	0:00:15.153665
632	6	9	0.575	0	0:00:15.154258
633	8	9	0.00436	0	0:00:15.154057
634	7	7	0.233	1	0:00:15.154976
635	6	9	0.0322	0	0:00:15.152083
636	8	9	0.85	0	0:00:15.154836
637	3	9	0.253	0	0:00:15.153136
638	0	9	1.16	0	0:00:15.154716
639	5	9	0.904	0	0:00:15.153141
640	5	9	0.429	0	0:00:15.153467
641	3	9	0.948	0	0:00:15.155625
642	0	-1	0.0	0	0:00:15.152643
643	7	7	1.21	1	0:00:15.153092
644	9	9	0.538	1	0:00:15.153374
645	1	9	0.648	0	0:00:15.155541
646	3	9	1.15	0	0:00:15.154637
647	4	4	0.325	1	0:00:15.153469
648	4	7	0.0472	0	0:00:15.152937
649	5	5	0.222	1	0:00:15.152973
650	3	9	0.248	0	0:00:15.154319
651	9	9	1.33	1	0:00:15.154428
652	5	9	0.69	0	0:00:15.152827
653	6	9	0.189	0	0:00:15.153657
654	9	9	1.51	1	0:00:15.154703
655	2	9	0.208	0	0:00:15.154683
656	1	9	0.855	0	0:00:15.153905
657	1	9	1.53	0	0:00:15.153212
658	4	9	0.102	0	0:00:15.152778
659	1	1	0.271	1	0:00:15.154136
660	9	9	1.56	1	0:00:15.155569
661	4	7	0.0317	0	0:00:15.156104
662	7	7	1.56	1	0:00:15.154496
663	6	9	0.164	0	0:00:15.155987
664	3	5	0.499	0	0:00:15.156942
665	8	9	0.2	0	0:00:15.154452
666	9	9	0.703	1	0:00:15.154810
667	0	8	0.477	0	0:00:15.155923
668	1	9	0.914	0	0:00:15.156291
669	3	5	0.411	0	0:00:15.154059
670	6	-1	0.0	0	0:00:15.154071
671	3	9	1.04	0	0:00:15.152874
672	6	9	0.143	0	0:00:15.155851
673	3	9	0.768	0	0:00:15.154346
674	2	-1	0.0	0	0:00:15.153305
675	0	-1	0.0	0	0:00:15.154573
676	3	-1	0.0	0	0:00:15.154043
677	1	9	0.157	0	0:00:15.152660
678	0	-1	0.0	0	0:00:15.154190
679	5	9	0.648	0	0:00:15.154271
680	9	9	1.18	1	0:00:15.153799
681	6	9	0.132	0	0:00:15.141280
682	4	9	0.475	0	0:00:15.116735
683	8	1	0.198	0	0:00:15.153110
684	9	9	0.972	1	0:00:15.153646
685	6	4	0.0385	0	0:00:15.154318
686	9	9	0.923	1	0:00:15.172168
687	6	9	1.22	0	0:00:15.163268
688	3	-1	0.0	0	0:00:15.154731
689	0	9	0.563	0	0:00:15.152234
690	3	9	0.8	0	0:00:15.154192
691	2	-1	0.0	0	0:00:15.154990
692	2	4	1.07	0	0:00:15.153014
693	7	7	0.383	1	0:00:15.154584
694	8	9	0.695	0	0:00:15.154433
695	3	9	0.0846	0	0:00:15.154517
696	8	9	0.47	0	0:00:15.154295
697	2	9	0.225	0	0:00:15.155216
698	7	7	0.248	1	0:00:15.155603
699	5	9	0.689	0	0:00:15.154559
700	7	9	0.996	0	0:00:15.154254
701	2	9	0.417	0	0:00:15.157180
702	4	-1	0.0	0	0:00:15.157090
703	8	9	0.38	0	0:00:15.152672
704	7	9	0.284	0	0:00:15.156033
705	4	-1	0.0	0	0:00:15.153916
706	2	-1	0.0	0	0:00:15.155146
707	9	9	1.43	1	0:00:15.154476
708	8	9	0.0596	0	0:00:15.156618
709	8	9	0.0439	0	0:00:15.152681
710	6	-1	0.0	0	0:00:15.153170
711	8	9	0.255	0	0:00:15.153519
712	8	9	0.244	0	0:00:15.153558
713	7	9	0.369	0	0:00:15.154788
714	4	9	0.823	0	0:00:15.155912
715	3	9	1.37	0	0:00:15.154197
716	3	9	0.0644	0	0:00:15.153977
717	8	9	0.895	0	0:00:15.153179
718	4	7	0.507	0	0:00:15.153952
719	9	9	0.49	1	0:00:15.154459
720	4	9	1.07	0	0:00:15.154459
721	8	9	0.167	0	0:00:15.154306
722	8	8	0.291	1	0:00:15.153432
723	1	9	0.449	0	0:00:15.154762
724	8	8	0.773	1	0:00:15.154206
725	2	9	0.391	0	0:00:15.154442
726	1	1	0.514	1	0:00:15.155716
727	3	9	0.341	0	0:00:15.154172
728	6	-1	0.0	0	0:00:15.156521
729	5	9	0.344	0	0:00:15.153145
730	4	9	0.639	0	0:00:15.154516
731	2	0	0.553	0	0:00:15.154594
732	7	7	0.965	1	0:00:15.153597
733	9	9	1.12	1	0:00:15.154480
734	9	9	1.49	1	0:00:15.154678
735	4	4	0.443	1	0:00:15.153762
736	1	9	0.616	0	0:00:15.154274
737	4	4	0.2	1	0:00:15.155409
738	1	1	0.26	1	0:00:15.153406
739	3	7	0.473	0	0:00:15.152502
740	2	-1	0.0	0	0:00:15.155324
741	7	7	1.1	1	0:00:15.153442
742	0	9	0.231	0	0:00:15.153777
743	7	7	0.557	1	0:00:15.153767
744	9	9	1.03	1	0:00:15.154748
745	7	9	0.316	0	0:00:15.153157
746	6	9	0.129	0	0:00:15.155225
747	6	9	0.218	0	0:00:15.153712
748	2	-1	0.0	0	0:00:15.153977
749	5	-1	0.0	0	0:00:15.154529
750	9	9	0.539	1	0:00:15.154967
751	2	0	0.0245	0	0:00:15.155540
752	9	9	1.53	1	0:00:15.153487
753	1	9	0.301	0	0:00:15.155637
754	2	5	0.106	0	0:00:15.154894
755	2	-1	0.0	0	0:00:15.153319
756	6	9	0.104	0	0:00:15.152902
757	8	9	0.184	0	0:00:15.155132
758	2	9	0.55	0	0:00:15.154395
759	1	9	0.0293	0	0:00:15.153550
760	3	9	0.903	0	0:00:15.154889
761	6	9	0.582	0	0:00:15.154080
762	6	9	0.071	0	0:00:15.155144
763	0	7	0.427	0	0:00:15.154421
764	1	9	0.493	0	0:00:15.155300
765	2	4	0.359	0	0:00:15.153228
766	7	9	0.636	0	0:00:15.154648
767	0	9	1.53	0	0:00:15.153862
768	5	9	0.214	0	0:00:15.155723
769	4	-1	0.0	0	0:00:15.154824
770	6	9	0.979	0	0:00:15.155041
771	1	9	0.282	0	0:00:15.154651
772	6	9	0.33	0	0:00:15.154738
773	4	9	0.0354	0	0:00:15.154941
774	0	4	0.0705	0	0:00:15.155766
775	2	5	0.269	0	0:00:15.153886
776	2	9	0.65	0	0:00:15.154484
777	6	9	0.208	0	0:00:15.154853
778	0	-1	0.0	0	0:00:15.155884
779	5	9	0.539	0	0:00:15.154105
780	9	9	0.748	1	0:00:15.153319
781	1	-1	0.0	0	0:00:15.152596
782	7	7	0.363	1	0:00:15.154810
783	6	9	0.59	0	0:00:15.153562
784	7	9	0.327	0	0:00:15.153333
785	0	9	0.0419	0	0:00:15.153615
786	3	9	0.841	0	0:00:15.154183
787	9	9	1.24	1	0:00:15.154137
788	6	9	0.547	0	0:00:15.153337
789	8	8	0.272	1	0:00:15.154420
790	3	0	1.29	0	0:00:15.152730
791	0	0	1.09	1	0:00:15.152978
792	3	7	0.571	0	0:00:15.153128
793	4	9	1.21	0	0:00:15.154792
794	7	7	0.26	1	0:00:15.153116
795	7	7	0.488	1	0:00:15.153559
796	1	9	0.991	0	0:00:15.153041
797	4	9	0.697	0	0:00:15.153706
798	7	-1	0.0	0	0:00:15.152936
799	2	9	0.0234	0	0:00:15.153076
800	7	7	0.082	1	0:00:15.154504
801	1	9	0.439	0	0:00:15.154129
802	4	4	0.454	1	0:00:15.151966
803	7	7	1.05	1	0:00:15.153871
804	4	9	0.486	0	0:00:15.153105
805	4	-1	0.0	0	0:00:15.154406
806	8	9	0.732	0	0:00:15.155694
807	4	-1	0.0	0	0:00:15.154601
808	7	9	0.494	0	0:00:15.154226
809	7	9	0.851	0	0:00:15.160307
810	5	5	0.211	1	0:00:15.174273
811	3	5	0.000889	0	0:00:15.173695
812	7	7	0.615	1	0:00:15.154895
813	2	5	0.0727	0	0:00:15.152964
814	0	9	0.701	0	0:00:15.150438
815	8	9	0.21	0	0:00:15.149896
816	9	9	1.53	1	0:00:15.149701
817	5	5	0.0523	1	0:00:15.152676
818	8	9	0.122	0	0:00:15.152781
819	3	9	0.954	0	0:00:15.152547
820	6	9	0.733	0	0:00:15.153784
821	2	-1	0.0	0	0:00:15.153756
822	0	9	0.0196	0	0:00:15.154489
823	8	1	0.0846	0	0:00:15.153843
824	7	7	0.381	1	0:00:15.152947
825	3	9	0.459	0	0:00:15.152937
826	7	9	0.846	0	0:00:15.151725
827	6	9	0.47	0	0:00:15.155091
828	5	7	1.16	0	0:00:15.152713
829	3	8	0.232	0	0:00:15.152985
830	1	9	0.695	0	0:00:15.152717
831	3	9	0.192	0	0:00:15.149532
832	2	5	0.0685	0	0:00:15.148762
833	2	5	0.014	0	0:00:15.149625
834	5	-1	0.0	0	0:00:15.148667
835	4	9	1.03	0	0:00:15.150845
836	1	9	0.638	0	0:00:15.152298
837	2	-1	0.0	0	0:00:15.150381
838	9	9	0.906	1	0:00:15.150308
839	2	-1	0.0	0	0:00:15.152930
840	7	7	1.56	1	0:00:15.153270
841	0	9	0.51	0	0:00:15.152541
842	7	7	1.26	1	0:00:15.152029
843	2	-1	0.0	0	0:00:15.153559
844	1	9	1.02	0	0:00:15.153211
845	3	9	0.0499	0	0:00:15.152856
846	2	1	0.0474	0	0:00:15.152267
847	0	-1	0.0	0	0:00:15.155809
848	2	-1	0.0	0	0:00:15.153469
849	4	-1	0.0	0	0:00:15.154472
850	7	9	1.13	0	0:00:15.154874
851	9	9	0.363	1	0:00:15.154278
852	8	-1	0.0	0	0:00:15.153252
853	9	9	1.02	1	0:00:15.154338
854	0	-1	0.0	0	0:00:15.152292
855	7	9	0.114	0	0:00:15.153226
856	7	7	0.0845	1	0:00:15.153043
857	0	-1	0.0	0	0:00:15.155097
858	7	7	1.49	1	0:00:15.152062
859	8	9	1.49	0	0:00:15.155056
860	4	-1	0.0	0	0:00:15.154529
861	6	9	0.489	0	0:00:15.153152
862	3	-1	0.0	0	0:00:15.152528
863	3	-1	0.0	0	0:00:15.154652
864	0	8	0.0831	0	0:00:15.153292
865	1	1	0.383	1	0:00:15.149793
866	3	9	0.548	0	0:00:15.150370
867	7	7	0.304	1	0:00:15.154975
868	0	-1	0.0	0	0:00:15.155256
869	1	9	1.09	0	0:00:15.153829
870	3	9	0.789	0	0:00:15.154933
871	1	1	0.842	1	0:00:15.153537
872	4	5	0.386	0	0:00:15.152538
873	2	4	0.21	0	0:00:15.153545
874	3	5	0.133	0	0:00:15.153888
875	8	9	1.27	0	0:00:15.154190
876	4	-1	0.0	0	0:00:15.153512
877	2	5	0.31	0	0:00:15.153968
878	3	9	0.828	0	0:00:15.153573
879	7	7	0.738	1	0:00:15.155675
880	8	9	0.304	0	0:00:15.154196
881	4	8	0.546	0	0:00:15.155649
882	3	9	0.00391	0	0:00:15.155020
883	0	0	0.549	1	0:00:15.154748
884	9	9	1.56	1	0:00:15.155268
885	0	-1	0.0	0	0:00:15.154985
886	0	9	0.318	0	0:00:15.152485
887	1	9	0.614	0	0:00:15.156255
888	0	9	0.0924	0	0:00:15.154926
889	4	-1	0.0	0	0:00:15.155391
890	4	9	1.07	0	0:00:15.155596
891	6	-1	0.0	0	0:00:15.153808
892	7	7	0.686	1	0:00:15.153750
893	6	-1	0.0	0	0:00:15.155511
894	1	9	0.515	0	0:00:15.154138
895	1	9	1.23	0	0:00:15.153094
896	3	9	0.374	0	0:00:15.154457
897	7	7	0.337	1	0:00:15.155123
898	3	9	0.521	0	0:00:15.152608
899	5	5	0.201	1	0:00:15.153236
900	2	5	0.0194	0	0:00:15.153384
901	6	9	0.0491	0	0:00:15.153088
902	6	6	0.0265	1	0:00:15.155123
903	5	9	0.175	0	0:00:15.153046
904	8	9	0.66	0	0:00:15.153556
905	7	9	0.585	0	0:00:15.154352
906	1	9	0.485	0	0:00:15.155793
907	6	5	0.302	0	0:00:15.153946
908	8	9	1.04	0	0:00:15.153796
909	8	9	0.0677	0	0:00:15.153065
910	5	9	0.389	0	0:00:15.155956
911	3	5	0.323	0	0:00:15.154282
912	0	-1	0.0	0	0:00:15.153844
913	4	9	0.507	0	0:00:15.154461
914	0	9	0.575	0	0:00:15.154065
915	1	1	0.464	1	0:00:15.154417
916	3	9	0.703	0	0:00:15.156138
917	8	-1	0.0	0	0:00:15.154778
918	8	-1	0.0	0	0:00:15.157380
919	0	-1	0.0	0	0:00:15.154961
920	6	9	0.288	0	0:00:15.154662
921	9	9	1.51	1	0:00:15.155299
922	9	9	0.995	1	0:00:15.154001
923	9	9	0.705	1	0:00:15.153545
924	5	9	1.49	0	0:00:15.154973
925	5	5	0.231	1	0:00:15.153844
926	8	8	0.322	1	0:00:15.154254
927	6	5	0.203	0	0:00:15.154979
928	0	4	0.229	0	0:00:15.155158
929	0	8	0.272	0	0:00:15.155684
930	4	-1	0.0	0	0:00:15.154305
931	2	9	0.144	0	0:00:15.153685
932	3	9	0.181	0	0:00:15.154075
933	2	9	0.741	0	0:00:15.156204
934	7	7	1.56	1	0:00:15.154290
935	2	5	0.364	0	0:00:15.154033
936	2	9	0.733	0	0:00:15.155000
937	5	9	0.25	0	0:00:15.155441
938	9	9	0.193	1	0:00:15.155256
939	8	8	0.757	1	0:00:15.156406
940	9	9	1.21	1	0:00:15.154699
941	1	9	0.263	0	0:00:15.153936
942	7	9	0.438	0	0:00:15.155581
943	4	-1	0.0	0	0:00:15.155162
944	0	-1	0.0	0	0:00:15.153805
945	3	9	0.288	0	0:00:15.155378
946	0	0	0.943	1	0:00:15.153858
947	1	9	0.102	0	0:00:15.154063
948	3	9	0.323	0	0:00:15.155815
949	8	8	0.186	1	0:00:15.155329
950	3	9	0.323	0	0:00:15.154613
951	9	9	0.318	1	0:00:15.154451
952	6	-1	0.0	0	0:00:15.154122
953	1	9	1.14	0	0:00:15.155911
954	4	-1	0.0	0	0:00:15.153570
955	7	7	0.758	1	0:00:15.153380
956	0	9	0.819	0	0:00:15.156369
957	3	9	1.07	0	0:00:15.152548
958	7	7	0.506	1	0:00:15.153146
959	8	9	0.823	0	0:00:15.155653
960	9	9	1.42	1	0:00:15.153395
961	1	-1	0.0	0	0:00:15.153599
962	1	9	0.453	0	0:00:15.154564
963	6	-1	0.0	0	0:00:15.154885
964	6	9	0.42	0	0:00:15.154495
965	6	-1	0.0	0	0:00:15.153197
