idx	label	predict	radius	correct	time
0	3	9	1.34	0	0:00:06.832950
1	8	9	3.13	0	0:00:06.287109
2	8	9	2.78	0	0:00:06.295035
3	0	9	2.47	0	0:00:06.295722
4	6	9	1.56	0	0:00:06.302657
5	6	9	0.137	0	0:00:06.304993
6	1	9	0.621	0	0:00:06.312810
7	6	9	1.6	0	0:00:06.322464
8	3	9	1.67	0	0:00:06.324494
9	1	9	1.53	0	0:00:06.328794
10	0	9	1.57	0	0:00:06.334878
11	9	9	2.31	1	0:00:06.334945
12	5	9	1.56	0	0:00:06.342949
13	7	9	0.824	0	0:00:06.341431
14	9	9	1.42	1	0:00:06.346720
15	8	9	2.41	0	0:00:06.341183
16	5	9	1.74	0	0:00:06.348752
17	7	9	0.991	0	0:00:06.350231
18	8	9	2.34	0	0:00:06.348392
19	6	9	1.24	0	0:00:06.349036
20	7	7	0.379	1	0:00:06.351761
21	0	-1	0.0	0	0:00:06.351230
22	4	9	1.11	0	0:00:06.366995
23	9	9	0.431	1	0:00:06.362050
24	5	9	0.965	0	0:00:06.364606
25	2	9	1.13	0	0:00:06.364369
26	4	9	0.903	0	0:00:06.364370
27	0	9	0.931	0	0:00:06.361798
28	9	9	1.51	1	0:00:06.363380
29	6	9	1.16	0	0:00:06.359633
30	6	9	0.194	0	0:00:06.366343
31	5	9	2.05	0	0:00:06.361093
32	4	9	1.82	0	0:00:06.363542
33	5	9	0.277	0	0:00:06.363098
34	9	9	0.746	1	0:00:06.361012
35	2	9	1.41	0	0:00:06.365661
36	4	9	1.13	0	0:00:06.365753
37	1	9	2.95	0	0:00:06.363064
38	9	9	1.45	1	0:00:06.362942
39	5	9	2.06	0	0:00:06.320243
40	4	9	1.39	0	0:00:06.361679
41	6	9	0.945	0	0:00:06.365271
42	5	9	0.27	0	0:00:06.366185
43	6	9	0.804	0	0:00:06.364756
44	0	9	2.72	0	0:00:06.367400
45	9	9	1.7	1	0:00:06.364537
46	3	9	1.3	0	0:00:06.367462
47	9	9	1.14	1	0:00:06.366179
48	7	9	1.52	0	0:00:06.369002
49	6	9	1.15	0	0:00:06.366573
50	9	9	1.4	1	0:00:06.363621
51	8	9	1.96	0	0:00:06.365703
52	0	9	2.1	0	0:00:06.373259
53	3	9	1.81	0	0:00:06.363656
54	8	9	3.13	0	0:00:06.370456
55	8	9	2.03	0	0:00:06.367792
56	7	9	0.228	0	0:00:06.368949
57	7	9	2.25	0	0:00:06.365514
58	4	9	1.77	0	0:00:06.366284
59	6	9	0.96	0	0:00:06.360372
60	7	9	0.244	0	0:00:06.365655
61	3	9	0.197	0	0:00:06.364861
62	6	9	1.38	0	0:00:06.364789
63	3	9	1.32	0	0:00:06.368699
64	6	9	0.516	0	0:00:06.363448
65	2	9	0.782	0	0:00:06.365047
66	1	9	1.91	0	0:00:06.365239
67	2	9	1.49	0	0:00:06.362624
68	3	9	0.616	0	0:00:06.361247
69	7	9	1.57	0	0:00:06.357065
70	2	9	1.55	0	0:00:06.360450
71	6	9	1.21	0	0:00:06.363971
72	8	9	2.02	0	0:00:06.358376
73	8	9	2.67	0	0:00:06.362019
74	0	9	0.882	0	0:00:06.362700
75	2	9	1.14	0	0:00:06.359564
76	9	9	1.11	1	0:00:06.364764
77	3	9	2.29	0	0:00:06.366236
78	3	9	0.543	0	0:00:06.364662
79	8	9	1.61	0	0:00:06.359637
80	8	9	1.94	0	0:00:06.360934
81	1	9	1.4	0	0:00:06.364987
82	1	9	1.55	0	0:00:06.364325
83	7	9	0.837	0	0:00:06.367123
84	2	9	1.08	0	0:00:06.361362
85	5	-1	0.0	0	0:00:06.362891
86	2	9	1.72	0	0:00:06.358173
87	7	9	2.54	0	0:00:06.362552
88	8	9	1.98	0	0:00:06.361204
89	9	9	2.59	1	0:00:06.365452
90	0	9	3.01	0	0:00:06.365278
91	3	9	1.34	0	0:00:06.363318
92	8	9	2.61	0	0:00:06.361921
93	6	9	0.627	0	0:00:06.362933
94	4	9	0.608	0	0:00:06.365210
95	6	9	1.17	0	0:00:06.362483
96	6	9	1.1	0	0:00:06.368463
97	0	9	1.64	0	0:00:06.366537
98	0	-1	0.0	0	0:00:06.361143
99	7	9	0.948	0	0:00:06.366447
100	4	9	0.648	0	0:00:06.351719
101	5	9	1.42	0	0:00:06.366480
102	6	9	1.49	0	0:00:06.368904
103	3	9	1.06	0	0:00:06.371915
104	1	9	1.21	0	0:00:06.370150
105	1	9	3.13	0	0:00:06.369018
106	3	9	2.07	0	0:00:06.367435
107	6	9	1.79	0	0:00:06.364495
108	8	9	2.25	0	0:00:06.368813
109	7	9	1.98	0	0:00:06.368899
110	4	0	1.23	0	0:00:06.361053
111	0	9	1.77	0	0:00:06.365113
112	6	9	1.31	0	0:00:06.364918
113	2	9	2.09	0	0:00:06.365757
114	1	9	0.156	0	0:00:06.368628
115	3	9	0.432	0	0:00:06.364689
116	0	9	0.473	0	0:00:06.370483
117	4	9	0.636	0	0:00:06.362786
118	2	9	0.524	0	0:00:06.362929
119	7	9	1.03	0	0:00:06.361169
120	8	9	2.19	0	0:00:06.368448
121	3	9	0.021	0	0:00:06.369600
122	1	9	1.95	0	0:00:06.367268
123	2	9	0.948	0	0:00:06.362570
124	8	9	0.907	0	0:00:06.366920
125	0	9	1.89	0	0:00:06.363992
126	8	9	1.88	0	0:00:06.366810
127	3	9	1.68	0	0:00:06.362033
128	5	-1	0.0	0	0:00:06.363382
129	2	9	1.6	0	0:00:06.363084
130	4	9	1.21	0	0:00:06.361927
131	1	9	1.81	0	0:00:06.363843
132	8	9	0.716	0	0:00:06.364888
133	9	0	0.243	0	0:00:06.363605
134	1	9	0.634	0	0:00:06.363976
135	2	9	1.11	0	0:00:06.363556
136	9	9	1.71	1	0:00:06.365372
137	7	9	1.3	0	0:00:06.368391
138	2	9	1.58	0	0:00:06.362503
139	9	9	2.97	1	0:00:06.366354
140	6	9	1.08	0	0:00:06.367626
141	5	9	0.899	0	0:00:06.363995
142	6	9	1.81	0	0:00:06.362874
143	3	9	2.2	0	0:00:06.364188
144	8	9	2.92	0	0:00:06.356667
145	7	9	0.937	0	0:00:06.364121
146	6	9	0.862	0	0:00:06.364949
147	2	9	1.72	0	0:00:06.366760
148	5	9	0.982	0	0:00:06.367001
149	2	9	1.94	0	0:00:06.367830
150	8	9	1.59	0	0:00:06.366785
151	9	9	0.919	1	0:00:06.369736
152	6	9	0.864	0	0:00:06.366917
153	0	9	0.94	0	0:00:06.365709
154	0	9	0.848	0	0:00:06.368465
155	5	9	1.85	0	0:00:06.368068
156	2	9	1.91	0	0:00:06.364737
157	9	9	1.71	1	0:00:06.372517
158	5	0	0.229	0	0:00:06.362361
159	4	9	1.18	0	0:00:06.367481
160	2	9	0.507	0	0:00:06.363865
161	1	9	1.17	0	0:00:06.371213
162	6	9	0.984	0	0:00:06.366091
163	6	9	1.82	0	0:00:06.364267
164	8	9	2.82	0	0:00:06.363987
165	4	9	0.904	0	0:00:06.365645
166	8	9	2.52	0	0:00:06.364880
167	4	9	1.39	0	0:00:06.362164
168	5	-1	0.0	0	0:00:06.362799
169	0	9	2.22	0	0:00:06.360274
170	9	9	1.8	1	0:00:06.361169
171	9	9	0.555	1	0:00:06.368471
172	9	9	1.4	1	0:00:06.364706
173	8	9	2.14	0	0:00:06.368479
174	9	9	1.14	1	0:00:06.364639
175	9	9	1.84	1	0:00:06.366016
176	3	9	1.39	0	0:00:06.361460
177	7	9	0.805	0	0:00:06.362572
178	5	9	1.17	0	0:00:06.365335
179	0	9	1.1	0	0:00:06.366747
180	0	9	2.15	0	0:00:06.355181
181	5	-1	0.0	0	0:00:06.361727
182	2	9	1.12	0	0:00:06.362736
183	2	9	1.33	0	0:00:06.358969
184	3	9	0.555	0	0:00:06.361180
185	8	9	2.77	0	0:00:06.366546
186	6	9	1.04	0	0:00:06.362624
187	3	9	0.85	0	0:00:06.366685
188	4	9	1.04	0	0:00:06.364263
189	0	9	3.13	0	0:00:06.365665
190	5	9	2.06	0	0:00:06.359378
191	8	9	1.75	0	0:00:06.359371
192	0	9	1.03	0	0:00:06.364553
193	1	9	0.804	0	0:00:06.366230
194	7	9	0.89	0	0:00:06.363014
195	2	9	0.473	0	0:00:06.362668
196	8	9	1.9	0	0:00:06.362836
197	8	9	2.03	0	0:00:06.359027
198	7	-1	0.0	0	0:00:06.367107
199	8	9	2.06	0	0:00:06.365160
200	5	9	0.693	0	0:00:06.368883
201	1	9	2.32	0	0:00:06.367853
202	8	9	1.19	0	0:00:06.366729
203	7	7	0.217	1	0:00:06.367697
204	1	9	1.49	0	0:00:06.369339
205	3	9	1.49	0	0:00:06.369759
206	0	9	2.12	0	0:00:06.369120
207	5	9	1.89	0	0:00:06.363319
208	7	9	0.836	0	0:00:06.365589
209	9	9	2.92	1	0:00:06.364207
210	7	9	0.888	0	0:00:06.366459
211	4	9	1.13	0	0:00:06.369299
212	5	9	0.526	0	0:00:06.369791
213	9	9	1.48	1	0:00:06.366865
214	8	9	2.1	0	0:00:06.363300
215	0	9	0.411	0	0:00:06.363654
216	7	-1	0.0	0	0:00:06.363894
217	9	9	1.81	1	0:00:06.361966
218	8	9	2.18	0	0:00:06.356581
219	2	9	0.571	0	0:00:06.366800
220	7	7	0.495	1	0:00:06.365191
221	6	9	1.03	0	0:00:06.361539
222	9	9	1.41	1	0:00:06.366538
223	4	9	0.584	0	0:00:06.364513
224	3	9	0.937	0	0:00:06.365353
225	9	9	1.09	1	0:00:06.364122
226	6	9	1.7	0	0:00:06.360528
227	4	9	1.65	0	0:00:06.364702
228	7	9	1.18	0	0:00:06.363953
229	6	7	0.053	0	0:00:06.364230
230	5	9	0.0349	0	0:00:06.360934
231	1	9	1.2	0	0:00:06.367090
232	5	-1	0.0	0	0:00:06.366855
233	8	9	0.393	0	0:00:06.365816
234	8	9	2.78	0	0:00:06.363979
235	0	9	0.908	0	0:00:06.362172
236	4	9	1.21	0	0:00:06.369072
237	0	9	1.38	0	0:00:06.359554
238	5	9	0.42	0	0:00:06.363088
239	5	0	0.244	0	0:00:06.362825
240	1	9	2.23	0	0:00:06.359812
241	1	9	1.6	0	0:00:06.365304
242	8	9	1.1	0	0:00:06.361506
243	9	9	1.68	1	0:00:06.363179
244	0	9	1.02	0	0:00:06.363032
245	3	9	1.21	0	0:00:06.367828
246	1	9	0.109	0	0:00:06.361832
247	9	9	2.54	1	0:00:06.365822
248	2	9	1.59	0	0:00:06.365710
249	2	9	1.36	0	0:00:06.362942
250	5	9	0.79	0	0:00:06.365682
251	3	9	1.07	0	0:00:06.364040
252	9	9	1.99	1	0:00:06.365124
253	9	9	0.46	1	0:00:06.365079
254	4	9	0.805	0	0:00:06.371007
255	0	9	1.03	0	0:00:06.366217
256	3	9	1.96	0	0:00:06.369145
257	0	9	2.51	0	0:00:06.369524
258	0	9	3.13	0	0:00:06.368699
259	9	9	0.652	1	0:00:06.367548
260	8	9	2.09	0	0:00:06.371493
261	1	9	2.97	0	0:00:06.370283
262	5	7	0.107	0	0:00:06.366451
263	7	9	0.788	0	0:00:06.370656
264	0	9	0.749	0	0:00:06.375485
265	8	9	2.15	0	0:00:06.364381
266	2	9	1.24	0	0:00:06.372973
267	4	9	0.229	0	0:00:06.367174
268	7	9	0.906	0	0:00:06.365147
269	0	9	1.3	0	0:00:06.372726
270	2	9	1.16	0	0:00:06.374069
271	3	9	1.57	0	0:00:06.367271
272	6	9	1.14	0	0:00:06.370526
273	3	9	0.923	0	0:00:06.368305
274	8	9	1.7	0	0:00:06.370895
275	5	9	0.329	0	0:00:06.372858
276	0	9	0.875	0	0:00:06.368887
277	3	9	1.04	0	0:00:06.370848
278	4	7	0.0957	0	0:00:06.370960
279	3	9	0.638	0	0:00:06.368674
280	9	9	2.34	1	0:00:06.367019
281	0	0	0.363	1	0:00:06.369638
282	6	9	1.15	0	0:00:06.364246
283	1	9	2.1	0	0:00:06.370774
284	0	9	1.25	0	0:00:06.368680
285	9	9	1.82	1	0:00:06.369051
286	1	9	2.82	0	0:00:06.362470
287	0	9	2.02	0	0:00:06.363699
288	7	7	0.834	1	0:00:06.363699
289	9	9	0.749	1	0:00:06.366395
290	1	9	2.36	0	0:00:06.367684
291	2	9	1.45	0	0:00:06.368466
292	6	9	1.06	0	0:00:06.369496
293	9	9	2.7	1	0:00:06.365924
294	3	9	0.55	0	0:00:06.365872
295	4	9	1.25	0	0:00:06.363064
296	6	9	1.15	0	0:00:06.367766
297	0	9	1.78	0	0:00:06.364417
298	0	9	1.07	0	0:00:06.369469
299	6	9	1.01	0	0:00:06.364551
300	6	-1	0.0	0	0:00:06.368291
301	6	9	1.36	0	0:00:06.365114
302	3	9	0.332	0	0:00:06.370397
303	2	9	1.64	0	0:00:06.369931
304	6	9	1.47	0	0:00:06.370397
305	1	9	2.65	0	0:00:06.366825
306	8	9	1.13	0	0:00:06.375258
307	2	9	1.1	0	0:00:06.371514
308	1	9	2.7	0	0:00:06.370286
309	6	9	1.29	0	0:00:06.367762
310	8	9	1.88	0	0:00:06.366321
311	6	9	1.71	0	0:00:06.371906
312	8	9	1.74	0	0:00:06.365501
313	0	9	1.87	0	0:00:06.370263
314	4	9	0.565	0	0:00:06.373687
315	0	7	0.0847	0	0:00:06.370686
316	7	9	0.894	0	0:00:06.371010
317	7	9	0.372	0	0:00:06.371319
318	5	9	0.835	0	0:00:06.368078
319	5	9	1.59	0	0:00:06.372833
320	3	9	1.58	0	0:00:06.369819
321	5	9	2.03	0	0:00:06.365739
322	2	9	0.252	0	0:00:06.371005
323	3	9	1.0	0	0:00:06.368809
324	4	-1	0.0	0	0:00:06.368371
325	1	9	1.6	0	0:00:06.371513
326	7	9	1.14	0	0:00:06.373867
327	5	9	1.36	0	0:00:06.370674
328	4	9	1.41	0	0:00:06.369746
329	6	9	1.43	0	0:00:06.365336
330	1	9	2.21	0	0:00:06.369324
331	9	9	1.75	1	0:00:06.362864
332	3	9	0.873	0	0:00:06.369058
333	6	9	0.587	0	0:00:06.368703
334	6	9	1.53	0	0:00:06.362524
335	9	9	2.01	1	0:00:06.365013
336	3	9	1.37	0	0:00:06.366643
337	8	9	2.64	0	0:00:06.363382
338	0	9	0.508	0	0:00:06.368021
339	7	9	0.851	0	0:00:06.364544
340	2	9	1.63	0	0:00:06.369336
341	6	9	1.46	0	0:00:06.366520
342	2	9	1.24	0	0:00:06.364751
343	5	9	1.71	0	0:00:06.368654
344	8	9	2.13	0	0:00:06.366369
345	5	9	0.678	0	0:00:06.366569
346	4	9	0.0513	0	0:00:06.360981
347	6	0	0.55	0	0:00:06.359674
348	8	9	2.52	0	0:00:06.367584
349	9	9	2.03	1	0:00:06.366116
350	9	9	2.13	1	0:00:06.362963
351	1	9	1.07	0	0:00:06.365179
352	0	9	2.85	0	0:00:06.362154
353	2	9	0.0823	0	0:00:06.366736
354	2	9	1.55	0	0:00:06.364389
355	7	9	0.815	0	0:00:06.367859
356	3	9	1.45	0	0:00:06.369899
357	2	9	0.77	0	0:00:06.368300
358	8	9	1.66	0	0:00:06.365176
359	0	9	1.49	0	0:00:06.368066
360	9	9	1.81	1	0:00:06.370654
361	5	9	0.856	0	0:00:06.369482
362	8	9	3.01	0	0:00:06.367169
363	1	9	2.8	0	0:00:06.368604
364	9	9	0.383	1	0:00:06.365146
365	4	9	0.574	0	0:00:06.368091
366	1	0	0.154	0	0:00:06.367932
367	3	9	1.66	0	0:00:06.368365
368	8	9	1.17	0	0:00:06.372122
369	1	9	2.29	0	0:00:06.365993
370	4	9	1.4	0	0:00:06.366323
371	7	9	0.164	0	0:00:06.370172
372	9	9	2.46	1	0:00:06.373310
373	4	9	1.05	0	0:00:06.370518
374	2	9	2.2	0	0:00:06.364655
375	7	9	0.973	0	0:00:06.366391
376	0	9	2.92	0	0:00:06.362565
377	7	9	1.23	0	0:00:06.365519
378	0	9	1.95	0	0:00:06.366958
379	6	9	1.44	0	0:00:06.368187
380	6	9	1.42	0	0:00:06.364459
381	9	9	2.47	1	0:00:06.366724
382	0	9	0.0942	0	0:00:06.365796
383	9	9	2.2	1	0:00:06.361950
384	2	9	1.86	0	0:00:06.365472
385	8	9	0.344	0	0:00:06.364660
386	7	9	0.519	0	0:00:06.363297
387	2	9	0.287	0	0:00:06.367831
388	2	9	0.462	0	0:00:06.369913
389	5	9	0.731	0	0:00:06.368777
390	1	9	1.96	0	0:00:06.365856
391	2	9	2.59	0	0:00:06.357580
392	6	9	1.55	0	0:00:06.364752
393	2	9	0.376	0	0:00:06.370403
394	9	9	0.787	1	0:00:06.363621
395	6	9	0.963	0	0:00:06.367519
396	2	9	0.875	0	0:00:06.364357
397	3	9	0.559	0	0:00:06.366166
398	0	9	2.86	0	0:00:06.360089
399	3	9	2.29	0	0:00:06.364634
400	9	9	1.95	1	0:00:06.361537
401	8	9	0.826	0	0:00:06.367610
402	7	9	0.42	0	0:00:06.365254
403	8	9	1.9	0	0:00:06.360048
404	8	9	0.93	0	0:00:06.362064
405	4	9	0.513	0	0:00:06.360140
406	0	9	1.04	0	0:00:06.365406
407	1	9	1.24	0	0:00:06.365931
408	8	9	2.22	0	0:00:06.364329
409	2	9	0.782	0	0:00:06.365013
410	7	9	1.52	0	0:00:06.368284
411	9	9	2.33	1	0:00:06.366065
412	3	7	0.221	0	0:00:06.367769
413	6	9	1.58	0	0:00:06.363397
414	1	9	2.19	0	0:00:06.368963
415	9	9	2.74	1	0:00:06.366390
416	0	9	0.0239	0	0:00:06.358396
417	7	9	2.76	0	0:00:06.367523
418	3	9	1.35	0	0:00:06.365350
419	7	9	1.55	0	0:00:06.366113
420	4	9	1.21	0	0:00:06.360356
421	5	9	0.715	0	0:00:06.365496
422	0	9	1.11	0	0:00:06.362955
423	0	9	1.38	0	0:00:06.362435
424	2	9	1.68	0	0:00:06.363723
425	9	9	2.79	1	0:00:06.365088
426	3	9	2.05	0	0:00:06.363678
427	4	9	1.18	0	0:00:06.366565
428	0	9	1.62	0	0:00:06.366555
429	6	9	1.14	0	0:00:06.366824
430	2	9	1.27	0	0:00:06.362044
431	5	9	2.65	0	0:00:06.366554
432	3	9	1.68	0	0:00:06.365777
433	7	9	0.604	0	0:00:06.367568
434	3	9	1.58	0	0:00:06.362466
435	7	-1	0.0	0	0:00:06.363268
436	2	9	1.6	0	0:00:06.366806
437	5	9	1.27	0	0:00:06.360402
438	3	9	0.0921	0	0:00:06.363155
439	1	0	0.484	0	0:00:06.359192
440	1	9	2.85	0	0:00:06.359825
441	4	9	0.407	0	0:00:06.363417
442	9	9	1.19	1	0:00:06.367209
443	9	9	2.67	1	0:00:06.362485
444	5	9	1.87	0	0:00:06.362149
445	7	9	1.49	0	0:00:06.361733
446	5	9	1.85	0	0:00:06.362917
447	0	9	1.9	0	0:00:06.357776
448	2	9	1.13	0	0:00:06.365074
449	2	9	0.925	0	0:00:06.365168
450	2	9	0.101	0	0:00:06.365374
451	9	9	2.62	1	0:00:06.361463
452	7	9	1.67	0	0:00:06.365580
453	3	9	1.46	0	0:00:06.366449
454	9	9	1.2	1	0:00:06.364683
455	4	9	1.47	0	0:00:06.362677
456	3	9	1.62	0	0:00:06.367061
457	5	9	1.39	0	0:00:06.366734
458	4	9	0.972	0	0:00:06.362895
459	6	9	2.3	0	0:00:06.367093
460	5	9	0.406	0	0:00:06.372529
461	6	9	0.993	0	0:00:06.365830
462	1	9	2.67	0	0:00:06.366581
463	4	9	1.47	0	0:00:06.370750
464	3	9	1.02	0	0:00:06.364758
465	4	9	0.912	0	0:00:06.364986
466	4	9	0.5	0	0:00:06.368454
467	3	9	1.61	0	0:00:06.367125
468	7	9	0.334	0	0:00:06.366345
469	8	9	1.66	0	0:00:06.366044
470	3	9	1.3	0	0:00:06.367082
471	7	9	0.414	0	0:00:06.362000
472	8	9	3.13	0	0:00:06.367398
473	0	9	0.871	0	0:00:06.366995
474	5	7	0.0113	0	0:00:06.372087
475	7	7	0.478	1	0:00:06.369395
476	6	9	0.666	0	0:00:06.367442
477	0	9	2.11	0	0:00:06.372652
478	5	9	0.64	0	0:00:06.368716
479	4	9	0.797	0	0:00:06.371107
480	8	9	2.29	0	0:00:06.361821
481	6	9	1.96	0	0:00:06.374701
482	8	9	1.57	0	0:00:06.368841
483	5	9	1.0	0	0:00:06.370326
484	5	9	0.33	0	0:00:06.367239
485	9	9	1.6	1	0:00:06.366097
486	9	9	0.807	1	0:00:06.367879
487	9	9	1.36	1	0:00:06.365609
488	5	9	1.7	0	0:00:06.364402
489	0	9	1.34	0	0:00:06.366723
490	1	9	1.96	0	0:00:06.366708
491	0	7	0.409	0	0:00:06.364501
492	8	9	1.19	0	0:00:06.363235
493	1	9	1.98	0	0:00:06.367296
494	1	9	2.73	0	0:00:06.359972
495	8	9	1.47	0	0:00:06.365050
496	0	9	1.83	0	0:00:06.363822
497	2	9	1.35	0	0:00:06.361908
498	2	9	0.703	0	0:00:06.366840
499	0	9	1.67	0	0:00:06.364027
500	4	9	1.8	0	0:00:06.364673
501	6	9	0.804	0	0:00:06.366049
502	5	9	1.18	0	0:00:06.362121
503	4	9	1.63	0	0:00:06.365695
504	9	9	1.45	1	0:00:06.361382
505	4	9	1.4	0	0:00:06.365443
506	7	9	0.526	0	0:00:06.361076
507	9	9	1.05	1	0:00:06.367583
508	9	9	1.85	1	0:00:06.363077
509	4	9	0.438	0	0:00:06.364022
510	5	9	1.82	0	0:00:06.366417
511	6	9	0.963	0	0:00:06.371436
512	6	9	1.65	0	0:00:06.364254
513	1	9	1.58	0	0:00:06.367893
514	5	9	0.138	0	0:00:06.367048
515	3	9	1.32	0	0:00:06.368724
516	8	9	2.8	0	0:00:06.369607
517	9	9	2.58	1	0:00:06.368113
518	5	9	0.472	0	0:00:06.365333
519	8	9	0.883	0	0:00:06.369489
520	5	9	2.03	0	0:00:06.368780
521	7	7	0.311	1	0:00:06.367641
522	0	9	1.53	0	0:00:06.365346
523	7	-1	0.0	0	0:00:06.366776
524	0	9	2.0	0	0:00:06.367336
525	5	9	2.41	0	0:00:06.366555
526	0	9	1.65	0	0:00:06.365444
527	0	9	1.54	0	0:00:06.365899
528	4	9	2.01	0	0:00:06.367366
529	6	9	1.22	0	0:00:06.365629
530	9	9	2.25	1	0:00:06.367199
531	0	9	2.0	0	0:00:06.367169
532	9	9	0.338	1	0:00:06.362978
533	5	9	2.7	0	0:00:06.364746
534	6	9	1.06	0	0:00:06.365385
535	6	9	0.913	0	0:00:06.366973
536	6	9	1.66	0	0:00:06.363677
537	2	9	1.37	0	0:00:06.363569
538	9	9	1.31	1	0:00:06.360049
539	0	9	1.31	0	0:00:06.365884
540	1	9	2.0	0	0:00:06.362791
541	7	9	1.15	0	0:00:06.363860
542	6	9	0.131	0	0:00:06.360710
543	7	9	0.0486	0	0:00:06.361789
544	5	9	1.72	0	0:00:06.361215
545	9	9	0.993	1	0:00:06.363806
546	1	9	2.52	0	0:00:06.358636
547	6	9	0.936	0	0:00:06.364859
548	2	9	1.34	0	0:00:06.366644
549	5	9	1.64	0	0:00:06.361992
550	5	9	0.459	0	0:00:06.362923
551	5	9	0.617	0	0:00:06.364856
552	8	9	0.349	0	0:00:06.363509
553	5	9	0.493	0	0:00:06.365203
554	9	9	1.36	1	0:00:06.365186
555	4	9	1.52	0	0:00:06.365182
556	6	9	0.954	0	0:00:06.366070
557	4	-1	0.0	0	0:00:06.366008
558	3	9	0.517	0	0:00:06.360696
559	2	9	1.1	0	0:00:06.363142
560	0	9	1.44	0	0:00:06.362592
561	7	7	0.0413	1	0:00:06.365410
562	6	9	0.307	0	0:00:06.367646
563	2	9	1.6	0	0:00:06.365744
564	2	9	1.64	0	0:00:06.366416
565	3	9	2.88	0	0:00:06.364470
566	9	9	1.38	1	0:00:06.362414
567	7	9	1.08	0	0:00:06.367820
568	9	9	2.76	1	0:00:06.366738
569	2	9	1.42	0	0:00:06.370886
570	6	9	0.517	0	0:00:06.367145
571	7	7	0.265	1	0:00:06.364990
572	1	9	2.88	0	0:00:06.365404
573	3	9	1.03	0	0:00:06.365805
574	6	-1	0.0	0	0:00:06.366617
575	6	9	1.47	0	0:00:06.365890
576	8	9	3.01	0	0:00:06.367450
577	9	9	0.252	1	0:00:06.362978
578	7	9	0.794	0	0:00:06.363384
579	5	9	2.28	0	0:00:06.360612
580	4	9	2.18	0	0:00:06.366235
581	0	9	0.447	0	0:00:06.361407
582	8	9	1.62	0	0:00:06.362951
583	4	9	1.69	0	0:00:06.364075
584	0	9	1.5	0	0:00:06.362373
585	9	9	1.34	1	0:00:06.365305
586	3	9	0.763	0	0:00:06.363823
587	4	9	1.29	0	0:00:06.364685
588	8	9	2.78	0	0:00:06.364143
589	9	9	2.49	1	0:00:06.362371
590	6	9	0.342	0	0:00:06.365058
591	9	9	2.32	1	0:00:06.361969
592	2	9	1.15	0	0:00:06.362445
593	6	9	1.38	0	0:00:06.363551
594	1	9	0.454	0	0:00:06.367269
595	4	9	1.53	0	0:00:06.364875
596	7	9	1.19	0	0:00:06.360256
597	3	9	1.51	0	0:00:06.365983
598	5	9	0.99	0	0:00:06.364838
599	3	9	0.908	0	0:00:06.359686
600	8	9	1.79	0	0:00:06.370813
601	5	9	2.05	0	0:00:06.358200
602	0	9	0.567	0	0:00:06.364712
603	2	9	1.62	0	0:00:06.363917
604	1	9	1.11	0	0:00:06.361221
605	6	9	1.86	0	0:00:06.361144
606	4	9	2.09	0	0:00:06.360886
607	3	9	0.693	0	0:00:06.366279
608	3	9	0.945	0	0:00:06.361856
609	9	-1	0.0	0	0:00:06.363183
610	6	9	1.03	0	0:00:06.363621
611	9	9	1.99	1	0:00:06.358050
612	8	9	3.13	0	0:00:06.360277
613	8	9	3.01	0	0:00:06.364179
614	5	9	0.483	0	0:00:06.369339
615	8	9	1.37	0	0:00:06.362525
616	6	-1	0.0	0	0:00:06.366492
617	6	9	1.59	0	0:00:06.366713
618	2	9	1.42	0	0:00:06.366132
619	1	9	3.06	0	0:00:06.361599
620	7	9	0.655	0	0:00:06.364774
621	7	9	1.89	0	0:00:06.365220
622	1	9	1.63	0	0:00:06.366414
623	2	9	0.297	0	0:00:06.366859
624	7	7	0.416	1	0:00:06.368480
625	9	9	1.12	1	0:00:06.363528
626	9	-1	0.0	0	0:00:06.361107
627	4	9	0.429	0	0:00:06.364586
628	4	9	0.497	0	0:00:06.365649
629	1	9	0.705	0	0:00:06.363973
630	2	9	1.52	0	0:00:06.365587
631	5	9	0.468	0	0:00:06.362508
632	6	9	0.703	0	0:00:06.365521
633	8	9	2.77	0	0:00:06.363668
634	7	7	0.128	1	0:00:06.366368
635	6	9	0.599	0	0:00:06.364280
636	8	9	0.904	0	0:00:06.361124
637	3	9	0.457	0	0:00:06.364894
638	0	9	1.98	0	0:00:06.363618
639	5	9	0.938	0	0:00:06.361380
640	5	9	0.748	0	0:00:06.360384
641	3	9	1.06	0	0:00:06.361713
642	0	9	2.53	0	0:00:06.364234
643	7	7	0.611	1	0:00:06.368912
644	9	9	1.36	1	0:00:06.359992
645	1	9	1.98	0	0:00:06.363925
646	3	9	1.44	0	0:00:06.359084
647	4	9	1.15	0	0:00:06.363715
648	4	9	1.08	0	0:00:06.362072
649	5	9	0.145	0	0:00:06.358987
650	3	9	1.13	0	0:00:06.360487
651	9	9	1.91	1	0:00:06.364444
652	5	9	0.172	0	0:00:06.365986
653	6	9	0.614	0	0:00:06.358967
654	9	9	0.958	1	0:00:06.366846
655	2	9	1.64	0	0:00:06.360443
656	1	9	2.61	0	0:00:06.360495
657	1	9	1.46	0	0:00:06.364978
658	4	9	0.895	0	0:00:06.364027
659	1	9	1.27	0	0:00:06.365345
660	9	9	1.77	1	0:00:06.364555
661	4	9	0.651	0	0:00:06.358467
662	7	7	0.552	1	0:00:06.362354
663	6	9	1.45	0	0:00:06.354565
664	3	9	0.986	0	0:00:06.365996
665	8	9	2.28	0	0:00:06.363806
666	9	9	1.28	1	0:00:06.366352
667	0	9	1.69	0	0:00:06.364573
668	1	9	1.71	0	0:00:06.369059
669	3	7	0.0704	0	0:00:06.369826
670	6	9	0.597	0	0:00:06.367568
671	3	9	1.66	0	0:00:06.369485
672	6	9	1.24	0	0:00:06.366205
673	3	9	0.892	0	0:00:06.365828
674	2	9	0.607	0	0:00:06.369883
675	0	9	0.441	0	0:00:06.363496
676	3	9	0.914	0	0:00:06.369708
677	1	9	0.877	0	0:00:06.370391
678	0	0	0.836	1	0:00:06.362441
679	5	9	0.752	0	0:00:06.368472
680	9	9	1.16	1	0:00:06.365455
681	6	9	0.893	0	0:00:06.365676
682	4	9	0.619	0	0:00:06.366628
683	8	9	2.37	0	0:00:06.365277
684	9	9	1.67	1	0:00:06.364992
685	6	9	0.863	0	0:00:06.366556
686	9	9	1.2	1	0:00:06.364698
687	6	9	1.65	0	0:00:06.365830
688	3	9	0.805	0	0:00:06.364981
689	0	9	1.21	0	0:00:06.361172
690	3	9	0.638	0	0:00:06.364754
691	2	9	0.487	0	0:00:06.357397
692	2	7	0.207	0	0:00:06.365202
693	7	9	0.833	0	0:00:06.363821
694	8	9	1.84	0	0:00:06.363863
695	3	9	0.337	0	0:00:06.362459
696	8	9	2.32	0	0:00:06.361167
697	2	9	0.961	0	0:00:06.362593
698	7	9	1.41	0	0:00:06.363967
699	5	9	1.09	0	0:00:06.365197
700	7	9	0.604	0	0:00:06.363142
701	2	9	1.19	0	0:00:06.365229
702	4	9	1.38	0	0:00:06.364462
703	8	9	0.857	0	0:00:06.362384
704	7	9	0.869	0	0:00:06.365279
705	4	9	1.96	0	0:00:06.359319
706	2	9	0.655	0	0:00:06.360703
707	9	9	1.32	1	0:00:06.359712
708	8	9	2.41	0	0:00:06.363982
709	8	9	1.62	0	0:00:06.362360
710	6	9	0.644	0	0:00:06.361154
711	8	9	2.69	0	0:00:06.362803
712	8	9	1.27	0	0:00:06.365722
713	7	9	0.00376	0	0:00:06.360822
714	4	9	1.71	0	0:00:06.359858
715	3	9	0.92	0	0:00:06.365543
716	3	9	0.852	0	0:00:06.362124
717	8	9	1.32	0	0:00:06.367643
718	4	-1	0.0	0	0:00:06.368929
719	9	9	2.55	1	0:00:06.368083
720	4	9	0.529	0	0:00:06.366664
721	8	9	2.14	0	0:00:06.366471
722	8	9	2.65	0	0:00:06.369267
723	1	9	1.77	0	0:00:06.366426
724	8	9	0.727	0	0:00:06.364541
725	2	9	2.02	0	0:00:06.364849
726	1	9	2.25	0	0:00:06.370092
727	3	9	1.23	0	0:00:06.370713
728	6	9	1.14	0	0:00:06.369660
729	5	0	0.228	0	0:00:06.366929
730	4	9	0.542	0	0:00:06.367045
731	2	9	0.598	0	0:00:06.371129
732	7	9	0.453	0	0:00:06.364371
733	9	9	2.55	1	0:00:06.368483
734	9	9	2.12	1	0:00:06.367458
735	4	9	2.0	0	0:00:06.362473
736	1	9	1.9	0	0:00:06.362273
737	4	9	0.868	0	0:00:06.361349
738	1	9	2.72	0	0:00:06.362617
739	3	7	0.702	0	0:00:06.366566
740	2	9	0.516	0	0:00:06.367732
741	7	9	0.0715	0	0:00:06.365481
742	0	9	1.76	0	0:00:06.365357
743	7	9	0.419	0	0:00:06.364718
744	9	9	1.8	1	0:00:06.366836
745	7	9	1.18	0	0:00:06.365716
746	6	9	0.886	0	0:00:06.358857
747	6	9	0.722	0	0:00:06.366945
748	2	9	0.595	0	0:00:06.361604
749	5	9	0.6	0	0:00:06.363276
750	9	9	1.12	1	0:00:06.363768
751	2	9	1.75	0	0:00:06.366388
752	9	9	1.13	1	0:00:06.362581
753	1	9	1.73	0	0:00:06.366331
754	2	9	0.925	0	0:00:06.361459
755	2	9	0.949	0	0:00:06.365189
756	6	9	1.26	0	0:00:06.360910
757	8	9	2.21	0	0:00:06.359412
758	2	9	2.09	0	0:00:06.359715
759	1	9	0.884	0	0:00:06.365865
760	3	9	0.907	0	0:00:06.363404
761	6	9	1.08	0	0:00:06.358519
762	6	9	0.437	0	0:00:06.366151
763	0	7	0.394	0	0:00:06.360534
764	1	9	2.53	0	0:00:06.361791
765	2	9	1.49	0	0:00:06.362790
766	7	9	1.26	0	0:00:06.361590
767	0	9	2.07	0	0:00:06.363772
768	5	9	0.655	0	0:00:06.366562
769	4	9	1.55	0	0:00:06.369648
770	6	9	1.54	0	0:00:06.363777
771	1	9	2.09	0	0:00:06.364691
772	6	9	1.16	0	0:00:06.369289
773	4	9	0.681	0	0:00:06.364201
774	0	9	0.882	0	0:00:06.368994
775	2	7	0.695	0	0:00:06.367475
776	2	9	1.07	0	0:00:06.366986
777	6	9	1.6	0	0:00:06.367217
778	0	9	1.56	0	0:00:06.371449
779	5	9	0.146	0	0:00:06.364914
780	9	9	0.914	1	0:00:06.364785
781	1	9	1.95	0	0:00:06.366584
782	7	9	0.517	0	0:00:06.366788
783	6	9	0.957	0	0:00:06.366127
784	7	9	1.01	0	0:00:06.365118
785	0	9	1.91	0	0:00:06.360461
786	3	9	0.887	0	0:00:06.359397
787	9	9	1.1	1	0:00:06.367335
788	6	9	1.45	0	0:00:06.362359
789	8	9	2.88	0	0:00:06.368058
790	3	0	1.23	0	0:00:06.362680
791	0	9	0.0431	0	0:00:06.369649
792	3	9	0.121	0	0:00:06.361995
793	4	9	1.27	0	0:00:06.364122
794	7	9	0.896	0	0:00:06.359682
795	7	9	0.222	0	0:00:06.367510
796	1	9	1.41	0	0:00:06.363261
797	4	9	0.94	0	0:00:06.366013
798	7	9	0.813	0	0:00:06.364554
799	2	9	1.15	0	0:00:06.365870
800	7	9	0.627	0	0:00:06.363084
801	1	9	2.05	0	0:00:06.363979
802	4	9	2.69	0	0:00:06.361821
803	7	9	0.242	0	0:00:06.365441
804	4	9	0.907	0	0:00:06.361876
805	4	9	0.999	0	0:00:06.362706
806	8	9	2.02	0	0:00:06.363460
807	4	9	1.77	0	0:00:06.358283
808	7	9	1.35	0	0:00:06.357301
809	7	9	1.42	0	0:00:06.367647
810	5	9	0.399	0	0:00:06.362492
811	3	-1	0.0	0	0:00:06.366277
812	7	9	0.591	0	0:00:06.365108
813	2	9	0.984	0	0:00:06.363726
814	0	9	3.06	0	0:00:06.361865
815	8	9	3.13	0	0:00:06.362068
816	9	9	1.64	1	0:00:06.361325
817	5	-1	0.0	0	0:00:06.362966
818	8	9	0.529	0	0:00:06.368400
819	3	9	1.53	0	0:00:06.368580
820	6	9	0.387	0	0:00:06.368959
821	2	9	1.27	0	0:00:06.364239
822	0	9	1.12	0	0:00:06.370369
823	8	9	2.79	0	0:00:06.367542
824	7	9	0.63	0	0:00:06.363767
825	3	9	1.07	0	0:00:06.370677
826	7	9	1.05	0	0:00:06.369615
827	6	9	2.14	0	0:00:06.365105
828	5	7	0.542	0	0:00:06.365703
829	3	9	1.41	0	0:00:06.367512
830	1	9	2.33	0	0:00:06.370988
831	3	9	2.16	0	0:00:06.367818
832	2	9	0.831	0	0:00:06.368538
833	2	9	0.176	0	0:00:06.371686
834	5	9	1.07	0	0:00:06.366191
835	4	9	0.866	0	0:00:06.367959
836	1	9	2.72	0	0:00:06.366025
837	2	9	0.77	0	0:00:06.365711
838	9	9	0.439	1	0:00:06.361612
839	2	9	1.02	0	0:00:06.368031
840	7	7	0.192	1	0:00:06.366157
841	0	9	0.988	0	0:00:06.366543
842	7	7	0.248	1	0:00:06.366755
843	2	9	1.25	0	0:00:06.370537
844	1	9	1.96	0	0:00:06.364258
845	3	9	0.387	0	0:00:06.363663
846	2	9	0.88	0	0:00:06.360605
847	0	9	1.13	0	0:00:06.364490
848	2	9	1.2	0	0:00:06.367028
849	4	9	1.03	0	0:00:06.361729
850	7	9	2.11	0	0:00:06.361931
851	9	9	0.971	1	0:00:06.360528
852	8	9	2.24	0	0:00:06.364297
853	9	9	2.36	1	0:00:06.366581
854	0	9	1.74	0	0:00:06.363845
855	7	9	0.479	0	0:00:06.363846
856	7	9	0.758	0	0:00:06.363702
857	0	9	1.31	0	0:00:06.365625
858	7	7	0.406	1	0:00:06.365203
859	8	9	1.61	0	0:00:06.362832
860	4	9	0.228	0	0:00:06.362318
861	6	9	0.507	0	0:00:06.363652
862	3	9	0.796	0	0:00:06.363332
863	3	9	0.759	0	0:00:06.364640
864	0	9	1.92	0	0:00:06.358090
865	1	9	2.33	0	0:00:06.360137
866	3	9	0.159	0	0:00:06.367050
867	7	9	0.592	0	0:00:06.354808
868	0	9	1.65	0	0:00:06.363785
869	1	9	2.38	0	0:00:06.361393
870	3	9	0.775	0	0:00:06.366363
871	1	9	2.5	0	0:00:06.368519
872	4	7	0.362	0	0:00:06.365587
873	2	9	1.48	0	0:00:06.361581
874	3	9	1.43	0	0:00:06.367887
875	8	9	2.97	0	0:00:06.363690
876	4	9	1.01	0	0:00:06.368067
877	2	9	0.981	0	0:00:06.367142
878	3	9	2.0	0	0:00:06.366017
879	7	9	0.0269	0	0:00:06.366834
880	8	9	2.01	0	0:00:06.364863
881	4	9	1.16	0	0:00:06.367033
882	3	9	1.43	0	0:00:06.369459
883	0	9	0.279	0	0:00:06.368530
884	9	9	1.64	1	0:00:06.364550
885	0	9	0.808	0	0:00:06.361519
886	0	9	2.65	0	0:00:06.368276
887	1	9	1.83	0	0:00:06.361984
888	0	9	2.61	0	0:00:06.368164
889	4	9	1.19	0	0:00:06.366634
890	4	9	0.675	0	0:00:06.367729
891	6	9	0.848	0	0:00:06.364685
892	7	7	1.5	1	0:00:06.366288
893	6	9	1.08	0	0:00:06.365491
894	1	9	2.8	0	0:00:06.370049
895	1	9	1.26	0	0:00:06.370502
896	3	9	0.771	0	0:00:06.368940
897	7	9	0.396	0	0:00:06.365685
898	3	9	0.0692	0	0:00:06.366337
899	5	9	1.13	0	0:00:06.374096
900	2	9	0.861	0	0:00:06.362136
901	6	9	0.704	0	0:00:06.363999
902	6	9	1.44	0	0:00:06.365301
903	5	9	1.7	0	0:00:06.360916
904	8	9	2.21	0	0:00:06.362367
905	7	9	1.71	0	0:00:06.360747
906	1	9	2.64	0	0:00:06.361890
907	6	9	0.478	0	0:00:06.367072
908	8	9	1.74	0	0:00:06.358056
909	8	9	1.49	0	0:00:06.365358
910	5	9	0.95	0	0:00:06.366126
911	3	9	0.741	0	0:00:06.363832
912	0	7	0.00635	0	0:00:06.368473
913	4	9	1.13	0	0:00:06.361639
914	0	0	0.258	1	0:00:06.361470
915	1	9	1.5	0	0:00:06.361580
916	3	9	2.33	0	0:00:06.364932
917	8	9	2.83	0	0:00:06.358900
918	8	9	2.18	0	0:00:06.365991
919	0	9	1.4	0	0:00:06.360484
920	6	9	1.37	0	0:00:06.363570
921	9	9	1.31	1	0:00:06.367787
922	9	0	0.03	0	0:00:06.364964
923	9	9	0.642	1	0:00:06.363308
924	5	9	1.4	0	0:00:06.365842
925	5	9	0.0712	0	0:00:06.366815
926	8	9	2.26	0	0:00:06.365891
927	6	9	0.466	0	0:00:06.369524
928	0	9	0.785	0	0:00:06.364994
929	0	9	2.24	0	0:00:06.364841
930	4	9	0.967	0	0:00:06.366019
931	2	9	0.623	0	0:00:06.369330
932	3	9	1.26	0	0:00:06.365014
933	2	9	0.928	0	0:00:06.367681
934	7	7	1.03	1	0:00:06.365184
935	2	9	1.4	0	0:00:06.366743
936	2	9	0.999	0	0:00:06.369711
937	5	9	1.59	0	0:00:06.362857
938	9	9	1.07	1	0:00:06.370714
939	8	9	1.74	0	0:00:06.369564
940	9	9	0.458	1	0:00:06.368259
941	1	9	0.417	0	0:00:06.370987
942	7	9	0.357	0	0:00:06.371052
943	4	9	0.385	0	0:00:06.363989
944	0	9	2.34	0	0:00:06.365656
945	3	9	2.48	0	0:00:06.365782
946	0	9	0.853	0	0:00:06.367534
947	1	9	1.87	0	0:00:06.364314
948	3	9	1.05	0	0:00:06.369555
949	8	9	1.56	0	0:00:06.372260
950	3	9	1.34	0	0:00:06.361173
951	9	9	1.5	1	0:00:06.365771
952	6	9	1.17	0	0:00:06.359711
953	1	9	2.36	0	0:00:06.364210
954	4	9	0.953	0	0:00:06.363703
955	7	9	0.126	0	0:00:06.369355
956	0	9	2.09	0	0:00:06.362913
957	3	9	0.764	0	0:00:06.364974
958	7	9	0.941	0	0:00:06.363825
959	8	9	3.13	0	0:00:06.357608
960	9	0	0.348	0	0:00:06.361718
961	1	9	1.54	0	0:00:06.365418
962	1	9	1.56	0	0:00:06.364180
963	6	9	0.938	0	0:00:06.362009
964	6	9	1.56	0	0:00:06.363904
965	6	9	0.0428	0	0:00:06.363617
966	6	9	0.437	0	0:00:06.367490
967	9	9	0.563	1	0:00:06.365065
968	1	9	1.01	0	0:00:06.361378
969	9	9	0.901	1	0:00:06.358248
970	9	9	1.19	1	0:00:06.361103
971	4	9	1.06	0	0:00:06.364105
972	2	7	0.0929	0	0:00:06.364238
973	1	9	1.68	0	0:00:06.362390
974	7	9	0.554	0	0:00:06.363933
975	0	9	2.37	0	0:00:06.362967
976	6	9	2.13	0	0:00:06.365868
977	8	9	2.35	0	0:00:06.361463
978	1	9	1.86	0	0:00:06.367084
979	9	9	1.47	1	0:00:06.364471
980	2	9	1.39	0	0:00:06.368406
981	9	9	2.9	1	0:00:06.368858
982	0	9	1.35	0	0:00:06.368340
983	4	9	1.77	0	0:00:06.364437
984	7	7	0.709	1	0:00:06.363043
985	8	9	2.82	0	0:00:06.363954
986	3	9	1.32	0	0:00:06.367661
987	1	9	2.0	0	0:00:06.370969
988	2	9	0.405	0	0:00:06.366246
989	0	9	0.727	0	0:00:06.368942
990	1	9	1.31	0	0:00:06.366476
991	5	9	0.0508	0	0:00:06.370104
992	8	9	2.97	0	0:00:06.364656
993	4	7	0.352	0	0:00:06.369280
994	6	9	2.29	0	0:00:06.373465
995	3	9	0.294	0	0:00:06.366552
996	8	9	1.59	0	0:00:06.366546
997	1	9	2.18	0	0:00:06.368116
998	3	9	1.35	0	0:00:06.364934
999	8	9	2.65	0	0:00:06.366371
1000	5	9	2.2	0	0:00:06.370342
1001	0	9	1.34	0	0:00:06.367459
1002	8	9	1.61	0	0:00:06.369239
1003	4	9	1.26	0	0:00:06.363643
1004	8	9	1.35	0	0:00:06.368702
1005	1	9	2.12	0	0:00:06.364282
1006	1	9	2.0	0	0:00:06.369265
1007	8	9	2.0	0	0:00:06.363260
1008	9	9	0.537	1	0:00:06.366806
1009	6	-1	0.0	0	0:00:06.369393
1010	0	9	1.49	0	0:00:06.364453
1011	8	9	1.81	0	0:00:06.366189
1012	6	9	0.00515	0	0:00:06.366429
1013	1	9	1.5	0	0:00:06.368081
1014	3	9	0.448	0	0:00:06.362497
1015	4	9	1.55	0	0:00:06.364405
1016	1	9	1.54	0	0:00:06.361967
1017	6	9	1.05	0	0:00:06.370081
1018	0	9	1.97	0	0:00:06.359429
1019	5	9	2.58	0	0:00:06.359355
1020	1	9	1.9	0	0:00:06.363472
1021	1	9	1.29	0	0:00:06.364465
1022	0	9	1.14	0	0:00:06.361623
1023	0	9	1.51	0	0:00:06.363160
1024	3	9	0.0131	0	0:00:06.360074
1025	5	9	0.837	0	0:00:06.359588
1026	0	9	1.24	0	0:00:06.362491
1027	0	9	0.495	0	0:00:06.363278
1028	6	9	0.894	0	0:00:06.362407
1029	6	9	2.09	0	0:00:06.362630
1030	3	9	0.879	0	0:00:06.363985
1031	3	9	1.52	0	0:00:06.362873
1032	6	9	0.815	0	0:00:06.362633
1033	3	9	1.34	0	0:00:06.367260
1034	6	9	0.424	0	0:00:06.364949
1035	6	9	1.42	0	0:00:06.363456
1036	0	9	1.66	0	0:00:06.365953
1037	7	9	0.706	0	0:00:06.366495
1038	2	9	1.43	0	0:00:06.364004
1039	2	9	0.826	0	0:00:06.372562
1040	7	9	0.737	0	0:00:06.363098
1041	5	9	1.07	0	0:00:06.365481
1042	5	7	0.134	0	0:00:06.371403
1043	2	9	1.38	0	0:00:06.361769
1044	8	9	2.65	0	0:00:06.363279
1045	5	9	1.13	0	0:00:06.366153
1046	2	9	1.22	0	0:00:06.367797
1047	1	9	1.73	0	0:00:06.367628
1048	1	9	1.1	0	0:00:06.363439
1049	4	9	0.871	0	0:00:06.366142
1050	3	7	0.829	0	0:00:06.367415
1051	2	9	1.06	0	0:00:06.365055
1052	0	9	1.62	0	0:00:06.365678
1053	3	9	2.64	0	0:00:06.362390
1054	1	7	0.00515	0	0:00:06.365808
1055	5	9	0.989	0	0:00:06.363116
1056	3	9	0.099	0	0:00:06.362577
1057	7	9	2.58	0	0:00:06.363660
1058	6	9	0.38	0	0:00:06.364152
1059	8	9	1.68	0	0:00:06.361061
1060	9	9	1.65	1	0:00:06.361134
1061	1	9	1.37	0	0:00:06.362602
1062	6	9	1.77	0	0:00:06.365432
1063	4	-1	0.0	0	0:00:06.361569
1064	9	9	1.21	1	0:00:06.368987
1065	3	9	2.11	0	0:00:06.357803
1066	9	9	1.98	1	0:00:06.362749
1067	0	7	0.101	0	0:00:06.364321
1068	9	9	1.66	1	0:00:06.358402
1069	6	9	1.68	0	0:00:06.359865
1070	3	-1	0.0	0	0:00:06.365917
1071	6	9	1.07	0	0:00:06.366215
1072	0	9	2.3	0	0:00:06.359623
1073	7	9	0.329	0	0:00:06.363411
1074	3	9	1.16	0	0:00:06.364882
1075	8	9	2.97	0	0:00:06.362377
1076	0	9	1.62	0	0:00:06.361949
1077	0	9	0.766	0	0:00:06.365198
1078	0	9	0.558	0	0:00:06.361459
1079	6	0	0.87	0	0:00:06.360605
1080	6	9	0.0274	0	0:00:06.361816
1081	6	9	2.06	0	0:00:06.363746
1082	9	9	1.9	1	0:00:06.364888
1083	2	9	1.22	0	0:00:06.363106
1084	5	9	1.83	0	0:00:06.365758
1085	4	9	0.0875	0	0:00:06.364449
1086	4	9	0.874	0	0:00:06.363252
1087	6	9	0.229	0	0:00:06.368054
1088	3	-1	0.0	0	0:00:06.362070
1089	6	9	0.783	0	0:00:06.371616
1090	0	9	2.2	0	0:00:06.362044
1091	8	9	3.13	0	0:00:06.364674
1092	6	9	0.254	0	0:00:06.369346
1093	0	9	1.6	0	0:00:06.365909
1094	6	9	2.33	0	0:00:06.367586
1095	2	9	1.37	0	0:00:06.365278
1096	7	9	0.474	0	0:00:06.361735
1097	5	-1	0.0	0	0:00:06.363205
1098	1	9	0.807	0	0:00:06.363372
1099	2	9	1.48	0	0:00:06.363587
1100	7	9	2.56	0	0:00:06.361823
1101	8	9	0.786	0	0:00:06.367710
1102	8	9	1.83	0	0:00:06.365255
1103	0	9	0.798	0	0:00:06.365460
1104	9	9	1.66	1	0:00:06.366829
1105	4	9	1.5	0	0:00:06.365470
1106	9	9	0.883	1	0:00:06.369140
1107	7	9	0.0757	0	0:00:06.362651
1108	2	9	0.877	0	0:00:06.367954
1109	0	9	1.43	0	0:00:06.364742
1110	2	9	0.572	0	0:00:06.369043
1111	8	9	3.01	0	0:00:06.360449
1112	3	9	0.245	0	0:00:06.369297
1113	8	9	0.712	0	0:00:06.369142
1114	9	9	1.79	1	0:00:06.364441
1115	1	9	1.14	0	0:00:06.367373
1116	5	9	0.798	0	0:00:06.364465
1117	5	9	2.08	0	0:00:06.365637
1118	4	9	0.462	0	0:00:06.369075
1119	7	9	0.228	0	0:00:06.373308
1120	5	9	1.03	0	0:00:06.367915
1121	3	9	1.49	0	0:00:06.365611
1122	8	9	2.88	0	0:00:06.373296
1123	3	9	1.05	0	0:00:06.366030
1124	3	9	0.7	0	0:00:06.367787
1125	6	9	0.99	0	0:00:06.362961
1126	2	9	2.01	0	0:00:06.365571
1127	8	9	1.83	0	0:00:06.362850
1128	4	9	0.459	0	0:00:06.361503
1129	3	9	0.716	0	0:00:06.359095
1130	7	9	0.571	0	0:00:06.366185
1131	1	9	2.46	0	0:00:06.362242
1132	2	9	1.02	0	0:00:06.363195
1133	4	9	0.727	0	0:00:06.366437
1134	1	9	1.96	0	0:00:06.362226
1135	6	9	0.0284	0	0:00:06.362651
1136	9	9	2.08	1	0:00:06.364113
1137	0	9	1.76	0	0:00:06.363886
1138	5	9	1.08	0	0:00:06.359884
1139	8	9	2.13	0	0:00:06.361662
1140	6	9	1.14	0	0:00:06.370720
1141	1	9	3.13	0	0:00:06.362587
1142	8	9	2.56	0	0:00:06.363687
1143	6	9	1.25	0	0:00:06.363022
1144	1	9	1.67	0	0:00:06.364859
1145	4	9	0.978	0	0:00:06.365605
1146	2	9	0.423	0	0:00:06.365029
1147	6	9	2.49	0	0:00:06.365624
1148	2	9	1.11	0	0:00:06.369497
1149	7	9	1.8	0	0:00:06.366224
1150	2	9	0.581	0	0:00:06.360952
1151	2	9	1.23	0	0:00:06.369865
1152	0	9	2.16	0	0:00:06.360568
1153	8	9	0.569	0	0:00:06.369833
1154	6	9	1.87	0	0:00:06.364409
1155	9	9	0.0541	1	0:00:06.364716
1156	1	9	1.23	0	0:00:06.363914
1157	7	9	0.84	0	0:00:06.368242
1158	1	9	1.75	0	0:00:06.367041
1159	8	9	2.22	0	0:00:06.362562
1160	8	9	2.44	0	0:00:06.364877
1161	0	9	1.32	0	0:00:06.365027
1162	7	9	0.891	0	0:00:06.367800
1163	3	7	0.0638	0	0:00:06.365674
1164	8	9	2.56	0	0:00:06.356925
1165	0	9	1.8	0	0:00:06.366904
1166	3	9	1.36	0	0:00:06.361590
1167	4	9	0.944	0	0:00:06.363603
1168	3	7	0.28	0	0:00:06.361014
1169	7	9	0.424	0	0:00:06.360169
1170	7	9	1.18	0	0:00:06.357179
1171	9	9	1.48	1	0:00:06.363221
1172	2	9	1.22	0	0:00:06.360791
1173	3	9	0.626	0	0:00:06.358946
1174	1	9	1.98	0	0:00:06.363781
1175	9	9	2.59	1	0:00:06.359708
1176	1	9	2.19	0	0:00:06.359276
1177	9	9	0.627	1	0:00:06.361351
1178	6	9	1.45	0	0:00:06.364123
1179	3	9	0.793	0	0:00:06.362344
1180	3	9	0.591	0	0:00:06.361678
1181	3	7	0.114	0	0:00:06.361911
1182	1	9	1.82	0	0:00:06.361018
1183	0	9	1.8	0	0:00:06.361746
1184	6	9	0.635	0	0:00:06.360931
1185	1	9	2.61	0	0:00:06.360517
1186	4	9	0.831	0	0:00:06.360521
1187	1	9	1.56	0	0:00:06.361948
1188	0	9	1.63	0	0:00:06.366530
1189	0	9	1.83	0	0:00:06.363259
1190	1	9	1.82	0	0:00:06.364881
1191	1	9	1.8	0	0:00:06.368729
1192	6	9	0.914	0	0:00:06.367363
1193	5	9	0.973	0	0:00:06.362538
1194	4	9	2.14	0	0:00:06.361415
1195	6	9	0.929	0	0:00:06.365106
1196	2	9	1.11	0	0:00:06.364547
1197	0	9	0.348	0	0:00:06.363525
1198	7	7	1.33	1	0:00:06.365212
1199	9	9	2.15	1	0:00:06.367197
1200	8	9	2.49	0	0:00:06.368368
1201	7	9	0.805	0	0:00:06.366992
1202	2	9	1.49	0	0:00:06.365508
1203	0	9	1.79	0	0:00:06.367491
1204	6	9	1.42	0	0:00:06.364405
1205	8	9	2.23	0	0:00:06.362700
1206	1	9	1.71	0	0:00:06.365325
1207	4	9	2.55	0	0:00:06.362577
1208	3	9	1.41	0	0:00:06.365136
1209	7	9	0.327	0	0:00:06.363080
1210	0	9	1.65	0	0:00:06.366280
1211	6	9	1.52	0	0:00:06.362237
1212	1	9	2.69	0	0:00:06.361056
1213	8	9	2.97	0	0:00:06.365898
1214	5	9	2.26	0	0:00:06.365587
1215	7	9	0.0953	0	0:00:06.363026
1216	8	9	1.29	0	0:00:06.364701
1217	4	9	1.42	0	0:00:06.363539
1218	8	9	1.61	0	0:00:06.360647
1219	3	9	2.03	0	0:00:06.363712
1220	9	9	0.948	1	0:00:06.358922
1221	9	9	1.01	1	0:00:06.368795
1222	9	9	0.796	1	0:00:06.362108
1223	8	9	1.97	0	0:00:06.358776
1224	7	9	1.21	0	0:00:06.359404
1225	6	9	1.45	0	0:00:06.362179
1226	6	9	0.88	0	0:00:06.361642
1227	3	0	0.201	0	0:00:06.358543
1228	5	9	0.777	0	0:00:06.364483
1229	1	9	2.24	0	0:00:06.360782
1230	5	9	0.761	0	0:00:06.362513
1231	9	9	1.03	1	0:00:06.360040
1232	1	9	2.8	0	0:00:06.358103
1233	4	9	1.02	0	0:00:06.363640
1234	1	9	0.842	0	0:00:06.358683
1235	5	9	1.97	0	0:00:06.367014
1236	7	9	0.23	0	0:00:06.362702
1237	0	9	1.47	0	0:00:06.364671
1238	1	9	2.66	0	0:00:06.362663
1239	5	9	0.841	0	0:00:06.362386
1240	2	9	0.904	0	0:00:06.364910
1241	0	9	1.87	0	0:00:06.363414
1242	8	9	2.56	0	0:00:06.362136
1243	8	9	2.03	0	0:00:06.362518
1244	5	9	1.33	0	0:00:06.362239
1245	6	9	2.9	0	0:00:06.362937
1246	7	9	1.3	0	0:00:06.363937
1247	3	9	0.763	0	0:00:06.365884
1248	2	9	1.44	0	0:00:06.368607
1249	4	9	0.241	0	0:00:06.362179
1250	7	-1	0.0	0	0:00:06.368195
1251	2	9	0.34	0	0:00:06.368921
1252	5	9	1.78	0	0:00:06.365248
1253	8	9	2.48	0	0:00:06.363969
1254	2	9	1.57	0	0:00:06.366205
1255	4	9	0.775	0	0:00:06.365068
1256	9	9	3.13	1	0:00:06.362141
1257	2	9	1.15	0	0:00:06.363566
1258	1	9	1.46	0	0:00:06.364818
1259	8	9	1.87	0	0:00:06.363486
1260	1	9	1.59	0	0:00:06.361183
1261	9	9	1.52	1	0:00:06.362547
1262	8	9	2.11	0	0:00:06.366938
1263	8	9	2.0	0	0:00:06.364710
1264	8	9	2.79	0	0:00:06.366292
1265	9	9	1.68	1	0:00:06.362627
1266	0	9	3.06	0	0:00:06.364712
1267	4	9	0.664	0	0:00:06.370262
1268	3	9	0.805	0	0:00:06.363927
1269	3	7	0.11	0	0:00:06.367253
1270	1	9	0.0395	0	0:00:06.367627
1271	8	9	0.928	0	0:00:06.361313
1272	4	7	1.22	0	0:00:06.366204
1273	6	9	0.448	0	0:00:06.362546
1274	3	9	1.0	0	0:00:06.363985
1275	3	9	1.86	0	0:00:06.369989
1276	5	9	0.692	0	0:00:06.365685
1277	2	9	1.2	0	0:00:06.366539
1278	2	9	0.137	0	0:00:06.362593
1279	8	9	1.94	0	0:00:06.368590
1280	3	9	0.701	0	0:00:06.364390
1281	8	9	3.13	0	0:00:06.361513
1282	9	9	2.82	1	0:00:06.359979
1283	5	9	1.38	0	0:00:06.364885
1284	8	9	1.99	0	0:00:06.360393
1285	9	9	0.933	1	0:00:06.364489
1286	8	9	2.41	0	0:00:06.365025
1287	9	9	0.323	1	0:00:06.359747
1288	1	9	2.47	0	0:00:06.366717
1289	6	9	1.68	0	0:00:06.361602
1290	5	9	1.57	0	0:00:06.370770
1291	9	9	2.9	1	0:00:06.361839
1292	4	9	0.0638	0	0:00:06.363235
1293	4	9	1.35	0	0:00:06.364161
1294	8	9	2.04	0	0:00:06.362198
1295	0	9	1.19	0	0:00:06.367249
1296	7	9	0.758	0	0:00:06.359620
1297	2	9	0.748	0	0:00:06.366422
1298	9	9	2.92	1	0:00:06.362252
1299	7	9	1.19	0	0:00:06.366102
1300	4	9	0.18	0	0:00:06.360264
1301	1	9	1.18	0	0:00:06.365038
1302	6	9	0.727	0	0:00:06.364909
1303	4	-1	0.0	0	0:00:06.357682
1304	4	9	1.75	0	0:00:06.366787
1305	9	9	2.38	1	0:00:06.364481
1306	1	9	1.1	0	0:00:06.369197
1307	2	9	2.79	0	0:00:06.359882
1308	5	9	0.989	0	0:00:06.370244
1309	6	9	1.35	0	0:00:06.366244
1310	0	9	2.35	0	0:00:06.365434
1311	8	9	3.13	0	0:00:06.364420
1312	6	9	1.38	0	0:00:06.363066
1313	1	9	2.34	0	0:00:06.363755
1314	9	9	2.21	1	0:00:06.361286
1315	4	9	1.29	0	0:00:06.364194
1316	5	9	2.02	0	0:00:06.361299
1317	9	9	3.06	1	0:00:06.363932
1318	5	9	0.529	0	0:00:06.365153
1319	0	9	0.0279	0	0:00:06.363634
1320	7	9	1.32	0	0:00:06.363773
1321	2	9	0.705	0	0:00:06.362898
1322	0	9	2.34	0	0:00:06.361162
1323	0	9	2.35	0	0:00:06.362321
1324	4	9	1.38	0	0:00:06.362607
1325	2	9	1.38	0	0:00:06.359961
1326	6	9	1.56	0	0:00:06.367832
1327	6	9	0.189	0	0:00:06.361573
1328	5	9	1.81	0	0:00:06.359107
1329	5	9	0.026	0	0:00:06.362370
1330	2	9	0.431	0	0:00:06.362736
1331	8	9	1.48	0	0:00:06.364677
1332	1	9	2.09	0	0:00:06.362126
1333	7	9	0.828	0	0:00:06.360814
1334	3	9	1.6	0	0:00:06.361903
1335	1	9	2.82	0	0:00:06.356529
1336	4	9	1.71	0	0:00:06.360075
1337	5	9	1.61	0	0:00:06.365727
1338	6	9	1.53	0	0:00:06.363898
1339	5	0	0.137	0	0:00:06.357554
1340	1	9	2.23	0	0:00:06.359812
1341	4	9	1.37	0	0:00:06.361024
1342	7	9	1.62	0	0:00:06.362049
1343	0	9	0.78	0	0:00:06.359689
1344	9	9	1.15	1	0:00:06.365710
1345	4	9	1.6	0	0:00:06.362786
1346	3	9	1.64	0	0:00:06.365565
1347	8	9	2.72	0	0:00:06.358525
1348	2	-1	0.0	0	0:00:06.365559
1349	8	9	0.621	0	0:00:06.362150
1350	4	9	1.6	0	0:00:06.368134
1351	7	7	1.04	1	0:00:06.361554
1352	2	9	1.25	0	0:00:06.368650
1353	3	9	1.24	0	0:00:06.363881
1354	1	-1	0.0	0	0:00:06.367300
1355	5	9	0.653	0	0:00:06.362533
1356	2	9	0.945	0	0:00:06.368103
1357	9	9	2.46	1	0:00:06.368998
1358	8	9	2.73	0	0:00:06.368179
1359	9	9	0.719	1	0:00:06.361257
1360	7	9	1.47	0	0:00:06.360839
1361	9	9	0.569	1	0:00:06.363915
1362	5	9	1.55	0	0:00:06.370488
1363	1	9	2.47	0	0:00:06.364732
1364	4	9	1.17	0	0:00:06.367239
1365	0	9	1.04	0	0:00:06.364217
1366	8	9	3.13	0	0:00:06.364672
1367	2	9	1.4	0	0:00:06.362928
1368	3	-1	0.0	0	0:00:06.358767
1369	8	9	1.91	0	0:00:06.361094
1370	9	9	1.56	1	0:00:06.366697
1371	1	9	2.43	0	0:00:06.359797
1372	1	9	1.65	0	0:00:06.361487
1373	3	9	0.622	0	0:00:06.367307
1374	2	9	1.7	0	0:00:06.363889
1375	4	9	0.545	0	0:00:06.357408
1376	9	9	2.33	1	0:00:06.360808
1377	3	9	1.93	0	0:00:06.363674
1378	1	9	1.95	0	0:00:06.360521
1379	7	7	0.511	1	0:00:06.363142
1380	4	9	2.28	0	0:00:06.357701
1381	6	9	1.47	0	0:00:06.360219
1382	2	9	1.32	0	0:00:06.358432
1383	8	9	1.54	0	0:00:06.363940
1384	9	9	0.756	1	0:00:06.361070
1385	5	9	0.236	0	0:00:06.360903
1386	3	9	1.1	0	0:00:06.359091
1387	9	9	3.13	1	0:00:06.356064
1388	5	9	0.73	0	0:00:06.360680
1389	5	9	1.79	0	0:00:06.354658
1390	6	9	2.03	0	0:00:06.362434
1391	7	9	1.45	0	0:00:06.364855
1392	2	9	0.185	0	0:00:06.361795
1393	4	9	0.848	0	0:00:06.366768
1394	6	9	1.78	0	0:00:06.365024
1395	3	9	1.05	0	0:00:06.360903
1396	1	9	2.14	0	0:00:06.363503
1397	0	9	1.96	0	0:00:06.364575
1398	7	9	2.13	0	0:00:06.364548
1399	2	9	1.59	0	0:00:06.358267
1400	5	9	1.92	0	0:00:06.364297
1401	4	9	0.525	0	0:00:06.366068
1402	7	9	0.691	0	0:00:06.361138
1403	6	9	0.835	0	0:00:06.363738
1404	1	9	1.93	0	0:00:06.362628
1405	1	9	1.72	0	0:00:06.366089
1406	9	9	0.793	1	0:00:06.371483
1407	8	9	3.06	0	0:00:06.362805
1408	1	0	0.462	0	0:00:06.358287
1409	0	9	1.1	0	0:00:06.363975
1410	1	9	2.19	0	0:00:06.363798
1411	3	9	1.42	0	0:00:06.363518
1412	1	9	2.95	0	0:00:06.364572
1413	1	9	2.32	0	0:00:06.363086
1414	1	9	2.55	0	0:00:06.362124
1415	7	9	1.37	0	0:00:06.367402
1416	3	9	0.23	0	0:00:06.362472
1417	9	9	1.33	1	0:00:06.363512
1418	6	9	1.54	0	0:00:06.365116
1419	8	9	2.6	0	0:00:06.365902
1420	4	9	0.436	0	0:00:06.369759
1421	6	9	1.78	0	0:00:06.365983
1422	8	9	2.29	0	0:00:06.366330
1423	4	9	0.828	0	0:00:06.370245
1424	9	9	0.962	1	0:00:06.366734
1425	4	9	0.562	0	0:00:06.366570
1426	7	7	0.14	1	0:00:06.368812
1427	9	9	0.997	1	0:00:06.371772
1428	7	9	0.675	0	0:00:06.367162
1429	6	9	1.15	0	0:00:06.363593
1430	8	9	1.24	0	0:00:06.373170
1431	4	9	0.714	0	0:00:06.371148
1432	9	9	2.54	1	0:00:06.369021
1433	7	7	0.605	1	0:00:06.365359
1434	0	9	2.04	0	0:00:06.370204
1435	1	9	1.65	0	0:00:06.367902
1436	6	9	1.14	0	0:00:06.368386
1437	1	9	1.57	0	0:00:06.365439
1438	5	9	1.22	0	0:00:06.368276
1439	9	9	2.86	1	0:00:06.367375
1440	0	9	1.74	0	0:00:06.367036
1441	4	9	1.48	0	0:00:06.366023
1442	3	9	1.34	0	0:00:06.370975
1443	4	9	0.958	0	0:00:06.363095
1444	1	9	2.61	0	0:00:06.373156
1445	3	9	1.08	0	0:00:06.372944
1446	0	9	0.571	0	0:00:06.374288
1447	8	9	2.79	0	0:00:06.364937
1448	4	9	0.538	0	0:00:06.362761
1449	6	9	1.48	0	0:00:06.367792
1450	2	9	0.903	0	0:00:06.364779
1451	2	9	1.5	0	0:00:06.364612
1452	6	-1	0.0	0	0:00:06.367927
1453	5	9	0.799	0	0:00:06.365509
1454	3	9	2.14	0	0:00:06.364456
1455	6	9	0.558	0	0:00:06.365409
1456	2	9	1.79	0	0:00:06.362442
1457	1	9	2.8	0	0:00:06.366688
1458	1	9	2.61	0	0:00:06.364854
1459	8	9	2.82	0	0:00:06.361902
1460	6	9	1.17	0	0:00:06.368964
1461	0	9	1.77	0	0:00:06.365970
1462	4	9	0.366	0	0:00:06.368415
1463	0	9	2.4	0	0:00:06.370136
1464	1	9	1.13	0	0:00:06.368675
1465	9	9	2.06	1	0:00:06.364207
1466	7	9	0.078	0	0:00:06.364352
1467	1	9	1.84	0	0:00:06.365713
1468	3	9	1.56	0	0:00:06.364867
1469	7	-1	0.0	0	0:00:06.361824
1470	7	9	0.196	0	0:00:06.360303
1471	8	9	1.74	0	0:00:06.367225
1472	7	9	0.586	0	0:00:06.365149
1473	7	7	0.47	1	0:00:06.364013
1474	3	-1	0.0	0	0:00:06.362559
1475	9	9	1.6	1	0:00:06.364622
1476	7	7	0.996	1	0:00:06.366187
1477	7	9	0.132	0	0:00:06.364800
1478	7	9	0.978	0	0:00:06.358465
1479	2	9	2.04	0	0:00:06.364375
1480	1	9	2.13	0	0:00:06.365627
1481	2	9	1.12	0	0:00:06.365742
1482	8	9	2.67	0	0:00:06.366051
1483	6	9	1.66	0	0:00:06.364461
1484	4	9	1.06	0	0:00:06.357193
1485	0	9	2.66	0	0:00:06.359318
1486	7	9	1.74	0	0:00:06.368034
1487	9	9	0.884	1	0:00:06.359123
1488	8	9	2.75	0	0:00:06.361382
1489	6	9	2.19	0	0:00:06.358144
1490	8	9	1.72	0	0:00:06.363009
1491	4	9	1.58	0	0:00:06.361805
1492	9	9	2.09	1	0:00:06.357179
1493	1	9	1.99	0	0:00:06.361590
1494	7	9	0.752	0	0:00:06.358756
1495	2	9	1.06	0	0:00:06.366087
1496	2	9	1.14	0	0:00:06.361369
1497	8	9	1.52	0	0:00:06.364512
1498	5	4	0.0388	0	0:00:06.357330
1499	8	9	2.12	0	0:00:06.368231
1500	1	9	1.18	0	0:00:06.366777
1501	2	9	1.59	0	0:00:06.369805
1502	2	9	0.297	0	0:00:06.369336
1503	4	9	0.171	0	0:00:06.363030
1504	1	9	1.7	0	0:00:06.368935
1505	2	9	0.878	0	0:00:06.366938
1506	5	7	0.244	0	0:00:06.366468
1507	2	9	1.25	0	0:00:06.361115
1508	8	9	3.01	0	0:00:06.368402
1509	1	9	1.34	0	0:00:06.371180
1510	8	9	1.64	0	0:00:06.366170
1511	1	9	2.34	0	0:00:06.365952
1512	8	9	2.64	0	0:00:06.359077
1513	6	9	0.453	0	0:00:06.365774
1514	0	9	1.94	0	0:00:06.365100
1515	2	9	0.854	0	0:00:06.369663
1516	4	9	1.13	0	0:00:06.366154
1517	1	9	2.04	0	0:00:06.367261
1518	3	9	0.55	0	0:00:06.364373
1519	6	9	1.29	0	0:00:06.367821
1520	7	9	1.07	0	0:00:06.365651
1521	7	-1	0.0	0	0:00:06.369584
1522	4	9	0.965	0	0:00:06.366486
1523	4	9	1.12	0	0:00:06.367388
1524	3	9	1.3	0	0:00:06.365313
1525	3	9	1.86	0	0:00:06.361186
1526	4	9	0.9	0	0:00:06.367772
1527	5	9	1.52	0	0:00:06.364845
1528	2	9	0.714	0	0:00:06.362077
1529	4	9	0.567	0	0:00:06.367691
1530	3	9	0.377	0	0:00:06.364942
1531	7	0	0.0806	0	0:00:06.359954
1532	8	9	2.57	0	0:00:06.365099
1533	4	7	0.0496	0	0:00:06.367531
1534	4	9	1.92	0	0:00:06.368500
1535	4	9	0.275	0	0:00:06.367835
1536	5	9	0.522	0	0:00:06.369434
1537	4	9	0.0638	0	0:00:06.369584
1538	3	9	0.654	0	0:00:06.367805
1539	2	9	1.67	0	0:00:06.370025
1540	8	9	2.52	0	0:00:06.362152
1541	4	9	1.54	0	0:00:06.365413
1542	5	9	0.681	0	0:00:06.367167
1543	5	9	0.981	0	0:00:06.370674
1544	4	9	1.14	0	0:00:06.365880
1545	1	9	2.03	0	0:00:06.364248
1546	4	9	0.443	0	0:00:06.363658
1547	2	9	0.173	0	0:00:06.367679
1548	5	9	1.1	0	0:00:06.364320
1549	1	9	1.13	0	0:00:06.362813
1550	6	9	1.43	0	0:00:06.368353
1551	4	9	2.08	0	0:00:06.366862
1552	3	9	0.32	0	0:00:06.365085
1553	4	9	1.2	0	0:00:06.365722
1554	4	9	0.336	0	0:00:06.363001
1555	0	9	1.61	0	0:00:06.364085
1556	8	9	1.58	0	0:00:06.362648
1557	8	9	2.39	0	0:00:06.366141
1558	4	9	0.92	0	0:00:06.363484
1559	5	9	0.169	0	0:00:06.362342
1560	7	7	1.28	1	0:00:06.364538
1561	5	9	0.547	0	0:00:06.364970
1562	6	9	1.77	0	0:00:06.365608
1563	9	9	2.88	1	0:00:06.359287
1564	1	9	1.39	0	0:00:06.357882
1565	6	9	1.96	0	0:00:06.360811
1566	7	7	0.441	1	0:00:06.366259
1567	2	9	0.36	0	0:00:06.361582
1568	0	9	1.49	0	0:00:06.361746
1569	1	9	2.13	0	0:00:06.359614
1570	4	9	0.978	0	0:00:06.362425
1571	5	9	0.362	0	0:00:06.362266
1572	6	9	1.95	0	0:00:06.361751
1573	0	9	1.63	0	0:00:06.360365
1574	0	9	2.29	0	0:00:06.355879
1575	2	9	0.944	0	0:00:06.358721
1576	7	9	0.687	0	0:00:06.356291
1577	5	9	1.13	0	0:00:06.363137
1578	6	9	1.56	0	0:00:06.363103
1579	0	9	2.07	0	0:00:06.361406
1580	6	9	0.574	0	0:00:06.357402
1581	2	9	0.648	0	0:00:06.359840
1582	9	9	2.15	1	0:00:06.359588
1583	1	9	0.204	0	0:00:06.358781
1584	7	9	1.16	0	0:00:06.366737
1585	7	9	0.309	0	0:00:06.360981
1586	5	9	0.706	0	0:00:06.358479
1587	2	9	1.77	0	0:00:06.358260
1588	5	9	1.35	0	0:00:06.360746
1589	6	9	1.7	0	0:00:06.358489
1590	4	9	0.598	0	0:00:06.360104
1591	1	9	1.66	0	0:00:06.354705
1592	4	9	0.876	0	0:00:06.356698
1593	3	9	1.59	0	0:00:06.362016
1594	3	9	0.453	0	0:00:06.357980
1595	3	0	2.31	0	0:00:06.355805
1596	0	9	1.7	0	0:00:06.356813
1597	3	9	0.78	0	0:00:06.360004
1598	5	9	0.878	0	0:00:06.360237
1599	5	9	1.8	0	0:00:06.358239
1600	8	9	1.42	0	0:00:06.359625
1601	9	9	0.671	1	0:00:06.365031
1602	7	9	1.97	0	0:00:06.362188
1603	3	9	0.161	0	0:00:06.365439
1604	1	9	2.24	0	0:00:06.365606
1605	3	9	0.758	0	0:00:06.365385
1606	3	9	2.03	0	0:00:06.368296
1607	3	7	0.195	0	0:00:06.365817
1608	4	9	1.32	0	0:00:06.366325
1609	4	9	0.761	0	0:00:06.364454
1610	2	9	1.9	0	0:00:06.368113
1611	3	9	1.55	0	0:00:06.363586
1612	3	9	1.43	0	0:00:06.364604
1613	8	9	1.27	0	0:00:06.358053
1614	1	9	2.59	0	0:00:06.367025
1615	7	9	0.997	0	0:00:06.364133
1616	7	9	2.12	0	0:00:06.362090
1617	0	9	2.02	0	0:00:06.362200
1618	7	9	1.67	0	0:00:06.365421
1619	4	9	1.06	0	0:00:06.367666
1620	5	9	2.36	0	0:00:06.363836
1621	1	9	1.42	0	0:00:06.364161
1622	4	9	1.26	0	0:00:06.363397
1623	2	9	1.12	0	0:00:06.364521
1624	4	9	0.606	0	0:00:06.368320
1625	3	9	0.81	0	0:00:06.369081
1626	9	9	1.44	1	0:00:06.361967
1627	9	9	2.49	1	0:00:06.359834
1628	4	9	0.805	0	0:00:06.362316
1629	9	9	1.37	1	0:00:06.362701
1630	9	9	1.08	1	0:00:06.369109
1631	1	9	1.12	0	0:00:06.367516
1632	8	9	0.448	0	0:00:06.363655
1633	1	9	2.02	0	0:00:06.365212
1634	6	9	0.769	0	0:00:06.369315
1635	7	-1	0.0	0	0:00:06.365770
1636	5	9	1.31	0	0:00:06.366794
1637	5	9	1.75	0	0:00:06.367373
1638	4	9	1.45	0	0:00:06.367907
1639	9	9	2.92	1	0:00:06.363463
1640	7	7	0.978	1	0:00:06.369287
1641	6	9	0.676	0	0:00:06.363277
1642	5	9	1.06	0	0:00:06.366337
1643	9	9	2.01	1	0:00:06.370867
1644	2	9	2.09	0	0:00:06.364828
1645	4	9	0.432	0	0:00:06.366383
1646	0	9	0.675	0	0:00:06.364362
1647	7	7	0.714	1	0:00:06.362560
1648	8	9	1.93	0	0:00:06.364736
1649	5	7	0.137	0	0:00:06.364583
1650	5	9	1.94	0	0:00:06.361922
1651	0	9	2.62	0	0:00:06.359912
1652	0	9	0.8	0	0:00:06.363700
1653	9	9	2.03	1	0:00:06.363328
1654	9	9	2.15	1	0:00:06.364702
1655	8	9	2.61	0	0:00:06.355973
1656	2	9	1.29	0	0:00:06.358375
1657	5	9	0.523	0	0:00:06.358757
1658	4	9	2.22	0	0:00:06.358787
1659	8	9	2.55	0	0:00:06.358263
1660	3	9	0.402	0	0:00:06.369794
1661	6	9	1.81	0	0:00:06.370787
1662	3	9	1.61	0	0:00:06.366186
1663	6	9	2.04	0	0:00:06.367275
1664	0	9	1.61	0	0:00:06.362960
1665	6	9	1.17	0	0:00:06.366315
1666	6	9	1.8	0	0:00:06.367124
1667	6	9	1.22	0	0:00:06.363797
1668	9	9	2.08	1	0:00:06.368332
1669	6	9	2.02	0	0:00:06.364586
1670	6	9	1.56	0	0:00:06.368836
1671	8	9	2.26	0	0:00:06.369322
1672	6	9	1.66	0	0:00:06.369621
1673	2	9	1.49	0	0:00:06.363983
1674	4	9	0.59	0	0:00:06.367753
1675	5	9	1.26	0	0:00:06.367517
1676	8	9	2.26	0	0:00:06.361422
1677	1	9	0.462	0	0:00:06.362057
1678	2	9	1.64	0	0:00:06.370055
1679	7	9	0.241	0	0:00:06.365827
1680	6	9	0.925	0	0:00:06.365903
1681	5	9	1.4	0	0:00:06.368354
1682	7	7	0.292	1	0:00:06.368887
1683	8	9	2.24	0	0:00:06.365972
1684	1	9	2.34	0	0:00:06.367660
1685	8	9	1.23	0	0:00:06.371234
1686	0	9	1.68	0	0:00:06.363394
1687	8	9	1.89	0	0:00:06.366180
1688	6	9	0.879	0	0:00:06.368400
1689	9	9	1.7	1	0:00:06.367947
1690	2	9	0.318	0	0:00:06.367835
1691	8	9	2.82	0	0:00:06.364685
1692	9	-1	0.0	0	0:00:06.360288
1693	4	9	2.59	0	0:00:06.363804
1694	0	9	0.399	0	0:00:06.365928
1695	9	9	2.04	1	0:00:06.366778
1696	4	9	0.802	0	0:00:06.363438
1697	9	9	2.29	1	0:00:06.365940
1698	5	9	1.75	0	0:00:06.365719
1699	7	9	0.169	0	0:00:06.368844
1700	5	9	1.42	0	0:00:06.367872
1701	5	9	2.24	0	0:00:06.365635
1702	9	9	2.11	1	0:00:06.366229
1703	5	9	2.12	0	0:00:06.367907
1704	3	9	0.532	0	0:00:06.366672
1705	0	9	2.35	0	0:00:06.364552
1706	1	9	2.43	0	0:00:06.369273
1707	9	9	1.61	1	0:00:06.368832
1708	7	9	1.97	0	0:00:06.362036
1709	2	9	0.567	0	0:00:06.361674
1710	4	9	1.71	0	0:00:06.364909
1711	1	9	1.72	0	0:00:06.365397
1712	0	9	2.38	0	0:00:06.360813
1713	8	0	0.314	0	0:00:06.361176
1714	0	9	0.354	0	0:00:06.367472
1715	3	9	0.721	0	0:00:06.368159
1716	1	9	2.34	0	0:00:06.362701
1717	7	7	0.337	1	0:00:06.358385
1718	0	9	2.01	0	0:00:06.362725
1719	0	9	1.57	0	0:00:06.364375
1720	4	9	0.0997	0	0:00:06.359940
1721	8	9	1.74	0	0:00:06.365842
1722	6	9	2.57	0	0:00:06.364108
1723	2	9	0.551	0	0:00:06.360755
1724	4	9	1.44	0	0:00:06.364225
1725	0	9	2.54	0	0:00:06.361373
1726	0	9	1.35	0	0:00:06.360502
1727	9	9	1.58	1	0:00:06.364643
1728	0	9	2.7	0	0:00:06.360608
1729	8	9	2.73	0	0:00:06.358284
1730	4	9	1.91	0	0:00:06.358543
1731	5	9	0.812	0	0:00:06.366228
1732	9	0	0.649	0	0:00:06.359388
1733	3	9	0.768	0	0:00:06.357140
1734	9	9	1.92	1	0:00:06.361986
1735	0	9	1.59	0	0:00:06.355939
1736	5	9	0.103	0	0:00:06.360501
1737	6	9	1.42	0	0:00:06.358140
1738	5	9	2.51	0	0:00:06.358508
1739	0	9	0.98	0	0:00:06.361317
1740	1	9	2.31	0	0:00:06.355715
1741	4	9	0.666	0	0:00:06.358858
1742	8	9	2.48	0	0:00:06.365104
1743	1	9	2.07	0	0:00:06.359571
1744	0	9	0.917	0	0:00:06.358822
1745	5	9	0.248	0	0:00:06.357432
1746	2	9	2.02	0	0:00:06.362383
1747	1	9	1.49	0	0:00:06.356062
1748	0	9	1.01	0	0:00:06.356039
1749	2	7	0.108	0	0:00:06.367066
1750	8	9	1.72	0	0:00:06.357391
1751	1	9	1.7	0	0:00:06.360933
1752	5	-1	0.0	0	0:00:06.363589
1753	6	9	1.13	0	0:00:06.360950
1754	7	7	0.402	1	0:00:06.367608
1755	7	9	0.194	0	0:00:06.363589
1756	2	9	0.678	0	0:00:06.369206
1757	6	9	1.35	0	0:00:06.361409
1758	2	9	1.72	0	0:00:06.360545
1759	5	9	0.363	0	0:00:06.362377
1760	0	9	2.3	0	0:00:06.366968
1761	1	9	1.56	0	0:00:06.363518
1762	4	9	1.67	0	0:00:06.357756
1763	2	9	1.06	0	0:00:06.365686
1764	5	9	1.77	0	0:00:06.362678
1765	4	9	1.35	0	0:00:06.363441
1766	6	9	0.538	0	0:00:06.361654
1767	2	9	1.73	0	0:00:06.366553
1768	2	9	1.19	0	0:00:06.365885
1769	1	9	2.88	0	0:00:06.369960
1770	7	9	0.108	0	0:00:06.361596
1771	2	9	1.15	0	0:00:06.364967
1772	8	9	1.17	0	0:00:06.357626
1773	5	0	0.828	0	0:00:06.367448
1774	5	9	1.08	0	0:00:06.365957
1775	3	9	0.492	0	0:00:06.367725
1776	0	9	2.27	0	0:00:06.363185
1777	4	9	1.24	0	0:00:06.367110
1778	8	9	2.92	0	0:00:06.358830
1779	3	9	0.729	0	0:00:06.364847
1780	7	9	0.905	0	0:00:06.367568
1781	6	9	0.701	0	0:00:06.362992
1782	3	9	1.39	0	0:00:06.366365
1783	8	9	2.26	0	0:00:06.365407
1784	1	9	2.42	0	0:00:06.368665
1785	0	9	0.564	0	0:00:06.365673
1786	1	9	1.95	0	0:00:06.363929
1787	3	9	0.289	0	0:00:06.364850
1788	3	9	0.244	0	0:00:06.364751
1789	0	7	0.428	0	0:00:06.365725
1790	7	9	1.62	0	0:00:06.364048
1791	4	9	1.16	0	0:00:06.366408
1792	9	9	2.48	1	0:00:06.366704
1793	5	9	0.165	0	0:00:06.366501
1794	3	9	0.567	0	0:00:06.370142
1795	6	9	2.08	0	0:00:06.365845
1796	0	9	2.29	0	0:00:06.360369
1797	1	9	1.28	0	0:00:06.370121
1798	4	9	0.389	0	0:00:06.366340
1799	4	9	0.431	0	0:00:06.360731
1800	4	9	1.42	0	0:00:06.367875
1801	4	7	0.00114	0	0:00:06.366969
1802	2	9	0.783	0	0:00:06.365716
1803	2	9	1.57	0	0:00:06.366510
1804	5	9	1.52	0	0:00:06.366249
1805	8	9	1.9	0	0:00:06.368180
1806	1	9	0.465	0	0:00:06.367036
1807	5	9	1.5	0	0:00:06.367922
1808	9	9	0.842	1	0:00:06.365140
1809	8	9	2.0	0	0:00:06.364065
1810	1	9	2.54	0	0:00:06.359355
1811	1	9	1.87	0	0:00:06.364780
1812	5	9	0.227	0	0:00:06.363542
1813	3	9	1.08	0	0:00:06.362459
1814	9	9	2.75	1	0:00:06.360623
1815	9	9	1.52	1	0:00:06.362103
1816	7	9	0.995	0	0:00:06.359887
1817	6	9	1.12	0	0:00:06.365829
1818	5	9	1.79	0	0:00:06.364618
1819	0	9	1.15	0	0:00:06.362802
1820	8	9	1.81	0	0:00:06.362230
1821	4	9	1.2	0	0:00:06.360054
1822	7	9	0.271	0	0:00:06.359684
1823	0	0	1.22	1	0:00:06.354324
1824	9	9	1.69	1	0:00:06.362981
1825	2	9	1.32	0	0:00:06.362334
1826	8	9	3.13	0	0:00:06.356227
1827	4	7	0.213	0	0:00:06.360206
1828	7	9	1.73	0	0:00:06.358916
1829	1	9	0.695	0	0:00:06.361225
1830	3	9	1.46	0	0:00:06.363879
1831	9	9	1.89	1	0:00:06.356038
1832	6	9	2.16	0	0:00:06.362701
1833	8	9	2.97	0	0:00:06.357792
1834	9	9	1.56	1	0:00:06.368424
1835	0	9	0.778	0	0:00:06.359331
1836	4	9	0.898	0	0:00:06.361132
1837	9	9	0.394	1	0:00:06.361001
1838	6	9	2.36	0	0:00:06.361712
1839	7	7	0.63	1	0:00:06.363939
1840	8	9	1.66	0	0:00:06.356013
1841	9	9	0.837	1	0:00:06.357151
1842	4	9	0.319	0	0:00:06.360015
1843	8	9	1.97	0	0:00:06.354310
1844	9	9	1.73	1	0:00:06.356455
1845	7	9	0.824	0	0:00:06.364500
1846	2	9	1.62	0	0:00:06.355165
1847	5	9	1.65	0	0:00:06.359290
1848	3	9	1.25	0	0:00:06.356416
1849	7	9	0.206	0	0:00:06.364067
1850	1	9	1.1	0	0:00:06.359303
1851	0	9	0.297	0	0:00:06.363022
1852	2	9	1.09	0	0:00:06.355908
1853	9	9	1.31	1	0:00:06.359026
1854	5	9	1.23	0	0:00:06.354197
1855	5	9	1.9	0	0:00:06.359139
1856	8	9	2.46	0	0:00:06.359749
1857	5	9	1.37	0	0:00:06.360832
1858	4	7	0.0145	0	0:00:06.361718
1859	2	9	0.521	0	0:00:06.363799
1860	8	9	2.48	0	0:00:06.368551
1861	3	9	1.51	0	0:00:06.359442
1862	5	9	1.22	0	0:00:06.363824
1863	5	9	1.16	0	0:00:06.365501
1864	7	9	0.672	0	0:00:06.360629
1865	7	9	1.19	0	0:00:06.365678
1866	8	9	2.79	0	0:00:06.366249
1867	6	9	1.76	0	0:00:06.364674
1868	2	9	1.25	0	0:00:06.362278
1869	8	9	2.59	0	0:00:06.366150
1870	2	9	0.684	0	0:00:06.362778
1871	3	9	1.76	0	0:00:06.366102
1872	5	9	1.85	0	0:00:06.370561
1873	6	0	0.166	0	0:00:06.365348
1874	8	9	0.844	0	0:00:06.363935
1875	0	9	1.43	0	0:00:06.365243
1876	2	9	0.568	0	0:00:06.373304
1877	3	9	1.34	0	0:00:06.362616
1878	7	7	0.717	1	0:00:06.366484
1879	0	9	1.12	0	0:00:06.368140
1880	1	9	1.54	0	0:00:06.366853
1881	9	9	2.3	1	0:00:06.359743
1882	1	9	0.721	0	0:00:06.364993
1883	3	9	1.32	0	0:00:06.370228
1884	7	9	0.661	0	0:00:06.364608
1885	5	9	0.365	0	0:00:06.364093
1886	8	9	1.8	0	0:00:06.364303
1887	3	9	1.55	0	0:00:06.365021
1888	2	9	1.91	0	0:00:06.363367
1889	9	9	2.27	1	0:00:06.354411
1890	6	9	1.03	0	0:00:06.368073
1891	8	9	0.497	0	0:00:06.367954
1892	6	9	0.916	0	0:00:06.366822
1893	9	9	1.95	1	0:00:06.370042
1894	3	9	0.768	0	0:00:06.367343
1895	8	9	2.09	0	0:00:06.359843
1896	9	9	1.59	1	0:00:06.367137
1897	8	9	1.05	0	0:00:06.365784
1898	0	9	1.86	0	0:00:06.366647
1899	7	9	0.89	0	0:00:06.362331
1900	8	9	1.59	0	0:00:06.366104
1901	5	9	1.4	0	0:00:06.365297
1902	0	-1	0.0	0	0:00:06.366141
1903	0	9	2.56	0	0:00:06.363794
1904	1	9	2.95	0	0:00:06.362025
1905	3	9	1.73	0	0:00:06.365313
1906	9	9	0.543	1	0:00:06.359891
1907	1	9	0.847	0	0:00:06.364077
1908	5	9	1.14	0	0:00:06.368881
1909	3	9	1.79	0	0:00:06.365769
1910	4	9	0.658	0	0:00:06.360950
1911	4	9	0.952	0	0:00:06.365775
1912	0	9	1.94	0	0:00:06.366699
1913	9	9	1.13	1	0:00:06.360153
1914	9	9	1.38	1	0:00:06.367913
1915	9	9	2.1	1	0:00:06.363198
1916	9	9	1.26	1	0:00:06.367768
1917	8	9	2.16	0	0:00:06.362209
1918	2	9	0.694	0	0:00:06.359464
1919	4	9	1.48	0	0:00:06.369793
1920	2	7	0.288	0	0:00:06.365122
1921	2	9	1.32	0	0:00:06.363578
1922	5	9	0.977	0	0:00:06.369174
1923	1	9	1.37	0	0:00:06.363739
1924	9	9	0.637	1	0:00:06.361059
1925	1	9	1.31	0	0:00:06.361683
1926	0	9	2.5	0	0:00:06.365047
1927	9	9	1.17	1	0:00:06.363051
1928	4	9	1.31	0	0:00:06.359442
1929	2	9	1.3	0	0:00:06.365177
1930	1	9	1.66	0	0:00:06.353849
1931	6	9	0.753	0	0:00:06.360506
1932	0	9	1.13	0	0:00:06.362137
1933	3	9	1.37	0	0:00:06.361821
1934	7	9	1.09	0	0:00:06.361306
1935	6	9	1.1	0	0:00:06.367106
1936	3	7	0.0847	0	0:00:06.363721
1937	1	9	1.57	0	0:00:06.360721
1938	8	9	2.13	0	0:00:06.364267
1939	6	9	0.639	0	0:00:06.360455
1940	5	9	0.703	0	0:00:06.355519
1941	7	9	1.1	0	0:00:06.363858
1942	2	9	1.21	0	0:00:06.360349
1943	8	9	2.12	0	0:00:06.358906
1944	4	9	1.96	0	0:00:06.361630
1945	4	9	0.0756	0	0:00:06.359534
1946	8	9	1.29	0	0:00:06.357955
1947	3	9	2.05	0	0:00:06.358598
1948	5	9	2.21	0	0:00:06.361628
1949	0	9	1.39	0	0:00:06.361798
1950	5	9	1.21	0	0:00:06.370490
1951	7	9	1.09	0	0:00:06.365776
1952	4	9	1.05	0	0:00:06.362410
1953	4	9	1.35	0	0:00:06.363398
1954	2	9	1.29	0	0:00:06.365503
1955	2	9	1.96	0	0:00:06.359911
1956	7	9	0.729	0	0:00:06.360738
1957	3	9	1.49	0	0:00:06.363988
1958	6	9	1.12	0	0:00:06.358202
1959	0	9	0.707	0	0:00:06.363972
1960	2	9	1.29	0	0:00:06.367015
1961	7	9	0.338	0	0:00:06.372740
1962	6	9	0.942	0	0:00:06.368248
1963	2	9	1.02	0	0:00:06.364652
1964	3	9	1.29	0	0:00:06.371429
1965	0	9	0.314	0	0:00:06.367895
1966	7	9	0.789	0	0:00:06.359833
1967	7	9	0.576	0	0:00:06.366241
1968	8	9	2.97	0	0:00:06.366290
1969	1	9	0.303	0	0:00:06.365028
1970	1	-1	0.0	0	0:00:06.358599
1971	4	9	1.43	0	0:00:06.363828
1972	6	9	1.47	0	0:00:06.357948
1973	0	9	1.11	0	0:00:06.360556
1974	6	9	1.79	0	0:00:06.363965
1975	6	9	0.12	0	0:00:06.362254
1976	5	9	0.9	0	0:00:06.371428
1977	5	9	0.1	0	0:00:06.362639
1978	6	9	0.924	0	0:00:06.362490
1979	3	9	0.673	0	0:00:06.366492
1980	9	9	2.44	1	0:00:06.368508
1981	3	9	1.04	0	0:00:06.368047
1982	6	9	0.909	0	0:00:06.366547
1983	8	9	1.4	0	0:00:06.367332
1984	7	7	0.514	1	0:00:06.372475
1985	6	9	1.68	0	0:00:06.363148
1986	4	9	1.19	0	0:00:06.363306
1987	9	9	1.76	1	0:00:06.361467
1988	5	9	1.36	0	0:00:06.366197
1989	6	9	1.25	0	0:00:06.360384
1990	4	-1	0.0	0	0:00:06.363265
1991	1	9	0.514	0	0:00:06.369648
1992	6	9	0.889	0	0:00:06.365436
1993	3	7	0.706	0	0:00:06.363384
1994	8	9	0.523	0	0:00:06.363146
1995	2	9	0.631	0	0:00:06.358987
1996	3	9	0.241	0	0:00:06.361623
1997	9	9	1.54	1	0:00:06.361810
1998	8	9	1.61	0	0:00:06.364698
1999	5	9	0.77	0	0:00:06.358060
2000	1	9	1.33	0	0:00:06.361742
2001	5	9	1.1	0	0:00:06.355924
2002	4	9	0.496	0	0:00:06.366952
2003	5	9	1.23	0	0:00:06.356516
2004	7	7	0.0184	1	0:00:06.361395
2005	5	9	1.99	0	0:00:06.361275
2006	7	7	1.05	1	0:00:06.359980
2007	8	9	2.39	0	0:00:06.360964
2008	9	9	2.97	1	0:00:06.358783
2009	1	9	2.72	0	0:00:06.366305
2010	7	9	1.54	0	0:00:06.361672
2011	2	9	1.39	0	0:00:06.359078
2012	5	9	1.53	0	0:00:06.359824
2013	6	9	1.42	0	0:00:06.361699
2014	8	9	2.04	0	0:00:06.356587
2015	4	9	1.03	0	0:00:06.362770
2016	6	9	1.38	0	0:00:06.364325
2017	5	9	0.398	0	0:00:06.362594
2018	3	9	1.37	0	0:00:06.362322
2019	9	9	0.554	1	0:00:06.362626
2020	9	9	1.74	1	0:00:06.362371
2021	8	9	2.86	0	0:00:06.364201
2022	5	7	0.102	0	0:00:06.368121
2023	5	0	0.686	0	0:00:06.368320
2024	6	9	1.97	0	0:00:06.359540
2025	4	9	1.49	0	0:00:06.362479
2026	5	7	0.161	0	0:00:06.360298
2027	9	9	1.36	1	0:00:06.366423
2028	7	9	0.927	0	0:00:06.364739
2029	3	9	1.4	0	0:00:06.367435
2030	4	9	1.04	0	0:00:06.364738
2031	1	9	2.53	0	0:00:06.363873
2032	4	9	0.37	0	0:00:06.365487
2033	2	9	1.56	0	0:00:06.363012
2034	3	9	1.41	0	0:00:06.363951
2035	6	9	1.69	0	0:00:06.356203
2036	5	9	0.522	0	0:00:06.362326
2037	5	9	0.366	0	0:00:06.363412
2038	2	9	0.575	0	0:00:06.361891
2039	8	9	1.93	0	0:00:06.361050
2040	0	9	2.75	0	0:00:06.357200
2041	0	9	1.47	0	0:00:06.359865
2042	1	9	1.25	0	0:00:06.360546
2043	8	9	1.66	0	0:00:06.361984
2044	3	9	1.34	0	0:00:06.359820
2045	1	9	1.66	0	0:00:06.364031
2046	3	9	0.364	0	0:00:06.358883
2047	5	9	0.545	0	0:00:06.356093
2048	8	9	2.52	0	0:00:06.364624
2049	3	9	0.704	0	0:00:06.362252
2050	8	9	2.88	0	0:00:06.363678
2051	5	9	0.763	0	0:00:06.358681
2052	8	9	3.13	0	0:00:06.357149
2053	6	9	1.93	0	0:00:06.360945
2054	3	9	1.78	0	0:00:06.361982
2055	5	9	1.3	0	0:00:06.363907
2056	5	9	1.15	0	0:00:06.361022
2057	5	9	2.44	0	0:00:06.360230
2058	0	9	2.75	0	0:00:06.357273
2059	9	9	0.935	1	0:00:06.362657
2060	5	9	1.04	0	0:00:06.357948
2061	5	9	0.0572	0	0:00:06.360650
2062	7	9	1.45	0	0:00:06.359752
2063	1	9	1.86	0	0:00:06.352703
2064	8	9	2.32	0	0:00:06.361876
2065	2	9	1.47	0	0:00:06.365916
2066	2	9	0.669	0	0:00:06.364652
2067	7	9	0.201	0	0:00:06.361944
2068	3	9	1.51	0	0:00:06.364975
2069	4	9	0.529	0	0:00:06.372020
2070	2	9	1.37	0	0:00:06.364843
2071	9	9	0.588	1	0:00:06.369033
2072	6	9	1.96	0	0:00:06.361743
2073	2	9	1.48	0	0:00:06.365594
2074	2	9	1.15	0	0:00:06.361623
2075	4	9	1.43	0	0:00:06.370518
2076	3	9	0.796	0	0:00:06.360982
2077	0	9	2.01	0	0:00:06.365800
2078	2	9	0.831	0	0:00:06.369653
2079	0	9	0.371	0	0:00:06.371505
2080	1	9	1.68	0	0:00:06.370827
2081	3	9	0.703	0	0:00:06.366790
2082	2	9	1.01	0	0:00:06.366016
2083	2	9	2.28	0	0:00:06.366734
2084	7	7	0.0428	1	0:00:06.366354
2085	0	9	0.859	0	0:00:06.364598
2086	1	9	2.38	0	0:00:06.361214
2087	0	9	0.803	0	0:00:06.361615
2088	7	7	0.309	1	0:00:06.364538
2089	7	0	0.392	0	0:00:06.365752
2090	2	9	0.296	0	0:00:06.368155
2091	0	9	1.23	0	0:00:06.363826
2092	1	9	1.55	0	0:00:06.368929
2093	6	9	1.78	0	0:00:06.368313
2094	5	7	0.219	0	0:00:06.363840
2095	0	7	0.542	0	0:00:06.363352
2096	2	9	2.26	0	0:00:06.361643
2097	2	9	1.58	0	0:00:06.364086
2098	0	9	2.39	0	0:00:06.365097
2099	1	9	2.45	0	0:00:06.365016
2100	2	9	0.566	0	0:00:06.366825
2101	6	9	1.66	0	0:00:06.372763
2102	0	9	2.37	0	0:00:06.359907
2103	1	0	0.0434	0	0:00:06.359292
2104	6	9	1.32	0	0:00:06.366271
2105	6	9	0.65	0	0:00:06.360441
2106	5	0	0.0976	0	0:00:06.357669
2107	3	9	0.803	0	0:00:06.363348
2108	4	9	0.974	0	0:00:06.367423
2109	0	9	1.43	0	0:00:06.363397
2110	0	9	1.67	0	0:00:06.362868
2111	9	9	1.37	1	0:00:06.358516
2112	1	9	1.98	0	0:00:06.365227
2113	0	9	1.6	0	0:00:06.357593
2114	2	9	0.866	0	0:00:06.363883
2115	5	9	1.25	0	0:00:06.360835
2116	9	9	1.65	1	0:00:06.362660
2117	7	9	0.459	0	0:00:06.356255
2118	8	9	1.7	0	0:00:06.367832
2119	6	9	1.25	0	0:00:06.368403
2120	4	9	2.21	0	0:00:06.365330
2121	6	9	1.02	0	0:00:06.364703
2122	0	9	0.465	0	0:00:06.362788
2123	2	9	1.03	0	0:00:06.366114
2124	0	9	1.47	0	0:00:06.361449
2125	1	9	0.402	0	0:00:06.362831
2126	9	9	1.05	1	0:00:06.363399
2127	2	9	0.221	0	0:00:06.364999
2128	4	9	1.03	0	0:00:06.363292
2129	9	9	1.91	1	0:00:06.365144
2130	0	9	0.407	0	0:00:06.360177
2131	7	9	0.781	0	0:00:06.364025
2132	2	9	1.16	0	0:00:06.371409
2133	3	9	1.37	0	0:00:06.367146
2134	4	9	0.321	0	0:00:06.365374
2135	8	9	3.13	0	0:00:06.368765
2136	0	9	0.991	0	0:00:06.371475
2137	2	9	1.57	0	0:00:06.369026
2138	6	9	0.441	0	0:00:06.367195
2139	8	9	2.56	0	0:00:06.361687
2140	9	9	1.77	1	0:00:06.358557
2141	7	9	0.413	0	0:00:06.363737
2142	1	9	0.854	0	0:00:06.365393
2143	9	9	0.45	1	0:00:06.362388
2144	3	9	0.679	0	0:00:06.360642
2145	7	9	0.439	0	0:00:06.365590
2146	2	9	0.899	0	0:00:06.364939
2147	7	7	0.152	1	0:00:06.364222
2148	9	9	1.44	1	0:00:06.367218
2149	6	9	2.27	0	0:00:06.360909
2150	9	9	1.49	1	0:00:06.361510
2151	5	9	2.42	0	0:00:06.362607
2152	7	9	1.82	0	0:00:06.360285
2153	8	9	2.77	0	0:00:06.363116
2154	5	9	1.87	0	0:00:06.359879
2155	9	9	2.37	1	0:00:06.361442
2156	8	9	1.32	0	0:00:06.361465
2157	3	9	1.48	0	0:00:06.359042
2158	9	-1	0.0	0	0:00:06.362810
2159	8	9	2.18	0	0:00:06.359009
2160	0	9	2.49	0	0:00:06.361118
2161	5	9	0.649	0	0:00:06.368331
2162	5	9	3.13	0	0:00:06.359820
2163	7	-1	0.0	0	0:00:06.353283
2164	1	9	1.62	0	0:00:06.366382
2165	2	9	0.596	0	0:00:06.360288
2166	0	9	1.25	0	0:00:06.362002
2167	7	9	0.652	0	0:00:06.360829
2168	5	9	1.26	0	0:00:06.364135
2169	8	9	2.01	0	0:00:06.364495
2170	2	9	1.34	0	0:00:06.359078
2171	2	9	0.899	0	0:00:06.364452
2172	5	9	0.605	0	0:00:06.366440
2173	3	7	0.403	0	0:00:06.367056
2174	9	9	2.31	1	0:00:06.360589
2175	3	9	0.592	0	0:00:06.364949
2176	1	9	2.61	0	0:00:06.361228
2177	9	9	0.9	1	0:00:06.360645
2178	3	0	0.118	0	0:00:06.361480
2179	1	9	2.2	0	0:00:06.359759
2180	4	9	0.437	0	0:00:06.364749
2181	3	9	0.202	0	0:00:06.363183
2182	4	9	1.72	0	0:00:06.366300
2183	4	9	1.31	0	0:00:06.360571
2184	9	9	0.394	1	0:00:06.367425
2185	0	9	1.98	0	0:00:06.364636
2186	9	9	1.17	1	0:00:06.363702
2187	5	-1	0.0	0	0:00:06.366608
2188	9	9	2.43	1	0:00:06.361364
2189	2	9	0.458	0	0:00:06.365708
2190	9	9	2.07	1	0:00:06.361231
2191	4	9	0.11	0	0:00:06.369426
2192	0	9	1.65	0	0:00:06.364187
2193	2	9	1.59	0	0:00:06.372995
2194	8	9	2.13	0	0:00:06.363189
2195	4	9	0.228	0	0:00:06.370789
2196	8	9	0.293	0	0:00:06.362864
2197	6	9	1.3	0	0:00:06.361241
2198	8	9	2.32	0	0:00:06.373326
2199	2	9	2.01	0	0:00:06.364362
2200	0	9	2.16	0	0:00:06.365765
2201	5	9	1.22	0	0:00:06.367874
2202	9	9	2.17	1	0:00:06.369653
2203	6	9	0.509	0	0:00:06.372893
2204	9	9	0.723	1	0:00:06.365362
2205	5	9	0.45	0	0:00:06.369753
2206	1	9	2.39	0	0:00:06.358963
2207	3	9	0.466	0	0:00:06.367429
2208	4	9	1.88	0	0:00:06.362509
2209	4	9	0.728	0	0:00:06.366942
2210	2	9	1.69	0	0:00:06.363154
2211	7	9	1.01	0	0:00:06.361441
2212	2	9	1.57	0	0:00:06.358325
2213	4	9	1.45	0	0:00:06.368062
2214	4	9	0.545	0	0:00:06.358139
2215	0	9	0.72	0	0:00:06.360142
2216	2	9	0.0289	0	0:00:06.363572
2217	8	9	2.23	0	0:00:06.363015
2218	4	9	1.01	0	0:00:06.361187
2219	5	9	1.47	0	0:00:06.361758
2220	1	9	1.46	0	0:00:06.365960
2221	2	9	1.91	0	0:00:06.363375
2222	6	9	0.0292	0	0:00:06.361999
2223	8	9	0.976	0	0:00:06.365888
2224	1	9	0.881	0	0:00:06.364323
2225	7	9	0.0499	0	0:00:06.363265
2226	2	9	1.29	0	0:00:06.364155
2227	8	9	2.13	0	0:00:06.360206
2228	7	-1	0.0	0	0:00:06.365128
2229	4	9	1.08	0	0:00:06.369559
2230	3	9	1.02	0	0:00:06.362648
2231	3	7	0.281	0	0:00:06.365932
2232	0	9	1.64	0	0:00:06.362725
2233	3	7	0.201	0	0:00:06.366241
2234	7	9	0.0828	0	0:00:06.364821
2235	2	9	1.12	0	0:00:06.367159
2236	5	9	1.37	0	0:00:06.368105
2237	6	9	0.891	0	0:00:06.370334
2238	1	9	1.67	0	0:00:06.365021
2239	7	9	1.15	0	0:00:06.367266
2240	9	9	2.1	1	0:00:06.368495
2241	0	9	0.572	0	0:00:06.364532
2242	2	9	1.26	0	0:00:06.365171
2243	3	9	1.01	0	0:00:06.365286
2244	9	9	1.63	1	0:00:06.365961
2245	8	9	2.04	0	0:00:06.369830
2246	9	9	1.24	1	0:00:06.363008
2247	5	9	2.16	0	0:00:06.363440
2248	0	9	2.01	0	0:00:06.359543
2249	0	9	2.02	0	0:00:06.362827
2250	7	9	0.235	0	0:00:06.364785
2251	6	9	1.78	0	0:00:06.361651
2252	3	9	1.35	0	0:00:06.360336
2253	3	9	1.44	0	0:00:06.362337
2254	8	9	1.35	0	0:00:06.361839
2255	1	9	2.64	0	0:00:06.362957
2256	4	7	0.0837	0	0:00:06.364022
2257	0	9	2.33	0	0:00:06.361471
2258	1	0	0.692	0	0:00:06.361132
2259	5	7	0.162	0	0:00:06.358748
2260	4	9	0.688	0	0:00:06.360746
2261	3	9	1.29	0	0:00:06.361005
2262	2	9	0.874	0	0:00:06.361307
2263	6	9	1.1	0	0:00:06.362222
2264	0	9	2.15	0	0:00:06.359146
2265	8	9	2.51	0	0:00:06.357202
2266	8	9	2.9	0	0:00:06.362037
2267	6	9	1.62	0	0:00:06.362326
2268	3	9	1.29	0	0:00:06.360989
2269	3	9	0.883	0	0:00:06.367496
2270	2	9	0.853	0	0:00:06.358731
2271	9	9	2.86	1	0:00:06.360015
2272	7	9	0.221	0	0:00:06.358036
2273	5	9	0.524	0	0:00:06.364831
2274	1	9	2.35	0	0:00:06.360210
2275	6	9	1.59	0	0:00:06.366093
2276	0	9	1.61	0	0:00:06.369256
2277	5	9	0.568	0	0:00:06.365220
2278	9	9	2.06	1	0:00:06.366129
2279	9	9	2.22	1	0:00:06.362461
2280	4	9	1.54	0	0:00:06.361874
2281	5	9	1.58	0	0:00:06.364636
2282	9	9	1.55	1	0:00:06.360327
2283	4	9	0.62	0	0:00:06.358494
2284	8	9	1.48	0	0:00:06.360799
2285	3	9	0.338	0	0:00:06.366636
2286	3	9	0.906	0	0:00:06.363406
2287	2	-1	0.0	0	0:00:06.359267
2288	5	9	0.978	0	0:00:06.359431
2289	1	9	0.859	0	0:00:06.363109
2290	9	9	2.35	1	0:00:06.364651
2291	5	9	0.934	0	0:00:06.368163
2292	5	9	0.75	0	0:00:06.367870
2293	8	9	2.08	0	0:00:06.361324
2294	1	9	1.02	0	0:00:06.367016
2295	8	9	2.02	0	0:00:06.362100
2296	9	9	1.09	1	0:00:06.364256
2297	7	9	0.0581	0	0:00:06.365758
2298	0	9	1.7	0	0:00:06.362299
2299	6	9	0.214	0	0:00:06.365331
2300	3	9	1.17	0	0:00:06.368913
2301	2	9	0.679	0	0:00:06.365751
2302	0	9	0.606	0	0:00:06.361169
2303	2	9	1.68	0	0:00:06.362788
2304	6	9	1.27	0	0:00:06.360869
2305	9	9	0.724	1	0:00:06.364943
2306	3	9	0.933	0	0:00:06.363826
2307	9	9	0.418	1	0:00:06.365286
2308	1	9	2.8	0	0:00:06.368725
2309	6	9	1.41	0	0:00:06.368508
2310	6	9	1.7	0	0:00:06.365289
2311	7	9	1.45	0	0:00:06.367211
2312	2	9	1.22	0	0:00:06.365071
2313	6	9	1.8	0	0:00:06.359809
2314	3	9	0.214	0	0:00:06.361652
2315	2	9	1.72	0	0:00:06.361217
2316	5	9	0.711	0	0:00:06.363093
2317	5	9	1.73	0	0:00:06.359845
2318	2	9	1.48	0	0:00:06.361750
2319	7	9	1.97	0	0:00:06.364036
2320	5	9	1.86	0	0:00:06.364597
2321	2	9	2.05	0	0:00:06.362599
2322	0	9	1.25	0	0:00:06.362349
2323	8	9	2.07	0	0:00:06.365870
2324	0	9	1.59	0	0:00:06.364901
2325	7	9	1.86	0	0:00:06.363153
2326	7	7	0.247	1	0:00:06.362754
2327	1	9	2.19	0	0:00:06.359949
2328	7	7	0.0547	1	0:00:06.367287
2329	4	9	0.627	0	0:00:06.361398
2330	0	9	2.43	0	0:00:06.366154
2331	2	9	0.7	0	0:00:06.363327
2332	2	9	1.12	0	0:00:06.360877
2333	6	9	1.81	0	0:00:06.357448
