idx	label	predict	radius	correct	time
0	3	5	0.0602	0	0:00:10.867530
1	8	8	0.782	1	0:00:10.695119
2	8	8	0.648	1	0:00:10.762191
3	0	0	0.782	1	0:00:10.916398
4	6	6	0.609	1	0:00:11.088856
5	6	3	0.0762	0	0:00:11.360165
6	1	9	0.542	0	0:00:11.204908
7	6	2	0.3	0	0:00:11.223862
8	3	2	0.0743	0	0:00:11.320697
9	1	9	0.577	0	0:00:11.301859
10	0	0	0.213	1	0:00:11.181552
11	9	9	0.782	1	0:00:11.292883
12	5	3	0.0991	0	0:00:11.332437
13	7	7	0.107	1	0:00:11.328816
14	9	9	0.782	1	0:00:11.200379
15	8	0	0.119	0	0:00:11.222290
16	5	5	0.736	1	0:00:11.315766
17	7	7	0.535	1	0:00:11.317168
18	8	8	0.617	1	0:00:11.101895
19	6	6	0.574	1	0:00:11.225999
20	7	7	0.609	1	0:00:11.354806
21	0	4	0.0719	0	0:00:11.292709
22	4	4	0.428	1	0:00:11.183092
23	9	9	0.633	1	0:00:11.268273
24	5	4	0.395	0	0:00:11.345699
25	2	3	0.181	0	0:00:11.225992
26	4	5	0.164	0	0:00:11.273045
27	0	4	0.632	0	0:00:11.315018
28	9	9	0.782	1	0:00:11.061419
29	6	2	0.073	0	0:00:11.510486
30	6	5	0.335	0	0:00:11.290552
31	5	4	0.207	0	0:00:11.233748
32	4	4	0.35	1	0:00:11.246400
33	5	5	0.782	1	0:00:11.303632
34	9	9	0.782	1	0:00:11.260349
35	2	5	0.264	0	0:00:11.108245
36	4	4	0.00364	1	0:00:11.071887
37	1	1	0.207	1	0:00:11.564512
38	9	9	0.782	1	0:00:11.299540
39	5	9	0.101	0	0:00:11.171165
40	4	4	0.0676	1	0:00:11.295087
41	6	3	0.0368	0	0:00:11.318116
42	5	5	0.782	1	0:00:11.219991
43	6	6	0.521	1	0:00:11.267004
44	0	0	0.0615	1	0:00:11.243437
45	9	9	0.782	1	0:00:11.150894
46	3	5	0.494	0	0:00:11.337779
47	9	9	0.234	1	0:00:11.249939
48	7	5	0.0788	0	0:00:11.197361
49	6	2	0.215	0	0:00:11.075781
50	9	5	0.318	0	0:00:11.411014
51	8	0	0.309	0	0:00:11.246682
52	0	4	0.438	0	0:00:11.202586
53	3	5	0.511	0	0:00:11.253052
54	8	8	0.782	1	0:00:11.215893
55	8	8	0.119	1	0:00:11.216203
56	7	5	0.393	0	0:00:11.216427
57	7	5	0.105	0	0:00:11.168263
58	4	4	0.2	1	0:00:11.280887
59	6	3	0.178	0	0:00:11.223708
60	7	7	0.782	1	0:00:11.232063
61	3	5	0.602	0	0:00:11.234346
62	6	6	0.0352	1	0:00:11.241118
63	3	9	0.463	0	0:00:11.188066
64	6	3	0.0695	0	0:00:11.279079
65	2	2	0.357	1	0:00:11.055645
66	1	-1	0.0	0	0:00:11.380254
67	2	4	0.485	0	0:00:11.213332
68	3	5	0.736	0	0:00:11.216838
69	7	9	0.154	0	0:00:11.215281
70	2	4	0.467	0	0:00:10.995334
71	6	6	0.1	1	0:00:11.413872
72	8	0	0.213	0	0:00:11.248850
73	8	8	0.753	1	0:00:11.151203
74	0	4	0.16	0	0:00:11.220097
75	2	3	0.102	0	0:00:11.223693
76	9	9	0.199	1	0:00:11.269120
77	3	5	0.447	0	0:00:11.200758
78	3	5	0.782	0	0:00:11.231984
79	8	8	0.0945	1	0:00:11.191884
80	8	8	0.57	1	0:00:11.165596
81	1	1	0.593	1	0:00:11.186559
82	1	1	0.715	1	0:00:11.113886
83	7	7	0.345	1	0:00:11.279612
84	2	5	0.393	0	0:00:11.199555
85	5	7	0.61	0	0:00:11.192892
86	2	3	0.0475	0	0:00:11.238171
87	7	-1	0.0	0	0:00:11.227627
88	8	9	0.113	0	0:00:11.090516
89	9	9	0.148	1	0:00:11.329293
90	0	1	0.13	0	0:00:11.185601
91	3	4	0.0925	0	0:00:11.228444
92	8	8	0.458	1	0:00:11.202823
93	6	6	0.189	1	0:00:11.177396
94	4	4	0.407	1	0:00:11.196934
95	6	3	0.0328	0	0:00:11.308410
96	6	6	0.782	1	0:00:11.202222
97	0	0	0.395	1	0:00:11.167996
98	0	0	0.0497	1	0:00:11.271554
99	7	7	0.782	1	0:00:11.163766
100	4	4	0.317	1	0:00:11.262849
101	5	9	0.225	0	0:00:11.214911
102	6	5	0.317	0	0:00:11.103256
103	3	5	0.782	0	0:00:11.280302
104	1	1	0.782	1	0:00:11.203115
105	1	1	0.782	1	0:00:11.256346
106	3	3	0.511	1	0:00:11.200275
107	6	6	0.313	1	0:00:11.162904
108	8	8	0.41	1	0:00:11.202291
109	7	5	0.595	0	0:00:11.289077
110	4	4	0.318	1	0:00:11.186409
111	0	0	0.556	1	0:00:11.159315
112	6	-1	0.0	0	0:00:11.220062
113	2	4	0.753	0	0:00:11.191124
114	1	1	0.782	1	0:00:11.235376
115	3	3	0.214	1	0:00:11.118933
116	0	0	0.18	1	0:00:11.300893
117	4	4	0.215	1	0:00:11.248833
118	2	3	0.307	0	0:00:11.170583
119	7	5	0.574	0	0:00:11.279719
120	8	8	0.73	1	0:00:11.193160
121	3	4	0.0214	0	0:00:11.193426
122	1	1	0.782	1	0:00:11.248452
123	2	5	0.0805	0	0:00:11.216956
124	8	8	0.358	1	0:00:11.214188
125	0	4	0.44	0	0:00:11.253546
126	8	0	0.0781	0	0:00:11.155327
127	3	5	0.624	0	0:00:11.107291
128	5	5	0.659	1	0:00:11.245716
129	2	4	0.101	0	0:00:11.181125
130	4	4	0.764	1	0:00:11.259976
131	1	1	0.0984	1	0:00:11.193245
132	8	9	0.587	0	0:00:11.119424
133	9	1	0.232	0	0:00:11.246393
134	1	1	0.362	1	0:00:11.273452
135	2	5	0.284	0	0:00:11.185600
136	9	9	0.644	1	0:00:11.192209
137	7	7	0.272	1	0:00:11.179468
138	2	4	0.29	0	0:00:11.196292
139	9	8	0.667	0	0:00:11.070317
140	6	6	0.221	1	0:00:11.251249
141	5	5	0.782	1	0:00:11.264192
142	6	6	0.241	1	0:00:11.210084
143	3	5	0.0883	0	0:00:11.228557
144	8	8	0.675	1	0:00:11.148812
145	7	7	0.039	1	0:00:11.216253
146	6	5	0.0835	0	0:00:11.199208
147	2	5	0.322	0	0:00:11.220731
148	5	5	0.284	1	0:00:11.137949
149	2	4	0.255	0	0:00:11.151017
150	8	-1	0.0	0	0:00:11.333377
151	9	9	0.782	1	0:00:10.955235
152	6	-1	0.0	0	0:00:11.396608
153	0	4	0.0438	0	0:00:11.245914
154	0	0	0.0656	1	0:00:11.164600
155	5	3	0.0827	0	0:00:11.148878
156	2	2	0.116	1	0:00:11.276575
157	9	9	0.782	1	0:00:11.224526
158	5	4	0.393	0	0:00:11.179305
159	4	4	0.323	1	0:00:11.229997
160	2	4	0.782	0	0:00:11.237764
161	1	1	0.533	1	0:00:11.180111
162	6	5	0.251	0	0:00:11.139035
163	6	6	0.664	1	0:00:11.272209
164	8	8	0.0697	1	0:00:11.258634
165	4	4	0.0521	1	0:00:11.126838
166	8	8	0.782	1	0:00:11.245810
167	4	2	0.0384	0	0:00:11.224599
168	5	9	0.0651	0	0:00:11.203801
169	0	0	0.349	1	0:00:11.200515
170	9	9	0.59	1	0:00:11.267613
171	9	7	0.479	0	0:00:11.201559
172	9	-1	0.0	0	0:00:11.254801
173	8	0	0.216	0	0:00:11.281684
174	9	9	0.782	1	0:00:11.230569
175	9	9	0.782	1	0:00:11.195066
176	3	2	0.12	0	0:00:11.234314
177	7	7	0.486	1	0:00:11.223783
178	5	5	0.525	1	0:00:11.284256
179	0	0	0.441	1	0:00:11.218126
180	0	4	0.711	0	0:00:11.253167
181	5	5	0.348	1	0:00:11.136301
182	2	6	0.533	0	0:00:11.311461
183	2	4	0.782	0	0:00:11.247481
184	3	4	0.282	0	0:00:11.255710
185	8	8	0.782	1	0:00:11.166467
186	6	3	0.0744	0	0:00:11.259716
187	3	5	0.359	0	0:00:11.136019
188	4	5	0.782	0	0:00:11.217869
189	0	8	0.278	0	0:00:11.280689
190	5	4	0.49	0	0:00:11.217798
191	8	9	0.238	0	0:00:11.205959
192	0	4	0.347	0	0:00:11.251592
193	1	1	0.644	1	0:00:11.234067
194	7	5	0.167	0	0:00:11.208297
195	2	4	0.581	0	0:00:11.239730
196	8	8	0.496	1	0:00:11.211902
197	8	8	0.281	1	0:00:11.172617
198	7	5	0.213	0	0:00:11.201718
199	8	8	0.269	1	0:00:11.255107
200	5	5	0.753	1	0:00:11.239360
201	1	8	0.137	0	0:00:11.235814
202	8	-1	0.0	0	0:00:11.192392
203	7	7	0.753	1	0:00:11.176429
204	1	1	0.704	1	0:00:11.284962
205	3	2	0.0219	0	0:00:11.202977
206	0	8	0.127	0	0:00:11.218525
207	5	4	0.14	0	0:00:11.270453
208	7	7	0.782	1	0:00:11.164411
209	9	9	0.278	1	0:00:11.294232
210	7	5	0.363	0	0:00:11.202127
211	4	9	0.411	0	0:00:11.266506
212	5	5	0.782	1	0:00:11.164072
213	9	9	0.13	1	0:00:11.248649
214	8	0	0.245	0	0:00:10.991487
215	0	0	0.508	1	0:00:11.376724
216	7	7	0.782	1	0:00:11.291332
217	9	9	0.782	1	0:00:11.082290
218	8	4	0.26	0	0:00:11.294407
219	2	4	0.156	0	0:00:11.125690
220	7	7	0.782	1	0:00:11.235618
221	6	5	0.0631	0	0:00:11.258314
222	9	9	0.782	1	0:00:11.191340
223	4	4	0.135	1	0:00:11.222743
224	3	5	0.183	0	0:00:11.210889
225	9	9	0.344	1	0:00:11.234033
226	6	-1	0.0	0	0:00:11.206721
227	4	-1	0.0	0	0:00:11.214763
228	7	5	0.469	0	0:00:11.180548
229	6	5	0.514	0	0:00:11.267961
230	5	5	0.753	1	0:00:11.230716
231	1	1	0.594	1	0:00:11.212108
232	5	5	0.782	1	0:00:11.183045
233	8	1	0.145	0	0:00:11.250098
234	8	8	0.675	1	0:00:11.234505
235	0	0	0.782	1	0:00:11.175456
236	4	4	0.402	1	0:00:11.148294
237	0	-1	0.0	0	0:00:11.321156
238	5	-1	0.0	0	0:00:11.182733
239	5	4	0.372	0	0:00:11.245312
240	1	1	0.782	1	0:00:11.170007
241	1	1	0.0417	1	0:00:11.313659
242	8	4	0.163	0	0:00:11.179039
243	9	9	0.782	1	0:00:11.180392
244	0	0	0.0239	1	0:00:11.268386
245	3	3	0.345	1	0:00:11.195922
246	1	1	0.782	1	0:00:11.258777
247	9	8	0.311	0	0:00:11.201077
248	2	4	0.597	0	0:00:11.310535
249	2	4	0.683	0	0:00:11.117844
250	5	5	0.324	1	0:00:11.295278
251	3	5	0.782	0	0:00:11.279516
252	9	9	0.782	1	0:00:11.214309
253	9	1	0.208	0	0:00:11.291965
254	4	2	0.474	0	0:00:11.198532
255	0	4	0.0137	0	0:00:11.132497
256	3	3	0.0279	1	0:00:11.308084
257	0	0	0.782	1	0:00:11.204591
258	0	0	0.139	1	0:00:11.201725
259	9	9	0.693	1	0:00:11.206402
260	8	8	0.287	1	0:00:11.206609
261	1	9	0.314	0	0:00:11.217362
262	5	3	0.346	0	0:00:11.246639
263	7	5	0.34	0	0:00:11.241059
264	0	0	0.0327	1	0:00:11.206141
265	8	8	0.782	1	0:00:11.210013
266	2	3	0.0411	0	0:00:11.273378
267	4	4	0.525	1	0:00:11.251230
268	7	7	0.211	1	0:00:11.188700
269	0	4	0.45	0	0:00:11.218506
270	2	4	0.402	0	0:00:11.244271
271	3	5	0.0253	0	0:00:11.193979
272	6	6	0.0607	1	0:00:11.279481
273	3	5	0.279	0	0:00:11.170182
274	8	8	0.0459	1	0:00:11.247122
275	5	5	0.22	1	0:00:11.287171
276	0	9	0.271	0	0:00:11.166560
277	3	4	0.264	0	0:00:11.215177
278	4	5	0.139	0	0:00:11.213497
279	3	5	0.493	0	0:00:11.285070
280	9	9	0.753	1	0:00:11.206268
281	0	-1	0.0	0	0:00:11.156372
282	6	3	0.0087	0	0:00:11.332600
283	1	1	0.782	1	0:00:11.212148
284	0	9	0.327	0	0:00:11.153715
285	9	9	0.782	1	0:00:11.253055
286	1	8	0.146	0	0:00:11.324547
287	0	8	0.782	0	0:00:11.219352
288	7	7	0.764	1	0:00:11.138283
289	9	9	0.782	1	0:00:11.100703
290	1	1	0.782	1	0:00:11.334092
291	2	4	0.782	0	0:00:11.227675
292	6	6	0.351	1	0:00:11.193884
293	9	9	0.552	1	0:00:11.250563
294	3	5	0.243	0	0:00:11.240596
295	4	-1	0.0	0	0:00:11.039619
296	6	6	0.0151	1	0:00:11.274929
297	0	0	0.782	1	0:00:11.205643
298	0	0	0.782	1	0:00:11.189966
299	6	6	0.179	1	0:00:11.233338
300	6	6	0.172	1	0:00:11.079434
301	6	6	0.552	1	0:00:11.329082
302	3	5	0.0798	0	0:00:11.193622
303	2	-1	0.0	0	0:00:11.259569
304	6	4	0.0488	0	0:00:11.098647
305	1	1	0.0298	1	0:00:11.206262
306	8	9	0.434	0	0:00:11.267701
307	2	4	0.73	0	0:00:11.302452
308	1	1	0.782	1	0:00:11.212431
309	6	4	0.685	0	0:00:11.195081
310	8	8	0.444	1	0:00:11.253202
311	6	6	0.782	1	0:00:11.200265
312	8	0	0.376	0	0:00:11.079266
313	0	4	0.736	0	0:00:11.314659
314	4	5	0.764	0	0:00:11.250190
315	0	0	0.132	1	0:00:11.180047
316	7	5	0.782	0	0:00:11.152486
317	7	5	0.0577	0	0:00:11.279478
318	5	5	0.556	1	0:00:11.082272
319	5	5	0.168	1	0:00:11.279433
320	3	5	0.174	0	0:00:11.244552
321	5	5	0.0327	1	0:00:11.154979
322	2	3	0.292	0	0:00:11.240458
323	3	2	0.332	0	0:00:11.205113
324	4	5	0.177	0	0:00:11.210550
325	1	1	0.328	1	0:00:11.189558
326	7	4	0.605	0	0:00:11.258824
327	5	5	0.65	1	0:00:11.214741
328	4	-1	0.0	0	0:00:11.218009
329	6	-1	0.0	0	0:00:11.094085
330	1	1	0.782	1	0:00:11.332002
331	9	9	0.782	1	0:00:11.216828
332	3	2	0.00508	0	0:00:11.209214
333	6	6	0.646	1	0:00:11.133590
334	6	6	0.485	1	0:00:11.291116
335	9	9	0.715	1	0:00:11.259204
336	3	3	0.0892	1	0:00:11.207631
337	8	8	0.643	1	0:00:11.178158
338	0	4	0.251	0	0:00:11.201245
339	7	9	0.371	0	0:00:11.067258
340	2	4	0.0579	0	0:00:11.035008
341	6	5	0.0253	0	0:00:11.433516
342	2	4	0.449	0	0:00:11.108892
343	5	5	0.135	1	0:00:11.259249
344	8	8	0.189	1	0:00:11.193997
345	5	5	0.782	1	0:00:11.170084
346	4	7	0.113	0	0:00:11.136788
347	6	3	0.0474	0	0:00:11.143132
348	8	8	0.782	1	0:00:11.055224
349	9	9	0.57	1	0:00:11.310260
350	9	9	0.262	1	0:00:11.127685
351	1	1	0.782	1	0:00:11.182393
352	0	8	0.308	0	0:00:11.093829
353	2	4	0.782	0	0:00:11.285145
354	2	4	0.1	0	0:00:11.178340
355	7	5	0.561	0	0:00:11.157802
356	3	4	0.782	0	0:00:11.167311
357	2	5	0.0683	0	0:00:11.124616
358	8	8	0.167	1	0:00:11.243466
359	0	0	0.261	1	0:00:11.146504
360	9	9	0.73	1	0:00:11.209006
361	5	5	0.782	1	0:00:11.212389
362	8	8	0.782	1	0:00:11.175646
363	1	8	0.274	0	0:00:11.204729
364	9	1	0.446	0	0:00:11.222198
365	4	4	0.393	1	0:00:11.096799
366	1	1	0.353	1	0:00:11.319125
367	3	1	0.0391	0	0:00:11.211604
368	8	4	0.398	0	0:00:11.256672
369	1	1	0.346	1	0:00:11.086512
370	4	2	0.249	0	0:00:11.135184
371	7	7	0.782	1	0:00:11.373821
372	9	9	0.782	1	0:00:11.141099
373	4	4	0.782	1	0:00:11.215654
374	2	2	0.106	1	0:00:11.156016
375	7	-1	0.0	0	0:00:11.213983
376	0	9	0.113	0	0:00:11.193863
377	7	4	0.0924	0	0:00:11.202698
378	0	4	0.336	0	0:00:11.223725
379	6	6	0.782	1	0:00:11.107277
380	6	6	0.501	1	0:00:11.365718
381	9	9	0.782	1	0:00:11.155192
382	0	0	0.782	1	0:00:11.144221
383	9	8	0.237	0	0:00:11.334141
384	2	4	0.169	0	0:00:11.187403
385	8	0	0.744	0	0:00:11.154659
386	7	7	0.483	1	0:00:11.304623
387	2	5	0.229	0	0:00:11.180542
388	2	5	0.782	0	0:00:11.204053
389	5	5	0.364	1	0:00:11.236244
390	1	1	0.782	1	0:00:11.252858
391	2	4	0.474	0	0:00:11.118456
392	6	6	0.685	1	0:00:11.241780
393	2	5	0.69	0	0:00:11.198476
394	9	9	0.69	1	0:00:11.268126
395	6	6	0.111	1	0:00:11.207046
396	2	4	0.265	0	0:00:11.214287
397	3	5	0.363	0	0:00:11.214286
398	0	8	0.652	0	0:00:11.255936
399	3	1	0.405	0	0:00:11.211195
400	9	9	0.782	1	0:00:11.240978
401	8	1	0.323	0	0:00:11.187988
402	7	7	0.2	1	0:00:11.258253
403	8	8	0.478	1	0:00:11.192544
404	8	8	0.397	1	0:00:11.328792
405	4	2	0.0221	0	0:00:11.290729
406	0	0	0.782	1	0:00:11.209188
407	1	1	0.294	1	0:00:11.221945
408	8	8	0.212	1	0:00:11.258808
409	2	4	0.0708	0	0:00:11.081304
410	7	0	0.252	0	0:00:11.376026
411	9	8	0.485	0	0:00:11.111931
412	3	5	0.297	0	0:00:11.340848
413	6	6	0.753	1	0:00:11.212610
414	1	1	0.274	1	0:00:11.207788
415	9	9	0.782	1	0:00:11.252593
416	0	4	0.683	0	0:00:11.237473
417	7	5	0.291	0	0:00:11.220961
418	3	5	0.37	0	0:00:11.300990
419	7	4	0.0607	0	0:00:11.244008
420	4	3	0.033	0	0:00:11.224250
421	5	5	0.492	1	0:00:11.253079
422	0	0	0.178	1	0:00:11.267052
423	0	0	0.085	1	0:00:11.252353
424	2	4	0.782	0	0:00:11.215346
425	9	9	0.782	1	0:00:11.203819
426	3	5	0.594	0	0:00:11.243358
427	4	5	0.0308	0	0:00:11.318777
428	0	-1	0.0	0	0:00:11.210546
429	6	6	0.67	1	0:00:11.208412
430	2	5	0.382	0	0:00:11.252474
431	5	5	0.349	1	0:00:11.188074
432	3	-1	0.0	0	0:00:11.246408
433	7	5	0.599	0	0:00:11.222770
434	3	9	0.41	0	0:00:11.189795
435	7	7	0.0231	1	0:00:11.248845
436	2	5	0.11	0	0:00:11.224370
437	5	2	0.0488	0	0:00:11.183693
438	3	5	0.782	0	0:00:11.347758
439	1	9	0.627	0	0:00:11.202188
440	1	1	0.373	1	0:00:11.197507
441	4	4	0.617	1	0:00:11.258725
442	9	9	0.782	1	0:00:11.160240
443	9	9	0.72	1	0:00:11.294523
444	5	-1	0.0	0	0:00:11.221010
445	7	5	0.0692	0	0:00:11.228817
446	5	4	0.367	0	0:00:11.200639
447	0	0	0.453	1	0:00:11.250146
448	2	4	0.601	0	0:00:11.221418
449	2	4	0.782	0	0:00:11.198166
450	2	4	0.0566	0	0:00:11.333096
451	9	1	0.481	0	0:00:11.194362
452	7	7	0.463	1	0:00:11.224827
453	3	-1	0.0	0	0:00:11.276868
454	9	9	0.144	1	0:00:11.202452
455	4	5	0.0425	0	0:00:11.186772
456	3	2	0.32	0	0:00:11.234927
457	5	5	0.0175	1	0:00:11.262339
458	4	6	0.237	0	0:00:11.268242
459	6	9	0.0241	0	0:00:11.276903
460	5	5	0.744	1	0:00:11.226699
461	6	6	0.111	1	0:00:11.258394
462	1	1	0.449	1	0:00:11.141387
463	4	-1	0.0	0	0:00:11.305088
464	3	5	0.399	0	0:00:11.102042
465	4	4	0.0729	1	0:00:11.412992
466	4	5	0.21	0	0:00:11.179908
467	3	5	0.36	0	0:00:11.153828
468	7	7	0.73	1	0:00:11.285549
469	8	8	0.782	1	0:00:11.168003
470	3	3	0.00456	1	0:00:11.281157
471	7	7	0.172	1	0:00:11.226171
472	8	8	0.708	1	0:00:11.218221
473	0	4	0.0933	0	0:00:11.241793
474	5	5	0.782	1	0:00:11.211887
475	7	7	0.782	1	0:00:11.195892
476	6	2	0.024	0	0:00:11.289932
477	0	8	0.421	0	0:00:10.969952
478	5	5	0.119	1	0:00:11.480982
479	4	4	0.179	1	0:00:11.213972
480	8	9	0.329	0	0:00:11.217959
481	6	6	0.782	1	0:00:11.130973
482	8	0	0.346	0	0:00:11.247226
483	5	5	0.152	1	0:00:11.291850
484	5	9	0.101	0	0:00:11.180558
485	9	0	0.264	0	0:00:11.298014
486	9	9	0.395	1	0:00:11.173621
487	9	9	0.782	1	0:00:11.224545
488	5	4	0.194	0	0:00:11.204043
489	0	0	0.472	1	0:00:11.179995
490	1	1	0.782	1	0:00:11.274865
491	0	4	0.612	0	0:00:11.195784
492	8	0	0.566	0	0:00:11.201082
493	1	1	0.403	1	0:00:11.252548
494	1	8	0.161	0	0:00:11.214189
495	8	8	0.701	1	0:00:11.189946
496	0	0	0.782	1	0:00:11.143283
497	2	4	0.753	0	0:00:11.122381
498	2	4	0.782	0	0:00:11.397040
499	0	0	0.126	1	0:00:11.193914
500	4	5	0.0679	0	0:00:11.213760
501	6	6	0.202	1	0:00:11.209004
502	5	5	0.152	1	0:00:11.176342
503	4	4	0.102	1	0:00:11.299531
504	9	9	0.453	1	0:00:11.136091
505	4	4	0.652	1	0:00:11.043701
506	7	7	0.474	1	0:00:11.346335
507	9	9	0.658	1	0:00:11.183059
508	9	5	0.275	0	0:00:11.173741
509	4	4	0.596	1	0:00:11.173745
510	5	5	0.492	1	0:00:11.150889
511	6	6	0.782	1	0:00:11.149661
512	6	6	0.764	1	0:00:11.030360
513	1	1	0.302	1	0:00:11.386126
514	5	5	0.782	1	0:00:11.199713
515	3	5	0.158	0	0:00:11.158444
516	8	8	0.285	1	0:00:11.211083
517	9	9	0.725	1	0:00:11.211749
518	5	5	0.172	1	0:00:11.196667
519	8	1	0.246	0	0:00:11.133194
520	5	5	0.782	1	0:00:11.222652
521	7	7	0.782	1	0:00:11.111010
522	0	8	0.101	0	0:00:11.249753
523	7	7	0.688	1	0:00:11.221507
524	0	0	0.156	1	0:00:11.117073
525	5	2	0.171	0	0:00:11.285100
526	0	4	0.681	0	0:00:11.228030
527	0	0	0.782	1	0:00:11.169524
528	4	0	0.413	0	0:00:11.154000
529	6	6	0.545	1	0:00:11.256965
530	9	9	0.156	1	0:00:11.220226
531	0	-1	0.0	0	0:00:11.241559
532	9	-1	0.0	0	0:00:11.216730
533	5	5	0.782	1	0:00:11.082460
534	6	6	0.0578	1	0:00:11.293562
535	6	6	0.176	1	0:00:11.194412
536	6	6	0.64	1	0:00:11.261414
537	2	6	0.0831	0	0:00:11.242090
538	9	9	0.454	1	0:00:11.208730
539	0	8	0.0695	0	0:00:11.165689
540	1	1	0.34	1	0:00:11.245766
541	7	7	0.25	1	0:00:11.278195
542	6	6	0.147	1	0:00:11.233183
543	7	7	0.548	1	0:00:11.225420
544	5	5	0.753	1	0:00:11.172460
545	9	9	0.782	1	0:00:11.242303
546	1	1	0.685	1	0:00:11.212439
547	6	-1	0.0	0	0:00:11.260141
548	2	3	0.0244	0	0:00:11.192590
549	5	5	0.104	1	0:00:11.268854
550	5	5	0.0454	1	0:00:11.223188
551	5	3	0.231	0	0:00:11.223708
552	8	8	0.0938	1	0:00:11.196435
553	5	5	0.246	1	0:00:11.256756
554	9	9	0.369	1	0:00:11.218358
555	4	0	0.0997	0	0:00:11.222267
556	6	2	0.0191	0	0:00:11.331234
557	4	5	0.48	0	0:00:11.189345
558	3	9	0.192	0	0:00:11.192182
559	2	4	0.609	0	0:00:11.203513
560	0	0	0.547	1	0:00:11.220177
561	7	7	0.229	1	0:00:11.301543
562	6	5	0.141	0	0:00:11.228707
563	2	4	0.273	0	0:00:11.189748
564	2	2	0.303	1	0:00:11.258423
565	3	3	0.253	1	0:00:11.073348
566	9	9	0.409	1	0:00:11.329917
567	7	5	0.312	0	0:00:11.186774
568	9	9	0.289	1	0:00:11.291598
569	2	4	0.301	0	0:00:11.103322
570	6	3	0.255	0	0:00:11.227671
571	7	7	0.782	1	0:00:11.346097
572	1	9	0.0479	0	0:00:11.192244
573	3	3	0.0248	1	0:00:11.163419
574	6	5	0.432	0	0:00:11.319634
575	6	6	0.396	1	0:00:11.204020
576	8	8	0.782	1	0:00:11.020509
577	9	-1	0.0	0	0:00:11.385366
578	7	-1	0.0	0	0:00:11.130244
579	5	5	0.324	1	0:00:11.277994
580	4	4	0.00945	1	0:00:11.246933
581	0	0	0.472	1	0:00:11.152068
582	8	8	0.782	1	0:00:11.215548
583	4	4	0.343	1	0:00:11.191103
584	0	0	0.753	1	0:00:11.189225
585	9	1	0.106	0	0:00:11.174757
586	3	3	0.046	1	0:00:11.196547
587	4	4	0.628	1	0:00:11.195262
588	8	8	0.365	1	0:00:11.207930
589	9	9	0.782	1	0:00:11.239415
590	6	3	0.111	0	0:00:11.198339
591	9	9	0.764	1	0:00:11.221678
592	2	4	0.509	0	0:00:11.175501
593	6	6	0.0877	1	0:00:11.215484
594	1	1	0.442	1	0:00:11.188225
595	4	9	0.137	0	0:00:11.256905
596	7	7	0.405	1	0:00:11.206021
597	3	9	0.0808	0	0:00:11.311105
598	5	9	0.0208	0	0:00:11.241941
599	3	5	0.135	0	0:00:11.151577
600	8	8	0.33	1	0:00:11.219087
601	5	5	0.782	1	0:00:11.311269
602	0	0	0.544	1	0:00:11.215684
603	2	2	0.22	1	0:00:11.220610
604	1	1	0.782	1	0:00:11.165308
605	6	6	0.782	1	0:00:11.281052
606	4	5	0.166	0	0:00:11.187253
607	3	5	0.491	0	0:00:11.137263
608	3	5	0.308	0	0:00:11.354925
609	9	9	0.753	1	0:00:11.192315
610	6	6	0.486	1	0:00:11.242829
611	9	9	0.782	1	0:00:11.192219
612	8	1	0.294	0	0:00:11.150278
613	8	8	0.753	1	0:00:11.254313
614	5	5	0.158	1	0:00:11.191605
615	8	3	0.0188	0	0:00:11.268505
616	6	6	0.346	1	0:00:11.142306
617	6	3	0.0985	0	0:00:11.274437
618	2	4	0.209	0	0:00:11.156986
619	1	1	0.782	1	0:00:11.236954
620	7	7	0.284	1	0:00:11.166316
621	7	7	0.0797	1	0:00:11.255736
622	1	1	0.657	1	0:00:11.245263
623	2	5	0.206	0	0:00:11.189903
624	7	7	0.206	1	0:00:11.178780
625	9	9	0.276	1	0:00:11.264735
626	9	1	0.653	0	0:00:11.126776
627	4	4	0.294	1	0:00:11.258216
628	4	7	0.227	0	0:00:11.210693
629	1	1	0.401	1	0:00:11.312081
630	2	4	0.0046	0	0:00:11.193760
631	5	5	0.782	1	0:00:11.260606
632	6	5	0.0538	0	0:00:11.221992
633	8	4	0.612	0	0:00:11.212846
634	7	5	0.496	0	0:00:11.264831
635	6	6	0.0507	1	0:00:11.061129
636	8	9	0.269	0	0:00:11.300301
637	3	-1	0.0	0	0:00:11.306193
638	0	8	0.412	0	0:00:11.181373
639	5	5	0.566	1	0:00:11.235073
640	5	5	0.568	1	0:00:11.212435
641	3	3	0.0803	1	0:00:11.258009
642	0	0	0.0999	1	0:00:11.243783
643	7	7	0.681	1	0:00:11.162842
644	9	9	0.269	1	0:00:11.222749
645	1	1	0.095	1	0:00:11.308104
646	3	5	0.603	0	0:00:11.207126
647	4	4	0.782	1	0:00:11.258360
648	4	5	0.103	0	0:00:11.133143
649	5	5	0.099	1	0:00:11.303565
650	3	5	0.554	0	0:00:11.320643
651	9	9	0.725	1	0:00:11.215038
652	5	9	2.34e-05	0	0:00:11.184769
653	6	2	0.133	0	0:00:11.263664
654	9	9	0.549	1	0:00:11.136475
655	2	4	0.212	0	0:00:11.369953
656	1	1	0.229	1	0:00:11.180112
657	1	9	0.683	0	0:00:11.332454
658	4	4	0.046	1	0:00:11.186515
659	1	1	0.782	1	0:00:11.258627
660	9	9	0.782	1	0:00:11.206356
661	4	4	0.0715	1	0:00:11.208256
662	7	7	0.782	1	0:00:11.293585
663	6	6	0.305	1	0:00:11.202294
664	3	3	0.261	1	0:00:11.270118
665	8	8	0.385	1	0:00:11.195834
666	9	9	0.164	1	0:00:11.294496
667	0	8	0.485	0	0:00:11.235598
668	1	1	0.35	1	0:00:11.156875
669	3	5	0.645	0	0:00:11.283249
670	6	6	0.522	1	0:00:11.195809
671	3	9	0.0374	0	0:00:11.188649
672	6	1	0.0629	0	0:00:11.311393
673	3	5	0.46	0	0:00:11.221382
674	2	4	0.616	0	0:00:11.202352
675	0	8	0.389	0	0:00:11.334259
676	3	2	0.0524	0	0:00:11.151401
677	1	1	0.332	1	0:00:11.270743
678	0	4	0.398	0	0:00:11.186210
679	5	5	0.744	1	0:00:11.219673
680	9	9	0.295	1	0:00:11.326216
681	6	6	0.117	1	0:00:11.209157
682	4	5	0.00991	0	0:00:11.200161
683	8	8	0.237	1	0:00:11.251791
684	9	9	0.569	1	0:00:11.287733
685	6	4	0.59	0	0:00:11.236593
686	9	5	0.183	0	0:00:11.260146
687	6	5	0.33	0	0:00:11.262146
688	3	2	0.113	0	0:00:11.246252
689	0	-1	0.0	0	0:00:11.310272
690	3	5	0.193	0	0:00:11.201336
691	2	-1	0.0	0	0:00:11.241967
692	2	4	0.782	0	0:00:11.255221
693	7	7	0.764	1	0:00:11.260886
694	8	0	0.199	0	0:00:11.217399
695	3	4	0.14	0	0:00:11.276481
696	8	8	0.618	1	0:00:11.253952
697	2	2	0.085	1	0:00:11.258990
698	7	7	0.18	1	0:00:11.240210
699	5	5	0.526	1	0:00:11.231874
700	7	9	0.00608	0	0:00:11.217558
701	2	0	0.295	0	0:00:11.322948
702	4	5	0.212	0	0:00:11.194685
703	8	4	0.0394	0	0:00:11.275463
704	7	5	0.311	0	0:00:11.231024
705	4	2	0.147	0	0:00:11.342791
706	2	0	0.285	0	0:00:11.254442
707	9	9	0.598	1	0:00:11.268743
708	8	0	0.0463	0	0:00:11.106592
709	8	8	0.782	1	0:00:11.340748
710	6	-1	0.0	0	0:00:11.265248
711	8	0	0.0543	0	0:00:11.174675
712	8	8	0.409	1	0:00:11.202611
713	7	3	0.163	0	0:00:11.341471
714	4	-1	0.0	0	0:00:11.232425
715	3	5	0.291	0	0:00:11.199274
716	3	2	0.302	0	0:00:11.194597
717	8	9	0.0282	0	0:00:11.276572
718	4	-1	0.0	0	0:00:11.250331
719	9	-1	0.0	0	0:00:11.069304
720	4	9	0.255	0	0:00:11.381521
721	8	8	0.782	1	0:00:11.236630
722	8	8	0.782	1	0:00:11.214809
723	1	1	0.329	1	0:00:11.253498
724	8	8	0.782	1	0:00:11.201732
725	2	8	0.341	0	0:00:11.265224
726	1	1	0.782	1	0:00:11.204055
727	3	5	0.372	0	0:00:11.194482
728	6	-1	0.0	0	0:00:11.199104
729	5	5	0.00454	1	0:00:11.190846
730	4	9	0.0441	0	0:00:11.198749
731	2	0	0.557	0	0:00:11.068815
732	7	7	0.782	1	0:00:11.164776
733	9	9	0.071	1	0:00:11.133149
734	9	9	0.753	1	0:00:11.111557
735	4	4	0.764	1	0:00:11.057975
736	1	9	0.165	0	0:00:11.155312
737	4	4	0.782	1	0:00:11.099009
738	1	1	0.321	1	0:00:11.039291
739	3	5	0.701	0	0:00:11.074615
740	2	5	0.782	0	0:00:11.155610
741	7	7	0.782	1	0:00:11.097730
742	0	0	0.102	1	0:00:11.073143
743	7	7	0.782	1	0:00:11.078520
744	9	5	0.0638	0	0:00:11.005381
745	7	7	0.0771	1	0:00:11.058553
746	6	2	0.168	0	0:00:11.079809
747	6	6	0.0448	1	0:00:11.019840
748	2	4	0.347	0	0:00:11.077915
749	5	5	0.782	1	0:00:11.095683
750	9	9	0.0818	1	0:00:11.077576
751	2	4	0.459	0	0:00:11.070356
752	9	9	0.782	1	0:00:11.121098
753	1	1	0.73	1	0:00:11.136381
754	2	4	0.263	0	0:00:11.006112
755	2	4	0.715	0	0:00:11.215183
756	6	6	0.211	1	0:00:11.196854
757	8	8	0.136	1	0:00:11.146669
758	2	4	0.151	0	0:00:11.156625
759	1	1	0.782	1	0:00:11.210324
760	3	9	0.0489	0	0:00:11.149075
761	6	4	0.0234	0	0:00:11.257337
762	6	3	0.0184	0	0:00:11.310413
763	0	4	0.485	0	0:00:11.247810
764	1	1	0.58	1	0:00:11.228400
765	2	2	0.339	1	0:00:11.080919
766	7	4	0.589	0	0:00:11.344230
767	0	9	0.753	0	0:00:11.316763
768	5	5	0.405	1	0:00:11.113053
769	4	4	0.179	1	0:00:11.356636
770	6	9	0.115	0	0:00:11.239481
771	1	1	0.285	1	0:00:11.274533
772	6	6	0.239	1	0:00:11.250248
773	4	3	0.173	0	0:00:11.223658
774	0	0	0.343	1	0:00:11.088251
775	2	4	0.249	0	0:00:11.285416
776	2	5	0.322	0	0:00:11.260456
777	6	2	0.0882	0	0:00:11.225304
778	0	4	0.222	0	0:00:11.189381
779	5	5	0.0656	1	0:00:11.310160
780	9	9	0.359	1	0:00:11.148323
781	1	1	0.402	1	0:00:11.327387
782	7	7	0.214	1	0:00:11.251315
783	6	2	0.106	0	0:00:11.235307
784	7	3	0.431	0	0:00:11.221835
785	0	0	0.178	1	0:00:11.212876
786	3	5	0.583	0	0:00:11.193165
787	9	9	0.408	1	0:00:11.389021
788	6	2	0.0895	0	0:00:11.178248
789	8	8	0.548	1	0:00:11.214954
790	3	0	0.782	0	0:00:11.246808
791	0	0	0.782	1	0:00:11.166082
792	3	4	0.0757	0	0:00:11.315688
793	4	5	0.352	0	0:00:11.188668
794	7	7	0.183	1	0:00:11.204325
795	7	7	0.216	1	0:00:11.253806
796	1	5	0.232	0	0:00:11.244601
797	4	5	0.0781	0	0:00:11.262728
798	7	4	0.165	0	0:00:11.237911
799	2	4	0.753	0	0:00:11.181397
800	7	7	0.744	1	0:00:11.052851
801	1	1	0.177	1	0:00:11.378344
802	4	4	0.782	1	0:00:11.244821
803	7	7	0.782	1	0:00:11.217177
804	4	4	0.374	1	0:00:11.218972
805	4	2	0.305	0	0:00:11.215243
806	8	8	0.107	1	0:00:11.219926
807	4	2	0.587	0	0:00:11.167924
808	7	-1	0.0	0	0:00:11.121884
809	7	5	0.0768	0	0:00:11.319029
810	5	5	0.58	1	0:00:11.251387
811	3	5	0.764	0	0:00:11.199178
812	7	7	0.782	1	0:00:11.210616
813	2	3	0.259	0	0:00:11.180827
814	0	9	0.139	0	0:00:11.298006
815	8	8	0.736	1	0:00:11.246845
816	9	9	0.753	1	0:00:11.199496
817	5	5	0.133	1	0:00:11.237361
818	8	4	0.196	0	0:00:11.253697
819	3	5	0.404	0	0:00:11.231466
820	6	-1	0.0	0	0:00:11.262719
821	2	4	0.122	0	0:00:11.177979
822	0	0	0.334	1	0:00:11.231206
823	8	8	0.782	1	0:00:11.277523
824	7	7	0.575	1	0:00:11.137307
825	3	2	0.0593	0	0:00:11.361473
826	7	5	0.376	0	0:00:11.159000
827	6	6	0.18	1	0:00:11.116773
828	5	5	0.151	1	0:00:11.319433
829	3	-1	0.0	0	0:00:11.271729
830	1	9	0.0809	0	0:00:11.144385
831	3	2	0.0399	0	0:00:11.229739
832	2	4	0.0884	0	0:00:11.101746
833	2	5	0.782	0	0:00:11.342969
834	5	-1	0.0	0	0:00:11.148542
835	4	5	0.0407	0	0:00:11.246357
836	1	1	0.198	1	0:00:11.209423
837	2	4	0.261	0	0:00:11.179429
838	9	9	0.384	1	0:00:11.205699
839	2	4	0.628	0	0:00:11.305982
840	7	7	0.782	1	0:00:11.172200
841	0	0	0.657	1	0:00:11.255104
842	7	7	0.782	1	0:00:11.241261
843	2	4	0.313	0	0:00:11.211379
844	1	9	0.192	0	0:00:11.245692
845	3	4	0.181	0	0:00:11.099097
846	2	3	0.219	0	0:00:11.317051
847	0	0	0.227	1	0:00:11.226045
848	2	2	0.0113	1	0:00:11.149351
849	4	4	0.381	1	0:00:11.265709
850	7	5	0.615	0	0:00:11.206146
851	9	1	0.322	0	0:00:11.182018
852	8	8	0.397	1	0:00:11.241866
853	9	9	0.502	1	0:00:11.257535
854	0	4	0.438	0	0:00:11.131597
855	7	7	0.578	1	0:00:11.323564
856	7	7	0.47	1	0:00:11.150702
857	0	0	0.337	1	0:00:11.282978
858	7	7	0.782	1	0:00:11.132854
859	8	8	0.121	1	0:00:11.389837
860	4	4	0.27	1	0:00:11.116404
861	6	2	0.0847	0	0:00:11.228814
862	3	6	0.115	0	0:00:11.275418
863	3	4	0.066	0	0:00:11.185251
864	0	0	0.782	1	0:00:11.165359
865	1	1	0.782	1	0:00:11.227186
866	3	1	0.136	0	0:00:11.180083
867	7	7	0.525	1	0:00:11.216640
868	0	0	0.782	1	0:00:11.217771
869	1	9	0.497	0	0:00:11.208925
870	3	5	0.0362	0	0:00:11.207030
871	1	1	0.782	1	0:00:11.208797
872	4	3	0.484	0	0:00:11.243301
873	2	4	0.578	0	0:00:11.226347
874	3	5	0.782	0	0:00:11.251507
875	8	8	0.192	1	0:00:11.203147
876	4	4	0.473	1	0:00:11.199099
877	2	5	0.782	0	0:00:11.231735
878	3	4	0.257	0	0:00:11.197224
879	7	7	0.782	1	0:00:11.242372
880	8	8	0.782	1	0:00:11.262593
881	4	4	0.12	1	0:00:11.126161
882	3	4	0.305	0	0:00:11.279800
883	0	4	0.157	0	0:00:11.085738
884	9	9	0.782	1	0:00:11.329959
885	0	4	0.283	0	0:00:11.210116
886	0	1	0.000414	0	0:00:11.139801
887	1	1	0.438	1	0:00:11.261765
888	0	8	0.561	0	0:00:11.208445
889	4	-1	0.0	0	0:00:11.224689
890	4	5	0.158	0	0:00:11.083585
891	6	6	0.0794	1	0:00:11.335274
892	7	5	0.562	0	0:00:11.150936
893	6	5	0.247	0	0:00:11.255045
894	1	9	0.227	0	0:00:11.171876
895	1	9	0.233	0	0:00:11.280343
896	3	5	0.493	0	0:00:11.271985
897	7	7	0.501	1	0:00:11.118818
898	3	5	0.509	0	0:00:11.204066
899	5	5	0.782	1	0:00:11.246561
900	2	2	0.216	1	0:00:11.164589
901	6	-1	0.0	0	0:00:11.090588
902	6	6	0.414	1	0:00:11.158068
903	5	3	0.122	0	0:00:11.052838
904	8	8	0.782	1	0:00:11.060027
905	7	4	0.359	0	0:00:11.130761
906	1	1	0.0256	1	0:00:10.983656
907	6	3	0.0787	0	0:00:11.027602
908	8	0	0.0721	0	0:00:11.024688
909	8	8	0.442	1	0:00:11.009156
910	5	5	0.596	1	0:00:10.979563
911	3	5	0.753	0	0:00:10.971640
912	0	4	0.495	0	0:00:10.965572
913	4	5	0.077	0	0:00:10.952198
914	0	3	0.0806	0	0:00:10.911166
915	1	1	0.782	1	0:00:10.975192
916	3	4	0.0398	0	0:00:10.920239
917	8	8	0.579	1	0:00:10.918174
918	8	8	0.704	1	0:00:10.954931
919	0	4	0.454	0	0:00:10.894863
920	6	6	0.167	1	0:00:10.958165
921	9	9	0.782	1	0:00:10.901787
922	9	3	0.0114	0	0:00:10.925461
923	9	9	0.383	1	0:00:10.936720
924	5	9	0.65	0	0:00:10.940907
925	5	5	0.782	1	0:00:10.900377
926	8	8	0.561	1	0:00:10.926728
927	6	3	0.0851	0	0:00:10.918821
928	0	4	0.372	0	0:00:10.901135
929	0	8	0.753	0	0:00:10.930121
930	4	4	0.188	1	0:00:10.921208
931	2	5	0.0771	0	0:00:10.945343
932	3	5	0.0185	0	0:00:10.925310
933	2	5	0.683	0	0:00:10.926903
934	7	7	0.782	1	0:00:10.915694
935	2	4	0.251	0	0:00:10.923150
936	2	4	0.764	0	0:00:10.960506
937	5	5	0.0708	1	0:00:10.899083
938	9	1	0.606	0	0:00:10.914297
939	8	8	0.782	1	0:00:10.912851
940	9	9	0.764	1	0:00:10.927594
941	1	1	0.698	1	0:00:10.897643
942	7	5	0.375	0	0:00:10.916171
943	4	2	0.624	0	0:00:10.898198
944	0	0	0.753	1	0:00:10.909065
945	3	5	0.782	0	0:00:10.929613
946	0	0	0.782	1	0:00:10.928323
947	1	1	0.272	1	0:00:10.869203
948	3	5	0.285	0	0:00:10.946413
949	8	8	0.492	1	0:00:10.894104
950	3	5	0.046	0	0:00:10.904193
951	9	1	0.128	0	0:00:10.897683
952	6	6	0.625	1	0:00:10.915810
953	1	9	0.435	0	0:00:10.932049
954	4	4	0.478	1	0:00:10.907409
955	7	7	0.782	1	0:00:10.901978
956	0	4	0.0435	0	0:00:10.920745
957	3	5	0.253	0	0:00:10.913754
958	7	7	0.782	1	0:00:10.891976
959	8	8	0.347	1	0:00:10.889179
960	9	9	0.764	1	0:00:10.890383
961	1	1	0.472	1	0:00:10.914868
962	1	1	0.72	1	0:00:10.922492
963	6	6	0.585	1	0:00:10.910890
964	6	3	0.222	0	0:00:10.896087
965	6	4	0.292	0	0:00:10.913361
966	6	5	0.0677	0	0:00:10.900375
967	9	9	0.589	1	0:00:10.903968
968	1	1	0.782	1	0:00:10.927332
969	9	9	0.416	1	0:00:10.926626
970	9	9	0.782	1	0:00:10.892388
971	4	4	0.0428	1	0:00:10.899815
972	2	5	0.136	0	0:00:10.896610
973	1	1	0.782	1	0:00:10.936275
974	7	4	0.679	0	0:00:10.874262
975	0	0	0.736	1	0:00:10.909810
976	6	6	0.245	1	0:00:10.912269
977	8	8	0.708	1	0:00:10.915308
978	1	1	0.0688	1	0:00:10.910663
979	9	1	0.293	0	0:00:10.921110
980	2	6	0.0315	0	0:00:10.915641
981	9	9	0.333	1	0:00:10.937694
982	0	5	0.4	0	0:00:10.924328
983	4	4	0.642	1	0:00:10.886316
984	7	7	0.659	1	0:00:10.918658
985	8	8	0.782	1	0:00:10.906904
986	3	5	0.447	0	0:00:10.940560
987	1	1	0.622	1	0:00:10.917165
988	2	3	0.0963	0	0:00:10.912341
989	0	4	0.287	0	0:00:10.942067
990	1	1	0.0253	1	0:00:10.919509
991	5	5	0.2	1	0:00:10.894848
992	8	8	0.217	1	0:00:10.928437
993	4	-1	0.0	0	0:00:10.929217
994	6	6	0.153	1	0:00:10.881579
995	3	5	0.523	0	0:00:10.930470
996	8	0	0.343	0	0:00:10.927720
997	1	1	0.304	1	0:00:10.916244
998	3	5	0.263	0	0:00:10.902027
999	8	8	0.305	1	0:00:10.908955
1000	5	5	0.782	1	0:00:10.906834
1001	0	0	0.285	1	0:00:10.900292
1002	8	5	0.00617	0	0:00:10.923912
1003	4	4	0.54	1	0:00:10.914868
1004	8	8	0.476	1	0:00:10.894243
1005	1	9	0.606	0	0:00:10.925612
1006	1	1	0.708	1	0:00:10.921513
1007	8	0	0.103	0	0:00:10.904354
1008	9	9	0.0917	1	0:00:10.907230
1009	6	4	0.0753	0	0:00:10.947241
1010	0	0	0.782	1	0:00:10.910105
1011	8	8	0.39	1	0:00:10.900302
1012	6	3	0.0855	0	0:00:10.942080
1013	1	1	0.782	1	0:00:10.889052
1014	3	-1	0.0	0	0:00:10.911651
1015	4	4	0.37	1	0:00:10.931297
1016	1	1	0.782	1	0:00:10.915193
1017	6	6	0.0934	1	0:00:10.935701
1018	0	0	0.306	1	0:00:10.875839
1019	5	4	0.361	0	0:00:10.900163
1020	1	1	0.782	1	0:00:10.899649
1021	1	8	0.27	0	0:00:10.949003
1022	0	0	0.688	1	0:00:10.881095
1023	0	4	0.273	0	0:00:10.905825
1024	3	5	0.368	0	0:00:10.934546
1025	5	5	0.537	1	0:00:10.911196
1026	0	0	0.308	1	0:00:10.925104
1027	0	4	0.00241	0	0:00:10.913111
1028	6	6	0.725	1	0:00:10.938638
1029	6	6	0.782	1	0:00:10.924930
1030	3	9	0.342	0	0:00:10.867955
1031	3	5	0.0116	0	0:00:10.939957
1032	6	-1	0.0	0	0:00:10.918635
1033	3	3	0.169	1	0:00:10.884598
1034	6	5	0.29	0	0:00:10.942094
1035	6	3	0.0327	0	0:00:10.912172
1036	0	4	0.0993	0	0:00:10.950487
1037	7	7	0.38	1	0:00:10.884201
1038	2	4	0.458	0	0:00:10.911194
1039	2	2	0.238	1	0:00:10.899640
1040	7	5	0.782	0	0:00:10.956456
1041	5	5	0.527	1	0:00:10.921126
1042	5	4	0.0297	0	0:00:10.939682
1043	2	4	0.72	0	0:00:10.891279
1044	8	8	0.736	1	0:00:10.909236
1045	5	5	0.72	1	0:00:10.876530
1046	2	4	0.621	0	0:00:10.953972
1047	1	1	0.171	1	0:00:10.915866
1048	1	1	0.57	1	0:00:10.926504
1049	4	5	0.208	0	0:00:10.919080
1050	3	7	0.0915	0	0:00:10.938586
1051	2	4	0.356	0	0:00:10.895209
1052	0	0	0.279	1	0:00:10.906646
1053	3	5	0.262	0	0:00:10.901120
1054	1	5	0.0156	0	0:00:10.943920
1055	5	5	0.636	1	0:00:10.910290
1056	3	5	0.316	0	0:00:10.904109
1057	7	5	0.332	0	0:00:10.924333
1058	6	5	0.226	0	0:00:10.963003
1059	8	8	0.341	1	0:00:10.882812
1060	9	9	0.782	1	0:00:10.904867
1061	1	9	0.0348	0	0:00:10.928352
1062	6	3	0.149	0	0:00:10.910788
1063	4	5	0.074	0	0:00:10.924298
1064	9	5	0.325	0	0:00:10.928357
1065	3	9	0.537	0	0:00:10.890120
1066	9	1	0.782	0	0:00:10.905847
1067	0	0	0.782	1	0:00:10.955852
1068	9	9	0.528	1	0:00:10.899797
1069	6	6	0.126	1	0:00:10.922958
1070	3	5	0.782	0	0:00:10.934062
1071	6	6	0.332	1	0:00:10.915467
1072	0	8	0.585	0	0:00:10.928911
1073	7	7	0.782	1	0:00:10.905127
1074	3	3	0.0596	1	0:00:10.926704
1075	8	8	0.372	1	0:00:10.917468
1076	0	8	0.483	0	0:00:10.898485
1077	0	0	0.782	1	0:00:10.911339
1078	0	0	0.782	1	0:00:10.867704
1079	6	-1	0.0	0	0:00:10.946648
1080	6	3	0.552	0	0:00:10.885367
1081	6	6	0.283	1	0:00:10.948877
1082	9	9	0.736	1	0:00:10.962873
1083	2	-1	0.0	0	0:00:10.892254
1084	5	4	0.00627	0	0:00:10.927102
1085	4	2	0.0497	0	0:00:10.893404
1086	4	4	0.0707	1	0:00:10.930224
1087	6	5	0.173	0	0:00:10.919435
1088	3	5	0.782	0	0:00:10.890526
1089	6	-1	0.0	0	0:00:10.957404
1090	0	0	0.603	1	0:00:10.885232
1091	8	8	0.782	1	0:00:10.904193
1092	6	3	0.282	0	0:00:10.918907
1093	0	4	0.521	0	0:00:10.917624
1094	6	5	0.715	0	0:00:10.925295
1095	2	4	0.38	0	0:00:10.920207
1096	7	7	0.423	1	0:00:10.927987
1097	5	9	0.288	0	0:00:10.932150
1098	1	1	0.782	1	0:00:10.912233
1099	2	4	0.306	0	0:00:10.898608
1100	7	-1	0.0	0	0:00:10.894545
1101	8	8	0.654	1	0:00:10.906734
1102	8	8	0.0846	1	0:00:10.915501
1103	0	0	0.736	1	0:00:10.918745
1104	9	9	0.782	1	0:00:10.898057
1105	4	2	0.257	0	0:00:10.926432
1106	9	9	0.483	1	0:00:10.908913
1107	7	7	0.725	1	0:00:10.921265
1108	2	2	0.187	1	0:00:10.928122
1109	0	1	0.317	0	0:00:10.897767
1110	2	4	0.583	0	0:00:10.925460
1111	8	8	0.764	1	0:00:10.896265
1112	3	4	0.332	0	0:00:10.883482
1113	8	8	0.253	1	0:00:10.907969
1114	9	9	0.782	1	0:00:10.939074
1115	1	1	0.261	1	0:00:10.933068
1116	5	5	0.428	1	0:00:10.903569
1117	5	4	0.0197	0	0:00:10.916592
1118	4	5	0.169	0	0:00:10.898771
1119	7	7	0.782	1	0:00:10.894406
1120	5	5	0.571	1	0:00:10.915276
1121	3	2	0.00794	0	0:00:10.917771
1122	8	4	0.183	0	0:00:10.914129
1123	3	5	0.405	0	0:00:10.924875
1124	3	4	0.753	0	0:00:10.934944
1125	6	6	0.464	1	0:00:10.873772
1126	2	4	0.414	0	0:00:10.877707
1127	8	8	0.471	1	0:00:10.917056
1128	4	5	0.0867	0	0:00:10.936502
1129	3	2	0.0204	0	0:00:10.908827
1130	7	9	0.32	0	0:00:10.935027
1131	1	9	0.551	0	0:00:10.915870
1132	2	9	0.253	0	0:00:10.891870
1133	4	4	0.566	1	0:00:10.924219
1134	1	1	0.0825	1	0:00:10.926045
1135	6	5	0.604	0	0:00:10.923340
1136	9	9	0.782	1	0:00:10.925424
1137	0	9	0.0298	0	0:00:10.918606
1138	5	5	0.416	1	0:00:10.897100
1139	8	8	0.753	1	0:00:10.929309
1140	6	2	0.253	0	0:00:10.931467
1141	1	1	0.178	1	0:00:10.897811
1142	8	8	0.491	1	0:00:10.908050
1143	6	6	0.54	1	0:00:10.925771
1144	1	8	0.649	0	0:00:10.900829
1145	4	4	0.19	1	0:00:10.915697
1146	2	4	0.782	0	0:00:10.921513
1147	6	6	0.309	1	0:00:10.888314
1148	2	6	0.0632	0	0:00:10.928351
1149	7	9	0.178	0	0:00:10.950281
1150	2	9	0.0681	0	0:00:10.924020
1151	2	4	0.533	0	0:00:10.899192
1152	0	0	0.488	1	0:00:10.923756
1153	8	3	0.216	0	0:00:10.927826
1154	6	6	0.514	1	0:00:10.901016
1155	9	1	0.622	0	0:00:10.912043
1156	1	9	0.0523	0	0:00:10.899787
1157	7	5	0.355	0	0:00:10.926949
1158	1	1	0.62	1	0:00:10.913259
1159	8	8	0.00961	1	0:00:10.896588
1160	8	8	0.616	1	0:00:10.922282
1161	0	0	0.715	1	0:00:10.951669
1162	7	7	0.673	1	0:00:10.896919
1163	3	5	0.782	0	0:00:10.915725
1164	8	8	0.533	1	0:00:10.897867
1165	0	4	0.174	0	0:00:10.916715
1166	3	4	0.0216	0	0:00:10.925013
1167	4	3	0.0383	0	0:00:10.860769
1168	3	5	0.0432	0	0:00:10.941030
1169	7	7	0.431	1	0:00:10.900717
1170	7	4	0.0713	0	0:00:10.920749
1171	9	9	0.73	1	0:00:10.930520
1172	2	-1	0.0	0	0:00:10.886354
1173	3	5	0.32	0	0:00:10.909332
1174	1	1	0.782	1	0:00:10.915085
1175	9	3	0.142	0	0:00:10.911153
1176	1	1	0.0107	1	0:00:10.931571
1177	9	1	0.744	0	0:00:10.892906
1178	6	3	0.423	0	0:00:10.893347
1179	3	5	0.704	0	0:00:10.902709
1180	3	2	0.0771	0	0:00:10.927465
1181	3	3	0.0838	1	0:00:10.904213
1182	1	1	0.782	1	0:00:10.941655
1183	0	0	0.782	1	0:00:10.878719
1184	6	6	0.301	1	0:00:10.904751
1185	1	9	0.664	0	0:00:10.951764
1186	4	4	0.782	1	0:00:10.873233
1187	1	1	0.00217	1	0:00:10.940932
1188	0	4	0.22	0	0:00:10.899220
1189	0	0	0.361	1	0:00:10.901037
1190	1	1	0.782	1	0:00:10.959322
1191	1	1	0.753	1	0:00:10.891546
1192	6	-1	0.0	0	0:00:10.944666
1193	5	5	0.131	1	0:00:10.906736
1194	4	4	0.574	1	0:00:10.897111
1195	6	6	0.435	1	0:00:10.942580
1196	2	4	0.0814	0	0:00:10.905665
1197	0	4	0.214	0	0:00:10.908536
1198	7	7	0.782	1	0:00:10.913299
1199	9	9	0.0702	1	0:00:10.926009
1200	8	8	0.414	1	0:00:10.895980
1201	7	7	0.693	1	0:00:10.920231
1202	2	5	0.16	0	0:00:10.920972
1203	0	8	0.0926	0	0:00:10.889982
1204	6	6	0.371	1	0:00:10.929963
1205	8	8	0.693	1	0:00:10.885293
1206	1	1	0.782	1	0:00:10.926422
1207	4	8	0.473	0	0:00:10.928365
1208	3	-1	0.0	0	0:00:10.894969
1209	7	7	0.664	1	0:00:10.923436
1210	0	0	0.373	1	0:00:10.958526
1211	6	-1	0.0	0	0:00:10.919089
1212	1	1	0.174	1	0:00:10.900734
1213	8	8	0.782	1	0:00:10.883516
1214	5	5	0.317	1	0:00:11.008369
1215	7	7	0.782	1	0:00:10.863972
1216	8	1	0.782	0	0:00:10.935387
1217	4	5	0.554	0	0:00:10.887461
1218	8	8	0.437	1	0:00:10.906391
1219	3	5	0.744	0	0:00:10.900421
1220	9	3	0.0836	0	0:00:10.931727
1221	9	9	0.477	1	0:00:10.939034
1222	9	-1	0.0	0	0:00:10.946503
1223	8	0	0.753	0	0:00:10.885890
1224	7	4	0.221	0	0:00:10.919852
1225	6	2	0.15	0	0:00:10.898940
1226	6	-1	0.0	0	0:00:10.944763
1227	3	5	0.362	0	0:00:10.905772
1228	5	5	0.102	1	0:00:10.933036
1229	1	1	0.401	1	0:00:10.901979
1230	5	5	0.636	1	0:00:10.942637
1231	9	9	0.782	1	0:00:10.899822
1232	1	1	0.782	1	0:00:10.935580
1233	4	4	0.782	1	0:00:10.889647
1234	1	1	0.782	1	0:00:10.916381
1235	5	5	0.0536	1	0:00:10.908425
1236	7	5	0.652	0	0:00:10.913907
1237	0	0	0.0952	1	0:00:10.902464
1238	1	1	0.72	1	0:00:10.914221
1239	5	5	0.146	1	0:00:10.920057
1240	2	3	0.197	0	0:00:10.900984
1241	0	8	0.577	0	0:00:10.913129
1242	8	9	0.427	0	0:00:10.929778
1243	8	8	0.0614	1	0:00:10.884107
1244	5	5	0.736	1	0:00:10.911527
1245	6	3	0.336	0	0:00:10.919597
1246	7	5	0.353	0	0:00:10.901053
1247	3	3	0.0181	1	0:00:10.930070
1248	2	4	0.782	0	0:00:10.900669
1249	4	2	0.127	0	0:00:10.940917
1250	7	7	0.782	1	0:00:10.893723
1251	2	9	0.0515	0	0:00:10.885259
1252	5	5	0.782	1	0:00:10.929120
1253	8	1	0.235	0	0:00:10.880441
1254	2	0	0.0185	0	0:00:10.927027
1255	4	4	0.73	1	0:00:10.903880
1256	9	8	0.12	0	0:00:10.922966
1257	2	4	0.184	0	0:00:10.894286
1258	1	1	0.782	1	0:00:10.927099
1259	8	8	0.764	1	0:00:10.906018
1260	1	1	0.151	1	0:00:10.910142
1261	9	9	0.162	1	0:00:10.901585
1262	8	8	0.715	1	0:00:10.909567
1263	8	8	0.335	1	0:00:10.918140
1264	8	8	0.307	1	0:00:10.908648
1265	9	9	0.121	1	0:00:10.939178
1266	0	8	0.475	0	0:00:10.892497
1267	4	4	0.0289	1	0:00:10.928720
1268	3	-1	0.0	0	0:00:10.901365
1269	3	5	0.736	0	0:00:10.943600
1270	1	1	0.361	1	0:00:10.933571
1271	8	0	0.274	0	0:00:10.879207
1272	4	7	0.475	0	0:00:10.922740
1273	6	-1	0.0	0	0:00:10.932590
1274	3	2	0.11	0	0:00:10.924874
1275	3	5	0.541	0	0:00:10.914717
1276	5	3	0.109	0	0:00:10.947553
1277	2	5	0.488	0	0:00:10.899480
1278	2	4	0.446	0	0:00:10.933116
1279	8	8	0.348	1	0:00:10.917599
1280	3	5	0.328	0	0:00:10.940223
1281	8	8	0.782	1	0:00:10.900933
1282	9	9	0.562	1	0:00:10.969249
1283	5	5	0.782	1	0:00:10.925238
1284	8	8	0.358	1	0:00:10.913062
1285	9	9	0.601	1	0:00:10.922594
1286	8	0	0.134	0	0:00:10.898045
1287	9	9	0.29	1	0:00:10.938555
1288	1	-1	0.0	0	0:00:10.928481
1289	6	6	0.251	1	0:00:10.933147
1290	5	5	0.175	1	0:00:10.936295
1291	9	9	0.0704	1	0:00:10.925182
1292	4	-1	0.0	0	0:00:10.909648
1293	4	3	0.141	0	0:00:10.925296
1294	8	0	0.0946	0	0:00:10.961025
1295	0	0	0.782	1	0:00:10.899699
1296	7	7	0.782	1	0:00:10.905158
1297	2	4	0.207	0	0:00:10.940398
1298	9	9	0.782	1	0:00:10.893277
1299	7	9	0.764	0	0:00:10.936799
1300	4	3	0.782	0	0:00:10.912463
1301	1	1	0.782	1	0:00:10.916248
1302	6	3	0.0076	0	0:00:10.900784
1303	4	2	0.683	0	0:00:10.898205
1304	4	0	0.631	0	0:00:10.936814
1305	9	9	0.72	1	0:00:10.900532
1306	1	3	0.101	0	0:00:10.929026
1307	2	4	0.782	0	0:00:10.889098
1308	5	-1	0.0	0	0:00:10.958529
1309	6	6	0.095	1	0:00:10.927507
1310	0	0	0.782	1	0:00:10.920722
1311	8	8	0.782	1	0:00:10.927479
1312	6	2	0.0359	0	0:00:10.895652
1313	1	1	0.618	1	0:00:10.951216
1314	9	9	0.782	1	0:00:10.920839
1315	4	4	0.736	1	0:00:10.910298
1316	5	5	0.463	1	0:00:10.926340
1317	9	9	0.782	1	0:00:10.923095
1318	5	5	0.753	1	0:00:10.944406
1319	0	4	0.695	0	0:00:10.893484
1320	7	4	0.636	0	0:00:10.934473
1321	2	2	0.109	1	0:00:10.916133
1322	0	-1	0.0	0	0:00:10.957099
1323	0	8	0.25	0	0:00:10.914841
1324	4	9	0.142	0	0:00:10.935663
1325	2	4	0.574	0	0:00:10.905851
1326	6	-1	0.0	0	0:00:10.942222
1327	6	6	0.677	1	0:00:10.920542
1328	5	5	0.764	1	0:00:10.932660
1329	5	7	0.478	0	0:00:10.944027
1330	2	5	0.48	0	0:00:10.959159
1331	8	8	0.782	1	0:00:10.906873
1332	1	9	0.14	0	0:00:10.942001
1333	7	4	0.548	0	0:00:10.947688
1334	3	4	0.199	0	0:00:10.926904
1335	1	1	0.455	1	0:00:10.936378
1336	4	4	0.187	1	0:00:10.930045
1337	5	4	0.603	0	0:00:10.928792
1338	6	6	0.545	1	0:00:10.909848
1339	5	9	0.0705	0	0:00:10.930460
1340	1	9	0.782	0	0:00:10.945262
1341	4	4	0.0912	1	0:00:10.912586
1342	7	9	0.51	0	0:00:10.943280
1343	0	0	0.345	1	0:00:10.913114
1344	9	9	0.782	1	0:00:10.907411
1345	4	4	0.782	1	0:00:10.948180
1346	3	5	0.0726	0	0:00:10.922766
1347	8	-1	0.0	0	0:00:10.922570
1348	2	-1	0.0	0	0:00:10.948603
1349	8	8	0.668	1	0:00:10.908459
1350	4	2	0.0477	0	0:00:10.921597
1351	7	7	0.782	1	0:00:10.928458
1352	2	-1	0.0	0	0:00:10.943040
1353	3	-1	0.0	0	0:00:10.913433
1354	1	-1	0.0	0	0:00:10.928437
1355	5	3	0.00949	0	0:00:10.940134
1356	2	5	0.458	0	0:00:10.951687
1357	9	9	0.352	1	0:00:10.913542
1358	8	1	0.115	0	0:00:10.911337
1359	9	9	0.782	1	0:00:10.913560
1360	7	5	0.196	0	0:00:10.956954
1361	9	9	0.641	1	0:00:10.919182
1362	5	4	0.375	0	0:00:10.935199
1363	1	1	0.782	1	0:00:10.925258
1364	4	4	0.782	1	0:00:10.903905
1365	0	0	0.73	1	0:00:10.939174
1366	8	8	0.668	1	0:00:10.912427
1367	2	4	0.245	0	0:00:10.895652
1368	3	5	0.782	0	0:00:10.922978
1369	8	8	0.359	1	0:00:10.933526
1370	9	9	0.0478	1	0:00:10.950339
1371	1	1	0.65	1	0:00:10.897408
1372	1	9	0.305	0	0:00:10.942476
1373	3	5	0.396	0	0:00:10.945949
1374	2	4	0.764	0	0:00:10.923965
1375	4	4	0.276	1	0:00:10.908303
1376	9	9	0.166	1	0:00:10.943928
1377	3	4	0.218	0	0:00:10.934121
1378	1	1	0.782	1	0:00:10.867361
1379	7	7	0.782	1	0:00:10.969723
1380	4	2	0.106	0	0:00:10.908754
1381	6	4	0.0461	0	0:00:10.956091
1382	2	0	0.275	0	0:00:10.915049
1383	8	0	0.0884	0	0:00:10.972540
1384	9	9	0.288	1	0:00:10.912626
1385	5	5	0.247	1	0:00:10.938838
1386	3	3	0.102	1	0:00:10.929283
1387	9	9	0.782	1	0:00:10.925432
1388	5	5	0.782	1	0:00:10.923421
1389	5	4	0.677	0	0:00:10.950672
1390	6	6	0.753	1	0:00:10.957031
1391	7	-1	0.0	0	0:00:10.949990
1392	2	4	0.0483	0	0:00:10.964520
1393	4	5	0.0691	0	0:00:10.932842
1394	6	5	0.257	0	0:00:10.941713
1395	3	-1	0.0	0	0:00:10.959354
1396	1	1	0.291	1	0:00:10.928316
1397	0	0	0.782	1	0:00:10.889927
1398	7	-1	0.0	0	0:00:10.968879
1399	2	4	0.782	0	0:00:10.937217
1400	5	2	0.0232	0	0:00:10.925272
1401	4	5	0.17	0	0:00:10.927838
1402	7	7	0.181	1	0:00:10.994359
1403	6	2	0.106	0	0:00:10.942754
1404	1	1	0.782	1	0:00:10.921672
1405	1	9	0.518	0	0:00:10.961060
1406	9	9	0.563	1	0:00:10.972363
1407	8	8	0.0491	1	0:00:10.943689
1408	1	1	0.55	1	0:00:10.909182
1409	0	4	0.145	0	0:00:10.963978
1410	1	1	0.782	1	0:00:10.924525
1411	3	5	0.412	0	0:00:10.928383
1412	1	1	0.289	1	0:00:10.975560
1413	1	1	0.169	1	0:00:10.924167
1414	1	9	0.321	0	0:00:10.955515
1415	7	7	0.463	1	0:00:10.950781
1416	3	5	0.725	0	0:00:10.974553
1417	9	9	0.0924	1	0:00:10.915854
1418	6	2	0.0107	0	0:00:10.934523
1419	8	8	0.782	1	0:00:10.949112
1420	4	7	0.513	0	0:00:10.979303
1421	6	6	0.764	1	0:00:10.957602
1422	8	8	0.55	1	0:00:10.940827
1423	4	4	0.744	1	0:00:10.960647
1424	9	1	0.0695	0	0:00:10.944486
1425	4	5	0.197	0	0:00:10.959617
1426	7	7	0.782	1	0:00:10.915913
1427	9	9	0.347	1	0:00:10.949215
1428	7	7	0.25	1	0:00:10.942298
1429	6	3	0.131	0	0:00:10.954664
1430	8	8	0.0445	1	0:00:10.952096
1431	4	2	0.191	0	0:00:10.941779
1432	9	9	0.782	1	0:00:10.935492
1433	7	7	0.603	1	0:00:10.908304
1434	0	4	0.252	0	0:00:10.961679
1435	1	1	0.679	1	0:00:10.941395
1436	6	6	0.392	1	0:00:10.932572
1437	1	1	0.501	1	0:00:10.949862
1438	5	3	0.173	0	0:00:10.951254
1439	9	1	0.189	0	0:00:10.968949
1440	0	0	0.0875	1	0:00:10.912252
1441	4	4	0.258	1	0:00:10.916281
1442	3	5	0.393	0	0:00:10.954108
1443	4	2	0.107	0	0:00:10.944893
1444	1	1	0.782	1	0:00:10.959948
1445	3	5	0.592	0	0:00:10.925573
1446	0	4	0.0787	0	0:00:10.924392
1447	8	8	0.585	1	0:00:10.953516
1448	4	4	0.493	1	0:00:10.927969
1449	6	6	0.782	1	0:00:10.969183
1450	2	4	0.0239	0	0:00:10.925808
1451	2	2	0.00327	1	0:00:10.954801
1452	6	5	0.215	0	0:00:10.954906
1453	5	3	0.0553	0	0:00:10.923755
1454	3	3	0.602	1	0:00:10.975895
1455	6	6	0.261	1	0:00:10.979560
1456	2	2	0.0747	1	0:00:10.927765
1457	1	1	0.338	1	0:00:10.931430
1458	1	1	0.333	1	0:00:10.993108
1459	8	8	0.472	1	0:00:10.916831
1460	6	6	0.417	1	0:00:10.976608
1461	0	0	0.262	1	0:00:10.942629
1462	4	4	0.0296	1	0:00:10.999660
1463	0	0	0.388	1	0:00:10.951217
1464	1	1	0.704	1	0:00:10.969664
1465	9	1	0.326	0	0:00:10.965703
1466	7	7	0.782	1	0:00:10.902599
1467	1	1	0.782	1	0:00:10.941168
1468	3	5	0.782	0	0:00:10.941011
1469	7	7	0.782	1	0:00:10.947286
1470	7	4	0.18	0	0:00:10.941904
1471	8	0	0.126	0	0:00:10.941686
1472	7	7	0.496	1	0:00:10.951024
1473	7	7	0.782	1	0:00:10.968708
1474	3	7	0.0606	0	0:00:10.927251
1475	9	9	0.753	1	0:00:10.944211
1476	7	7	0.782	1	0:00:10.917512
1477	7	7	0.782	1	0:00:10.917981
1478	7	7	0.382	1	0:00:10.967058
1479	2	5	0.059	0	0:00:10.948194
1480	1	9	0.478	0	0:00:10.935857
1481	2	2	0.0889	1	0:00:10.920166
1482	8	8	0.402	1	0:00:10.947014
1483	6	6	0.624	1	0:00:10.947608
1484	4	4	0.165	1	0:00:10.932462
1485	0	-1	0.0	0	0:00:10.921048
1486	7	7	0.483	1	0:00:10.953131
1487	9	9	0.376	1	0:00:10.913970
1488	8	8	0.615	1	0:00:10.926940
1489	6	6	0.316	1	0:00:10.937015
1490	8	8	0.782	1	0:00:10.925132
1491	4	9	0.0611	0	0:00:10.933800
1492	9	9	0.284	1	0:00:10.961669
1493	1	5	0.00306	0	0:00:11.002494
1494	7	5	0.458	0	0:00:10.913516
1495	2	4	0.782	0	0:00:10.903306
1496	2	2	0.221	1	0:00:10.898768
1497	8	8	0.782	1	0:00:10.914006
1498	5	5	0.744	1	0:00:10.957166
1499	8	8	0.552	1	0:00:10.900395
1500	1	9	0.235	0	0:00:10.945856
1501	2	3	0.136	0	0:00:10.965057
1502	2	2	0.307	1	0:00:10.938286
1503	4	4	0.21	1	0:00:10.930293
1504	1	9	0.155	0	0:00:10.937431
1505	2	-1	0.0	0	0:00:10.943142
1506	5	7	0.782	0	0:00:10.921541
1507	2	-1	0.0	0	0:00:10.942540
1508	8	8	0.504	1	0:00:10.905895
1509	1	1	0.477	1	0:00:11.001536
1510	8	4	0.332	0	0:00:10.857032
1511	1	1	0.782	1	0:00:10.952451
1512	8	8	0.164	1	0:00:10.915840
1513	6	5	0.764	0	0:00:10.941080
1514	0	4	0.109	0	0:00:10.915846
1515	2	4	0.292	0	0:00:10.952955
1516	4	4	0.501	1	0:00:10.955464
1517	1	1	0.782	1	0:00:10.957550
1518	3	5	0.59	0	0:00:10.927757
1519	6	6	0.644	1	0:00:10.925656
1520	7	5	0.0245	0	0:00:10.949690
1521	7	7	0.0972	1	0:00:10.945144
1522	4	3	0.244	0	0:00:10.926955
1523	4	-1	0.0	0	0:00:10.927965
1524	3	5	0.0766	0	0:00:10.950050
1525	3	-1	0.0	0	0:00:10.918009
1526	4	5	0.223	0	0:00:10.965704
1527	5	9	0.185	0	0:00:10.942814
1528	2	-1	0.0	0	0:00:10.936961
1529	4	5	0.337	0	0:00:10.938863
1530	3	5	0.13	0	0:00:10.940588
1531	7	4	0.0378	0	0:00:10.926101
1532	8	0	0.357	0	0:00:10.932918
1533	4	5	0.166	0	0:00:10.936173
1534	4	5	0.0811	0	0:00:10.958234
1535	4	4	0.487	1	0:00:10.952298
1536	5	5	0.373	1	0:00:10.939838
1537	4	-1	0.0	0	0:00:10.914738
1538	3	3	0.177	1	0:00:10.946173
1539	2	2	0.0487	1	0:00:10.930084
1540	8	8	0.72	1	0:00:10.967922
1541	4	3	0.00821	0	0:00:10.895837
1542	5	5	0.782	1	0:00:10.956486
1543	5	3	0.0133	0	0:00:10.971965
1544	4	2	0.0897	0	0:00:10.910703
1545	1	9	0.318	0	0:00:10.942998
1546	4	4	0.21	1	0:00:10.941163
1547	2	4	0.782	0	0:00:10.911448
1548	5	4	0.282	0	0:00:10.925383
1549	1	1	0.153	1	0:00:10.951508
1550	6	6	0.0983	1	0:00:10.959438
1551	4	4	0.468	1	0:00:10.927968
1552	3	-1	0.0	0	0:00:10.920496
1553	4	4	0.199	1	0:00:10.907352
1554	4	2	0.108	0	0:00:10.945449
1555	0	4	0.236	0	0:00:10.925277
1556	8	9	0.174	0	0:00:10.977993
1557	8	8	0.101	1	0:00:10.928929
1558	4	-1	0.0	0	0:00:10.932277
1559	5	5	0.317	1	0:00:10.920384
1560	7	7	0.782	1	0:00:10.939670
1561	5	5	0.441	1	0:00:10.926849
1562	6	6	0.744	1	0:00:10.945196
1563	9	9	0.782	1	0:00:10.955958
1564	1	1	0.782	1	0:00:10.935441
1565	6	6	0.389	1	0:00:10.969591
1566	7	7	0.613	1	0:00:10.919939
1567	2	9	0.246	0	0:00:10.929716
1568	0	0	0.155	1	0:00:10.950707
1569	1	1	0.685	1	0:00:10.926011
1570	4	9	0.297	0	0:00:11.006122
1571	5	5	0.447	1	0:00:10.948276
1572	6	5	0.152	0	0:00:10.954656
1573	0	8	0.335	0	0:00:10.974853
1574	0	9	0.497	0	0:00:10.905381
1575	2	4	0.602	0	0:00:10.973743
1576	7	-1	0.0	0	0:00:10.949657
1577	5	2	0.0518	0	0:00:10.960233
1578	6	6	0.297	1	0:00:10.950568
1579	0	0	0.337	1	0:00:10.917971
1580	6	1	0.177	0	0:00:10.951554
1581	2	9	0.688	0	0:00:10.958091
1582	9	9	0.782	1	0:00:10.907574
1583	1	9	0.0389	0	0:00:10.970669
1584	7	8	0.238	0	0:00:10.935082
1585	7	7	0.782	1	0:00:10.966212
1586	5	5	0.782	1	0:00:10.956517
1587	2	4	0.782	0	0:00:10.914475
1588	5	5	0.261	1	0:00:10.920680
1589	6	6	0.753	1	0:00:10.958006
1590	4	4	0.59	1	0:00:10.912219
1591	1	1	0.782	1	0:00:10.946022
1592	4	-1	0.0	0	0:00:10.987999
1593	3	5	0.273	0	0:00:10.940075
1594	3	4	0.593	0	0:00:10.904821
1595	3	-1	0.0	0	0:00:10.989285
1596	0	0	0.391	1	0:00:10.918541
1597	3	-1	0.0	0	0:00:10.934038
1598	5	5	0.113	1	0:00:10.969886
1599	5	5	0.0698	1	0:00:10.942416
1600	8	3	0.0828	0	0:00:10.977811
1601	9	9	0.243	1	0:00:10.971079
1602	7	5	0.177	0	0:00:10.998416
1603	3	4	0.192	0	0:00:10.968682
1604	1	1	0.782	1	0:00:10.988724
1605	3	4	0.458	0	0:00:11.018773
1606	3	3	0.0161	1	0:00:11.026755
1607	3	9	0.231	0	0:00:10.981434
1608	4	4	0.223	1	0:00:11.070882
1609	4	5	0.126	0	0:00:10.935813
1610	2	3	0.145	0	0:00:11.129635
1611	3	-1	0.0	0	0:00:11.074109
1612	3	-1	0.0	0	0:00:11.061687
1613	8	1	0.59	0	0:00:11.092398
1614	1	1	0.544	1	0:00:11.052177
1615	7	7	0.782	1	0:00:11.059320
1616	7	4	0.183	0	0:00:11.070853
1617	0	0	0.153	1	0:00:11.092095
1618	7	5	0.247	0	0:00:11.088196
1619	4	-1	0.0	0	0:00:11.079920
1620	5	9	0.243	0	0:00:11.112721
1621	1	1	0.764	1	0:00:11.121510
1622	4	4	0.293	1	0:00:11.036613
1623	2	2	0.253	1	0:00:11.126647
1624	4	4	0.515	1	0:00:11.092975
1625	3	5	0.4	0	0:00:11.140059
1626	9	9	0.183	1	0:00:11.054727
1627	9	9	0.782	1	0:00:11.106233
1628	4	4	0.232	1	0:00:11.087940
1629	9	9	0.297	1	0:00:11.078383
1630	9	9	0.468	1	0:00:11.126492
1631	1	9	0.267	0	0:00:11.073175
1632	8	0	0.352	0	0:00:11.085593
1633	1	9	0.13	0	0:00:11.103253
1634	6	6	0.557	1	0:00:11.051417
1635	7	7	0.782	1	0:00:11.200492
1636	5	5	0.744	1	0:00:11.084956
1637	5	4	0.0799	0	0:00:11.098916
1638	4	4	0.647	1	0:00:11.076373
1639	9	9	0.73	1	0:00:11.170231
1640	7	5	0.12	0	0:00:11.126652
1641	6	5	0.015	0	0:00:11.088420
1642	5	-1	0.0	0	0:00:11.141042
1643	9	9	0.547	1	0:00:11.016503
1644	2	2	0.0805	1	0:00:11.210465
1645	4	5	0.0622	0	0:00:11.101103
1646	0	0	0.237	1	0:00:11.071973
1647	7	7	0.782	1	0:00:11.141588
1648	8	1	0.181	0	0:00:11.095959
1649	5	2	0.161	0	0:00:11.083101
1650	5	5	0.782	1	0:00:11.137942
1651	0	4	0.172	0	0:00:11.004259
1652	0	0	0.782	1	0:00:11.134101
1653	9	9	0.49	1	0:00:11.099683
1654	9	9	0.782	1	0:00:11.080985
1655	8	8	0.711	1	0:00:11.094057
1656	2	4	0.782	0	0:00:11.123244
1657	5	5	0.638	1	0:00:11.105957
1658	4	4	0.72	1	0:00:11.125299
1659	8	8	0.109	1	0:00:11.075332
1660	3	5	0.109	0	0:00:11.124921
1661	6	4	0.182	0	0:00:11.102299
1662	3	9	0.477	0	0:00:11.117033
1663	6	3	0.0764	0	0:00:11.123526
1664	0	0	0.782	1	0:00:11.041346
1665	6	6	0.782	1	0:00:11.129934
1666	6	6	0.262	1	0:00:11.124434
1667	6	2	0.0201	0	0:00:11.091277
1668	9	9	0.629	1	0:00:11.097568
1669	6	6	0.172	1	0:00:11.123664
1670	6	2	0.162	0	0:00:11.073374
1671	8	8	0.782	1	0:00:11.142707
1672	6	6	0.499	1	0:00:11.077024
1673	2	3	0.284	0	0:00:11.155273
1674	4	4	0.197	1	0:00:11.158830
1675	5	5	0.59	1	0:00:11.081956
1676	8	8	0.688	1	0:00:11.088529
1677	1	1	0.782	1	0:00:11.050229
1678	2	2	0.192	1	0:00:11.103827
1679	7	7	0.736	1	0:00:11.127628
1680	6	3	0.086	0	0:00:11.136719
1681	5	4	0.381	0	0:00:11.041391
1682	7	7	0.736	1	0:00:11.102266
1683	8	8	0.321	1	0:00:11.063467
1684	1	9	0.508	0	0:00:11.163802
1685	8	5	0.0121	0	0:00:11.109755
1686	0	8	0.782	0	0:00:11.113604
1687	8	8	0.434	1	0:00:11.087122
1688	6	6	0.0294	1	0:00:11.091333
1689	9	9	0.148	1	0:00:11.082182
1690	2	1	0.199	0	0:00:11.157011
1691	8	8	0.782	1	0:00:11.074537
1692	9	1	0.563	0	0:00:11.087765
1693	4	9	0.782	0	0:00:11.048852
1694	0	0	0.383	1	0:00:11.175168
1695	9	1	0.434	0	0:00:11.100218
1696	4	4	0.602	1	0:00:11.153261
1697	9	1	0.428	0	0:00:11.074787
1698	5	-1	0.0	0	0:00:11.086169
1699	7	7	0.782	1	0:00:11.114483
1700	5	-1	0.0	0	0:00:11.051281
1701	5	9	0.464	0	0:00:11.157817
1702	9	9	0.504	1	0:00:11.103158
1703	5	5	0.764	1	0:00:11.081666
1704	3	4	0.312	0	0:00:11.116802
1705	0	0	0.782	1	0:00:11.078559
1706	1	1	0.782	1	0:00:11.043653
1707	9	9	0.736	1	0:00:11.162882
1708	7	5	0.141	0	0:00:11.108606
1709	2	2	0.0292	1	0:00:11.081444
1710	4	-1	0.0	0	0:00:11.082326
1711	1	1	0.241	1	0:00:11.148757
1712	0	0	0.782	1	0:00:10.984843
1713	8	1	0.72	0	0:00:11.118279
1714	0	0	0.14	1	0:00:11.100936
1715	3	5	0.155	0	0:00:11.120309
1716	1	1	0.619	1	0:00:11.113901
1717	7	7	0.764	1	0:00:11.129506
1718	0	8	0.429	0	0:00:11.050895
1719	0	0	0.251	1	0:00:11.155638
1720	4	5	0.0628	0	0:00:11.002074
1721	8	0	0.0441	0	0:00:11.192853
1722	6	6	0.69	1	0:00:11.085529
1723	2	5	0.236	0	0:00:11.086567
1724	4	4	0.328	1	0:00:11.099598
1725	0	0	0.782	1	0:00:11.091475
1726	0	0	0.667	1	0:00:11.039175
1727	9	8	0.351	0	0:00:11.162158
1728	0	4	0.0151	0	0:00:11.048300
1729	8	8	0.782	1	0:00:11.090294
1730	4	0	0.275	0	0:00:11.111214
1731	5	6	0.31	0	0:00:11.131472
1732	9	1	0.578	0	0:00:11.091696
1733	3	5	0.625	0	0:00:11.126883
1734	9	9	0.589	1	0:00:11.056910
1735	0	0	0.52	1	0:00:11.159258
1736	5	5	0.0823	1	0:00:11.001264
1737	6	9	0.0859	0	0:00:11.134981
1738	5	5	0.782	1	0:00:11.116748
1739	0	-1	0.0	0	0:00:11.153610
1740	1	1	0.439	1	0:00:11.047857
1741	4	5	0.286	0	0:00:11.076036
1742	8	8	0.782	1	0:00:11.111138
1743	1	1	0.782	1	0:00:11.118654
1744	0	0	0.708	1	0:00:11.039327
1745	5	5	0.311	1	0:00:11.138843
1746	2	4	0.458	0	0:00:11.090164
1747	1	1	0.782	1	0:00:11.142142
1748	0	0	0.0647	1	0:00:11.065537
1749	2	4	0.395	0	0:00:11.054748
1750	8	8	0.0546	1	0:00:11.145725
1751	1	1	0.301	1	0:00:11.131495
1752	5	5	0.197	1	0:00:11.087873
1753	6	3	0.0596	0	0:00:11.123787
1754	7	7	0.782	1	0:00:11.089699
1755	7	5	0.0224	0	0:00:11.113936
1756	2	9	0.0412	0	0:00:11.111205
1757	6	3	0.0991	0	0:00:11.085100
1758	2	4	0.494	0	0:00:11.140534
1759	5	5	0.0865	1	0:00:11.074632
1760	0	0	0.422	1	0:00:11.123286
1761	1	1	0.782	1	0:00:11.133799
1762	4	-1	0.0	0	0:00:11.080251
1763	2	9	0.0196	0	0:00:11.116335
1764	5	9	0.235	0	0:00:11.094748
1765	4	4	0.109	1	0:00:11.096903
1766	6	3	0.0865	0	0:00:11.121862
1767	2	2	0.123	1	0:00:11.112266
1768	2	4	0.345	0	0:00:11.076969
1769	1	8	0.224	0	0:00:11.103496
1770	7	7	0.361	1	0:00:11.111916
1771	2	4	0.26	0	0:00:11.125628
1772	8	9	0.304	0	0:00:11.066042
1773	5	-1	0.0	0	0:00:11.099851
1774	5	5	0.764	1	0:00:11.084681
1775	3	3	0.0525	1	0:00:11.115600
1776	0	0	0.362	1	0:00:11.057551
1777	4	5	0.214	0	0:00:11.067054
1778	8	8	0.381	1	0:00:11.132452
1779	3	5	0.782	0	0:00:11.086465
1780	7	-1	0.0	0	0:00:11.113073
1781	6	6	0.782	1	0:00:11.048542
1782	3	4	0.00762	0	0:00:11.143002
1783	8	8	0.764	1	0:00:11.024737
1784	1	1	0.275	1	0:00:11.165404
1785	0	4	0.685	0	0:00:10.993965
1786	1	9	0.701	0	0:00:11.112092
1787	3	4	0.471	0	0:00:11.043696
1788	3	3	0.196	1	0:00:11.113661
1789	0	4	0.668	0	0:00:11.084524
1790	7	5	0.544	0	0:00:11.068039
1791	4	-1	0.0	0	0:00:11.023639
1792	9	9	0.782	1	0:00:11.143302
1793	5	5	0.489	1	0:00:11.032187
1794	3	5	0.199	0	0:00:11.143269
1795	6	3	0.0285	0	0:00:11.062181
1796	0	8	0.294	0	0:00:11.047109
1797	1	1	0.151	1	0:00:11.113379
1798	4	4	0.423	1	0:00:11.068499
1799	4	4	0.311	1	0:00:11.055157
1800	4	4	0.371	1	0:00:11.071118
1801	4	4	0.0842	1	0:00:11.074124
1802	2	4	0.782	0	0:00:11.161222
1803	2	4	0.0461	0	0:00:11.073447
1804	5	1	0.041	0	0:00:11.066910
1805	8	8	0.633	1	0:00:11.076569
1806	1	1	0.782	1	0:00:11.046254
1807	5	5	0.143	1	0:00:11.107788
1808	9	9	0.279	1	0:00:11.076349
1809	8	8	0.389	1	0:00:11.095624
1810	1	1	0.782	1	0:00:11.065107
1811	1	8	0.539	0	0:00:11.072300
1812	5	5	0.586	1	0:00:11.090258
1813	3	3	0.586	1	0:00:11.141770
1814	9	-1	0.0	0	0:00:11.041172
1815	9	9	0.782	1	0:00:11.085160
1816	7	5	0.0303	0	0:00:11.036156
1817	6	2	0.0782	0	0:00:11.164570
1818	5	5	0.715	1	0:00:11.068785
1819	0	-1	0.0	0	0:00:11.095592
1820	8	9	0.313	0	0:00:11.084566
1821	4	5	0.142	0	0:00:11.098946
1822	7	5	0.0274	0	0:00:11.043903
1823	0	0	0.0288	1	0:00:11.060598
1824	9	9	0.782	1	0:00:11.125751
1825	2	4	0.301	0	0:00:11.097090
1826	8	8	0.782	1	0:00:11.072898
1827	4	4	0.334	1	0:00:11.051022
1828	7	7	0.19	1	0:00:11.058883
1829	1	9	0.475	0	0:00:11.115305
1830	3	-1	0.0	0	0:00:11.106277
1831	9	1	0.193	0	0:00:11.080247
1832	6	4	0.15	0	0:00:11.105223
1833	8	8	0.782	1	0:00:11.037218
1834	9	9	0.394	1	0:00:11.100816
1835	0	4	0.272	0	0:00:11.104934
1836	4	4	0.267	1	0:00:11.052142
1837	9	-1	0.0	0	0:00:11.106843
1838	6	3	0.102	0	0:00:11.053600
1839	7	7	0.782	1	0:00:11.071609
1840	8	-1	0.0	0	0:00:11.100676
1841	9	9	0.235	1	0:00:11.087413
1842	4	-1	0.0	0	0:00:11.074966
1843	8	8	0.146	1	0:00:11.066923
1844	9	9	0.242	1	0:00:11.123326
1845	7	5	0.0868	0	0:00:11.061848
1846	2	6	0.209	0	0:00:11.105228
1847	5	5	0.385	1	0:00:11.056011
1848	3	5	0.583	0	0:00:11.132197
1849	7	7	0.782	1	0:00:11.004154
1850	1	4	0.309	0	0:00:11.117856
1851	0	4	0.0976	0	0:00:11.072579
1852	2	9	0.0994	0	0:00:11.090616
1853	9	9	0.72	1	0:00:11.080602
1854	5	5	0.736	1	0:00:11.045774
1855	5	5	0.782	1	0:00:11.061562
1856	8	8	0.782	1	0:00:11.071717
1857	5	5	0.447	1	0:00:11.076522
1858	4	5	0.00685	0	0:00:11.050970
1859	2	5	0.359	0	0:00:11.054613
1860	8	8	0.782	1	0:00:11.118664
1861	3	-1	0.0	0	0:00:11.089840
1862	5	5	0.223	1	0:00:11.021048
1863	5	-1	0.0	0	0:00:11.139401
1864	7	7	0.782	1	0:00:11.089563
1865	7	-1	0.0	0	0:00:11.028570
1866	8	8	0.782	1	0:00:11.053192
1867	6	3	0.112	0	0:00:11.122971
1868	2	7	0.204	0	0:00:11.056720
1869	8	8	0.284	1	0:00:11.055596
1870	2	4	0.698	0	0:00:11.078230
1871	3	3	0.111	1	0:00:11.120115
1872	5	5	0.000284	1	0:00:11.097420
1873	6	4	0.396	0	0:00:11.070436
1874	8	8	0.382	1	0:00:11.077969
1875	0	0	0.782	1	0:00:11.023446
1876	2	7	0.264	0	0:00:11.148022
1877	3	5	0.354	0	0:00:11.067734
1878	7	7	0.782	1	0:00:11.089249
1879	0	8	0.109	0	0:00:11.092234
1880	1	1	0.782	1	0:00:11.067862
1881	9	9	0.782	1	0:00:11.048096
1882	1	1	0.782	1	0:00:11.160297
1883	3	2	0.211	0	0:00:11.049721
1884	7	4	0.0716	0	0:00:11.114387
1885	5	4	0.205	0	0:00:11.101273
1886	8	9	0.782	0	0:00:11.116231
1887	3	2	0.139	0	0:00:11.052217
1888	2	-1	0.0	0	0:00:11.079553
1889	9	9	0.331	1	0:00:11.106144
1890	6	6	0.204	1	0:00:11.073194
1891	8	8	0.538	1	0:00:11.059970
1892	6	2	0.0757	0	0:00:11.077693
1893	9	9	0.782	1	0:00:11.078898
1894	3	5	0.0916	0	0:00:11.095986
1895	8	0	0.082	0	0:00:11.068576
1896	9	9	0.524	1	0:00:11.040536
1897	8	0	0.109	0	0:00:11.094515
1898	0	5	0.0613	0	0:00:11.117429
1899	7	7	0.601	1	0:00:11.066544
1900	8	8	0.782	1	0:00:11.051584
1901	5	5	0.782	1	0:00:11.127722
1902	0	4	0.328	0	0:00:11.050304
1903	0	0	0.683	1	0:00:11.076996
1904	1	1	0.348	1	0:00:11.077534
1905	3	4	0.118	0	0:00:11.035715
1906	9	5	0.402	0	0:00:11.131327
1907	1	1	0.764	1	0:00:11.077980
1908	5	5	0.782	1	0:00:11.140272
1909	3	5	0.166	0	0:00:11.081684
1910	4	4	0.455	1	0:00:11.072446
1911	4	4	0.356	1	0:00:11.076360
1912	0	0	0.591	1	0:00:11.063882
1913	9	9	0.507	1	0:00:11.120333
1914	9	9	0.438	1	0:00:11.007415
1915	9	9	0.782	1	0:00:11.046277
1916	9	5	0.0657	0	0:00:11.111011
1917	8	8	0.425	1	0:00:11.072931
1918	2	2	0.00788	1	0:00:11.102157
1919	4	4	0.693	1	0:00:11.082934
1920	2	4	0.782	0	0:00:11.025143
1921	2	4	0.582	0	0:00:11.093445
1922	5	5	0.782	1	0:00:11.107013
1923	1	1	0.198	1	0:00:11.098553
1924	9	5	0.438	0	0:00:11.065056
1925	1	1	0.782	1	0:00:11.105947
1926	0	0	0.0302	1	0:00:11.059757
1927	9	1	0.466	0	0:00:11.066509
1928	4	3	0.119	0	0:00:11.079655
1929	2	4	0.552	0	0:00:11.077887
1930	1	1	0.764	1	0:00:11.052323
1931	6	5	0.211	0	0:00:11.123144
1932	0	0	0.00383	1	0:00:11.055073
1933	3	-1	0.0	0	0:00:11.085236
1934	7	-1	0.0	0	0:00:11.107152
1935	6	4	0.359	0	0:00:11.083320
1936	3	7	0.158	0	0:00:11.066086
1937	1	9	0.548	0	0:00:11.011524
1938	8	8	0.455	1	0:00:11.021440
1939	6	5	0.244	0	0:00:11.168465
1940	5	3	0.0332	0	0:00:11.091852
1941	7	0	0.148	0	0:00:11.062943
1942	2	2	0.15	1	0:00:11.015860
1943	8	8	0.782	1	0:00:11.095074
1944	4	4	0.0594	1	0:00:11.051412
1945	4	7	0.391	0	0:00:11.063592
1946	8	4	0.127	0	0:00:11.044718
1947	3	9	0.175	0	0:00:11.079489
1948	5	3	0.101	0	0:00:11.106785
1949	0	0	0.533	1	0:00:11.023189
1950	5	5	0.408	1	0:00:11.034898
1951	7	7	0.15	1	0:00:11.111602
1952	4	4	0.0894	1	0:00:11.069442
1953	4	0	0.082	0	0:00:10.994522
1954	2	0	0.261	0	0:00:11.109100
1955	2	4	0.316	0	0:00:11.095388
1956	7	7	0.502	1	0:00:11.086833
1957	3	5	0.348	0	0:00:11.056366
1958	6	3	0.105	0	0:00:11.119717
1959	0	4	0.526	0	0:00:11.020235
1960	2	5	0.53	0	0:00:11.046674
1961	7	5	0.381	0	0:00:11.154984
1962	6	6	0.17	1	0:00:11.023696
1963	2	0	0.439	0	0:00:11.114050
1964	3	5	0.782	0	0:00:11.030443
1965	0	0	0.136	1	0:00:11.091202
1966	7	7	0.126	1	0:00:11.060353
1967	7	7	0.708	1	0:00:11.108713
1968	8	8	0.782	1	0:00:11.096820
1969	1	9	0.753	0	0:00:11.051641
1970	1	1	0.782	1	0:00:10.990721
1971	4	-1	0.0	0	0:00:11.187127
1972	6	-1	0.0	0	0:00:11.044650
1973	0	4	0.782	0	0:00:10.989753
1974	6	6	0.782	1	0:00:11.156257
1975	6	9	0.0338	0	0:00:11.087650
1976	5	5	0.509	1	0:00:11.093345
1977	5	5	0.782	1	0:00:11.044939
1978	6	6	0.736	1	0:00:11.153851
1979	3	2	0.154	0	0:00:11.055254
1980	9	9	0.587	1	0:00:11.048576
1981	3	4	0.119	0	0:00:11.139546
1982	6	6	0.542	1	0:00:11.095176
1983	8	-1	0.0	0	0:00:11.042396
1984	7	7	0.206	1	0:00:11.089064
1985	6	4	0.307	0	0:00:11.017837
1986	4	2	0.369	0	0:00:11.123547
1987	9	9	0.628	1	0:00:11.064628
1988	5	5	0.72	1	0:00:11.097103
1989	6	5	0.421	0	0:00:11.078008
1990	4	7	0.0463	0	0:00:11.075424
1991	1	1	0.782	1	0:00:11.078464
1992	6	6	0.744	1	0:00:11.001133
1993	3	3	0.0972	1	0:00:11.112908
1994	8	3	0.0942	0	0:00:11.136670
1995	2	4	0.725	0	0:00:11.063404
1996	3	5	0.782	0	0:00:11.053720
1997	9	9	0.248	1	0:00:11.066260
1998	8	3	0.0338	0	0:00:11.090176
1999	5	3	0.0262	0	0:00:11.053670
2000	1	-1	0.0	0	0:00:11.073479
2001	5	5	0.074	1	0:00:11.061783
2002	4	4	0.646	1	0:00:11.061840
2003	5	5	0.736	1	0:00:11.088637
2004	7	7	0.782	1	0:00:11.094353
2005	5	5	0.542	1	0:00:11.074647
2006	7	7	0.782	1	0:00:11.097036
2007	8	0	0.0325	0	0:00:11.067626
2008	9	9	0.611	1	0:00:11.061878
2009	1	1	0.573	1	0:00:10.975236
2010	7	5	0.426	0	0:00:11.059022
2011	2	4	0.228	0	0:00:11.130744
2012	5	5	0.782	1	0:00:11.086529
2013	6	-1	0.0	0	0:00:11.087636
2014	8	8	0.247	1	0:00:11.036915
2015	4	4	0.434	1	0:00:11.072940
2016	6	2	0.163	0	0:00:11.074586
2017	5	5	0.205	1	0:00:11.050624
2018	3	6	0.764	0	0:00:11.077678
2019	9	-1	0.0	0	0:00:11.048837
2020	9	9	0.782	1	0:00:11.089507
2021	8	8	0.693	1	0:00:11.044176
2022	5	5	0.782	1	0:00:11.136941
2023	5	5	0.343	1	0:00:11.065082
2024	6	6	0.0625	1	0:00:11.037984
2025	4	4	0.782	1	0:00:11.127333
2026	5	5	0.782	1	0:00:11.080897
2027	9	5	0.137	0	0:00:11.095872
2028	7	7	0.128	1	0:00:11.098015
2029	3	-1	0.0	0	0:00:11.114424
2030	4	4	0.347	1	0:00:11.046766
2031	1	1	0.782	1	0:00:11.092003
2032	4	4	0.782	1	0:00:11.047341
2033	2	4	0.596	0	0:00:11.066491
2034	3	4	0.105	0	0:00:11.114592
2035	6	6	0.0923	1	0:00:11.022031
2036	5	5	0.4	1	0:00:11.130668
2037	5	5	0.715	1	0:00:11.088552
2038	2	3	0.235	0	0:00:11.079060
2039	8	8	0.457	1	0:00:11.067623
2040	0	0	0.162	1	0:00:11.088600
2041	0	0	0.624	1	0:00:11.035798
2042	1	1	0.782	1	0:00:11.117342
2043	8	8	0.659	1	0:00:11.081102
2044	3	5	0.782	0	0:00:11.062922
2045	1	9	0.162	0	0:00:11.036466
2046	3	5	0.00842	0	0:00:11.071748
2047	5	5	0.782	1	0:00:11.083995
2048	8	8	0.782	1	0:00:11.025274
2049	3	-1	0.0	0	0:00:11.146566
2050	8	8	0.782	1	0:00:11.036759
2051	5	5	0.736	1	0:00:11.061041
2052	8	8	0.782	1	0:00:11.038076
2053	6	2	0.212	0	0:00:11.072150
2054	3	5	0.753	0	0:00:11.095484
2055	5	5	0.418	1	0:00:11.086022
2056	5	5	0.782	1	0:00:11.063440
2057	5	3	0.307	0	0:00:11.093317
2058	0	8	0.304	0	0:00:11.044390
2059	9	9	0.406	1	0:00:11.114869
2060	5	5	0.464	1	0:00:11.124008
2061	5	-1	0.0	0	0:00:11.050639
2062	7	3	0.0263	0	0:00:11.102741
2063	1	1	0.56	1	0:00:11.086356
2064	8	8	0.55	1	0:00:11.072322
2065	2	2	0.0795	1	0:00:11.081679
2066	2	7	0.0334	0	0:00:11.104445
2067	7	4	0.596	0	0:00:11.038031
2068	3	2	0.259	0	0:00:11.094259
2069	4	4	0.177	1	0:00:11.112776
2070	2	4	0.72	0	0:00:11.022373
2071	9	9	0.782	1	0:00:11.115973
2072	6	6	0.782	1	0:00:11.079394
2073	2	4	0.516	0	0:00:11.064570
2074	2	2	0.177	1	0:00:11.078257
2075	4	4	0.324	1	0:00:11.134531
2076	3	5	0.508	0	0:00:11.057404
2077	0	0	0.348	1	0:00:11.066487
2078	2	4	0.00989	0	0:00:11.038022
2079	0	4	0.236	0	0:00:11.118325
2080	1	1	0.392	1	0:00:11.053065
2081	3	3	0.00139	1	0:00:11.125305
2082	2	4	0.396	0	0:00:11.046538
2083	2	-1	0.0	0	0:00:11.126434
2084	7	7	0.782	1	0:00:11.077703
2085	0	4	0.357	0	0:00:11.056737
2086	1	1	0.782	1	0:00:10.977915
2087	0	4	0.484	0	0:00:11.139554
2088	7	7	0.782	1	0:00:11.035915
2089	7	7	0.782	1	0:00:11.136951
2090	2	4	0.782	0	0:00:11.085805
2091	0	5	0.0468	0	0:00:11.040038
2092	1	1	0.711	1	0:00:11.051357
2093	6	6	0.782	1	0:00:11.114703
2094	5	5	0.715	1	0:00:11.050795
2095	0	4	0.715	0	0:00:11.078246
2096	2	9	0.782	0	0:00:11.043417
2097	2	4	0.736	0	0:00:11.145260
2098	0	0	0.715	1	0:00:11.065712
2099	1	1	0.73	1	0:00:11.093611
2100	2	4	0.00559	0	0:00:11.071706
2101	6	6	0.165	1	0:00:11.074985
2102	0	0	0.149	1	0:00:11.085183
2103	1	1	0.126	1	0:00:11.067016
2104	6	3	0.17	0	0:00:11.048991
2105	6	5	0.0156	0	0:00:11.121290
2106	5	5	0.606	1	0:00:11.099091
2107	3	5	0.704	0	0:00:11.067360
2108	4	5	0.282	0	0:00:11.118411
2109	0	0	0.24	1	0:00:11.073738
2110	0	0	0.0975	1	0:00:11.079171
2111	9	9	0.711	1	0:00:11.103621
2112	1	1	0.583	1	0:00:11.096258
2113	0	0	0.764	1	0:00:11.086282
2114	2	5	0.304	0	0:00:11.099187
2115	5	5	0.436	1	0:00:11.064744
2116	9	9	0.782	1	0:00:11.107223
2117	7	-1	0.0	0	0:00:11.016649
2118	8	8	0.782	1	0:00:11.117621
2119	6	6	0.12	1	0:00:11.092925
2120	4	4	0.0987	1	0:00:11.088617
2121	6	4	0.0763	0	0:00:11.061281
2122	0	0	0.782	1	0:00:11.060792
2123	2	4	0.217	0	0:00:11.077651
2124	0	0	0.782	1	0:00:11.045463
2125	1	1	0.0746	1	0:00:11.080229
2126	9	1	0.575	0	0:00:11.119123
2127	2	5	0.312	0	0:00:11.074611
2128	4	2	0.31	0	0:00:11.091274
2129	9	9	0.159	1	0:00:11.068726
2130	0	0	0.0739	1	0:00:11.057843
2131	7	7	0.2	1	0:00:11.105482
2132	2	-1	0.0	0	0:00:11.070427
2133	3	5	0.442	0	0:00:11.042345
2134	4	4	0.0229	1	0:00:11.126824
2135	8	8	0.782	1	0:00:11.015467
2136	0	9	0.514	0	0:00:11.059034
2137	2	4	0.127	0	0:00:11.096971
2138	6	6	0.61	1	0:00:11.111745
2139	8	8	0.782	1	0:00:10.994692
2140	9	9	0.782	1	0:00:11.150603
2141	7	5	0.133	0	0:00:11.094137
2142	1	-1	0.0	0	0:00:11.052615
2143	9	9	0.736	1	0:00:11.085934
2144	3	5	0.0677	0	0:00:10.994253
2145	7	7	0.259	1	0:00:11.051543
2146	2	3	0.0974	0	0:00:11.182105
2147	7	5	0.373	0	0:00:11.081513
2148	9	9	0.782	1	0:00:11.063868
2149	6	6	0.675	1	0:00:11.043750
2150	9	9	0.218	1	0:00:11.082930
2151	5	3	0.0201	0	0:00:11.072552
2152	7	4	0.117	0	0:00:11.071226
2153	8	0	0.116	0	0:00:11.049240
2154	5	5	0.0695	1	0:00:11.090200
2155	9	0	0.034	0	0:00:11.028605
2156	8	8	0.541	1	0:00:11.120029
2157	3	3	0.228	1	0:00:11.083520
2158	9	9	0.48	1	0:00:11.052136
2159	8	9	0.445	0	0:00:11.004300
2160	0	8	0.35	0	0:00:11.147462
2161	5	4	0.188	0	0:00:11.097647
2162	5	9	0.25	0	0:00:11.115996
2163	7	4	0.0877	0	0:00:11.008492
2164	1	1	0.782	1	0:00:11.094531
2165	2	4	0.373	0	0:00:11.083007
2166	0	4	0.782	0	0:00:11.051978
2167	7	5	0.347	0	0:00:11.040685
2168	5	5	0.17	1	0:00:11.095537
2169	8	0	0.186	0	0:00:11.031011
2170	2	4	0.782	0	0:00:11.106020
2171	2	5	0.782	0	0:00:11.090731
2172	5	4	0.417	0	0:00:11.065380
2173	3	3	0.243	1	0:00:11.067866
2174	9	9	0.782	1	0:00:11.005080
2175	3	5	0.489	0	0:00:11.116898
2176	1	1	0.387	1	0:00:11.042547
2177	9	9	0.153	1	0:00:11.056944
2178	3	9	0.394	0	0:00:11.011975
2179	1	1	0.782	1	0:00:11.134733
2180	4	4	0.273	1	0:00:11.035113
2181	3	4	0.106	0	0:00:11.077910
2182	4	4	0.782	1	0:00:11.047266
2183	4	4	0.626	1	0:00:11.030053
2184	9	9	0.782	1	0:00:11.058572
2185	0	0	0.0624	1	0:00:11.058309
2186	9	9	0.21	1	0:00:11.012075
2187	5	5	0.782	1	0:00:11.053218
2188	9	9	0.782	1	0:00:11.118064
2189	2	4	0.654	0	0:00:10.998464
2190	9	1	0.543	0	0:00:11.112087
2191	4	5	0.47	0	0:00:11.058854
2192	0	4	0.128	0	0:00:11.066368
2193	2	0	0.556	0	0:00:11.047930
2194	8	8	0.153	1	0:00:11.079189
2195	4	5	0.452	0	0:00:11.019778
2196	8	8	0.47	1	0:00:11.138485
2197	6	-1	0.0	0	0:00:11.046438
2198	8	8	0.639	1	0:00:11.093827
2199	2	2	0.316	1	0:00:11.029356
2200	0	4	0.782	0	0:00:11.039781
2201	5	5	0.487	1	0:00:11.049447
2202	9	1	0.0583	0	0:00:11.077132
2203	6	3	0.114	0	0:00:11.065843
2204	9	9	0.547	1	0:00:11.130771
2205	5	9	0.278	0	0:00:11.023952
2206	1	9	0.397	0	0:00:11.077306
2207	3	-1	0.0	0	0:00:11.092634
2208	4	4	0.782	1	0:00:11.071681
2209	4	4	0.61	1	0:00:11.025249
2210	2	0	0.118	0	0:00:11.054182
2211	7	7	0.0606	1	0:00:11.077940
2212	2	4	0.582	0	0:00:11.054711
2213	4	6	0.375	0	0:00:11.053149
2214	4	2	0.782	0	0:00:11.048743
2215	0	-1	0.0	0	0:00:11.048463
2216	2	4	0.386	0	0:00:11.050878
2217	8	8	0.26	1	0:00:11.101735
2218	4	4	0.138	1	0:00:11.008296
2219	5	3	0.345	0	0:00:11.075702
2220	1	1	0.782	1	0:00:11.082844
2221	2	2	0.396	1	0:00:11.032184
2222	6	2	0.0974	0	0:00:11.044991
2223	8	8	0.205	1	0:00:11.043490
2224	1	1	0.782	1	0:00:11.065773
2225	7	7	0.782	1	0:00:11.062857
2226	2	6	0.698	0	0:00:11.032622
2227	8	8	0.782	1	0:00:11.053186
2228	7	7	0.782	1	0:00:11.088871
2229	4	4	0.62	1	0:00:11.053579
2230	3	5	0.782	0	0:00:11.062651
2231	3	5	0.47	0	0:00:11.058979
2232	0	5	0.137	0	0:00:11.065644
2233	3	4	0.744	0	0:00:11.040489
2234	7	7	0.782	1	0:00:11.059990
2235	2	4	0.541	0	0:00:11.097216
2236	5	3	0.0165	0	0:00:11.035648
2237	6	3	0.164	0	0:00:11.111146
2238	1	1	0.782	1	0:00:11.012823
2239	7	7	0.208	1	0:00:11.038825
2240	9	9	0.609	1	0:00:11.044271
2241	0	0	0.609	1	0:00:11.101764
2242	2	3	0.0169	0	0:00:11.037498
2243	3	5	0.266	0	0:00:11.076087
2244	9	9	0.647	1	0:00:11.026235
2245	8	8	0.41	1	0:00:10.975300
2246	9	-1	0.0	0	0:00:11.127825
2247	5	5	0.223	1	0:00:11.042601
2248	0	-1	0.0	0	0:00:11.042100
2249	0	0	0.594	1	0:00:11.094821
2250	7	7	0.0264	1	0:00:11.010426
2251	6	5	0.242	0	0:00:11.034376
2252	3	5	0.701	0	0:00:11.070826
2253	3	5	0.753	0	0:00:11.038009
2254	8	8	0.497	1	0:00:11.032536
2255	1	8	0.191	0	0:00:11.095870
2256	4	4	0.128	1	0:00:11.022072
2257	0	0	0.782	1	0:00:11.069204
2258	1	1	0.000259	1	0:00:11.039620
2259	5	5	0.282	1	0:00:11.134388
2260	4	7	0.119	0	0:00:11.062636
2261	3	3	0.164	1	0:00:11.064890
2262	2	0	0.221	0	0:00:11.058414
2263	6	6	0.782	1	0:00:11.131120
2264	0	-1	0.0	0	0:00:11.041672
2265	8	8	0.782	1	0:00:11.071140
2266	8	8	0.545	1	0:00:11.042934
2267	6	5	0.549	0	0:00:11.068677
2268	3	5	0.414	0	0:00:11.043859
2269	3	5	0.0918	0	0:00:11.101929
2270	2	4	0.683	0	0:00:11.072356
2271	9	8	0.0744	0	0:00:11.106808
2272	7	7	0.782	1	0:00:11.028793
2273	5	5	0.331	1	0:00:11.120822
2274	1	1	0.621	1	0:00:11.015290
2275	6	2	0.204	0	0:00:11.102441
2276	0	0	0.12	1	0:00:11.057420
2277	5	5	0.782	1	0:00:11.023131
2278	9	9	0.782	1	0:00:11.110844
2279	9	9	0.782	1	0:00:11.083264
2280	4	4	0.782	1	0:00:11.030294
2281	5	5	0.782	1	0:00:11.094216
2282	9	1	0.109	0	0:00:11.086154
2283	4	5	0.201	0	0:00:11.072593
2284	8	0	0.0992	0	0:00:11.066301
2285	3	5	0.635	0	0:00:11.039277
2286	3	5	0.606	0	0:00:11.100527
2287	2	4	0.216	0	0:00:11.055169
2288	5	2	0.118	0	0:00:11.046153
2289	1	9	0.423	0	0:00:11.035234
2290	9	9	0.736	1	0:00:11.054288
2291	5	5	0.581	1	0:00:11.073179
2292	5	5	0.588	1	0:00:11.093759
2293	8	1	0.782	0	0:00:11.070984
2294	1	1	0.0745	1	0:00:11.132164
2295	8	8	0.228	1	0:00:10.979290
2296	9	9	0.603	1	0:00:11.088805
2297	7	7	0.764	1	0:00:11.043455
2298	0	4	0.033	0	0:00:11.119361
2299	6	5	0.134	0	0:00:11.016999
2300	3	4	0.184	0	0:00:11.113146
2301	2	4	0.218	0	0:00:11.057475
2302	0	4	0.736	0	0:00:11.100265
2303	2	4	0.638	0	0:00:11.069233
2304	6	3	0.171	0	0:00:11.062449
2305	9	5	0.469	0	0:00:11.013733
2306	3	5	0.782	0	0:00:11.095450
2307	9	9	0.782	1	0:00:11.103947
2308	1	1	0.753	1	0:00:11.082388
2309	6	3	0.532	0	0:00:11.082827
2310	6	5	0.402	0	0:00:11.070398
2311	7	2	0.0515	0	0:00:11.071755
2312	2	2	0.213	1	0:00:11.066171
2313	6	2	0.216	0	0:00:11.056568
2314	3	4	0.046	0	0:00:11.066917
2315	2	4	0.111	0	0:00:11.058695
2316	5	4	0.207	0	0:00:11.085296
2317	5	5	0.498	1	0:00:10.999489
2318	2	2	0.00528	1	0:00:11.163505
2319	7	5	0.0201	0	0:00:11.078324
2320	5	4	0.141	0	0:00:11.022680
2321	2	3	0.2	0	0:00:11.115235
2322	0	4	0.089	0	0:00:11.044308
2323	8	1	0.565	0	0:00:11.034847
2324	0	4	0.451	0	0:00:11.090925
2325	7	4	0.511	0	0:00:11.022267
2326	7	7	0.782	1	0:00:11.127885
2327	1	0	0.0505	0	0:00:11.057703
2328	7	7	0.782	1	0:00:11.060312
2329	4	-1	0.0	0	0:00:11.033799
2330	0	8	0.325	0	0:00:11.050455
2331	2	5	0.412	0	0:00:11.122349
2332	2	4	0.554	0	0:00:10.989034
2333	6	6	0.764	1	0:00:11.137563
2334	1	1	0.134	1	0:00:11.053978
2335	5	5	0.73	1	0:00:11.054438
2336	9	9	0.782	1	0:00:11.109943
2337	7	7	0.158	1	0:00:11.074143
2338	6	2	0.0819	0	0:00:11.066811
2339	2	4	0.73	0	0:00:11.059741
2340	7	7	0.782	1	0:00:10.957086
2341	0	0	0.782	1	0:00:11.170930
2342	5	5	0.379	1	0:00:11.061175
2343	6	5	0.0135	0	0:00:11.096425
2344	0	0	0.782	1	0:00:11.047548
2345	1	1	0.55	1	0:00:11.037444
2346	1	1	0.782	1	0:00:11.093068
2347	8	8	0.537	1	0:00:11.093362
2348	4	-1	0.0	0	0:00:11.011798
2349	5	5	0.67	1	0:00:11.079267
2350	3	4	0.343	0	0:00:11.074935
2351	1	1	0.249	1	0:00:11.052922
2352	2	5	0.272	0	0:00:11.079350
2353	4	2	0.119	0	0:00:11.042622
2354	8	8	0.782	1	0:00:11.057555
2355	9	8	0.214	0	0:00:11.098999
2356	8	8	0.439	1	0:00:11.050230
2357	1	1	0.782	1	0:00:11.098629
2358	7	5	0.349	0	0:00:11.081144
2359	2	3	0.183	0	0:00:11.078737
2360	7	5	0.367	0	0:00:11.072665
2361	2	4	0.764	0	0:00:11.083438
2362	3	4	0.136	0	0:00:11.066978
2363	2	5	0.164	0	0:00:11.056898
2364	6	6	0.657	1	0:00:11.059924
2365	7	5	0.361	0	0:00:11.057548
2366	9	1	0.132	0	0:00:11.097449
2367	4	4	0.209	1	0:00:11.074192
2368	0	-1	0.0	0	0:00:11.023953
2369	1	1	0.133	1	0:00:11.149846
2370	0	0	0.764	1	0:00:11.066460
2371	4	0	0.00492	0	0:00:11.057423
2372	5	5	0.643	1	0:00:11.068860
2373	0	0	0.782	1	0:00:11.105115
2374	8	8	0.132	1	0:00:11.090194
2375	0	8	0.0871	0	0:00:11.074527
2376	7	8	0.0242	0	0:00:11.054443
2377	6	3	0.102	0	0:00:11.078403
2378	1	1	0.782	1	0:00:11.080111
2379	0	0	0.326	1	0:00:11.043885
2380	8	0	0.131	0	0:00:11.135579
2381	5	5	0.782	1	0:00:11.061189
2382	9	9	0.782	1	0:00:11.079657
2383	2	4	0.782	0	0:00:11.036863
2384	5	5	0.0999	1	0:00:11.124952
2385	4	5	0.17	0	0:00:11.075516
2386	4	4	0.275	1	0:00:11.097553
2387	9	1	0.0732	0	0:00:11.074689
2388	0	0	0.764	1	0:00:11.043118
2389	6	-1	0.0	0	0:00:11.098522
2390	1	9	0.0809	0	0:00:11.075527
2391	2	2	0.0353	1	0:00:11.086480
2392	5	5	0.782	1	0:00:11.073556
2393	1	9	0.287	0	0:00:11.109813
2394	6	3	0.0518	0	0:00:10.990144
2395	7	8	0.26	0	0:00:11.093516
2396	1	1	0.197	1	0:00:11.084727
2397	5	4	0.673	0	0:00:11.111137
2398	8	8	0.417	1	0:00:11.005451
2399	8	8	0.373	1	0:00:11.073818
2400	0	0	0.0388	1	0:00:11.038514
2401	3	3	0.0896	1	0:00:11.101221
2402	9	9	0.764	1	0:00:11.027419
2403	4	2	0.134	0	0:00:11.161460
2404	0	0	0.0769	1	0:00:11.031196
2405	3	6	0.782	0	0:00:11.064060
2406	4	4	0.0209	1	0:00:11.109460
2407	9	8	0.0723	0	0:00:11.070789
2408	2	2	0.0699	1	0:00:11.098423
2409	4	-1	0.0	0	0:00:11.056427
2410	3	5	0.242	0	0:00:11.042932
2411	0	0	0.782	1	0:00:11.074566
2412	6	6	0.328	1	0:00:11.131885
2413	4	6	0.016	0	0:00:11.118480
2414	5	5	0.301	1	0:00:11.085446
2415	6	6	0.0661	1	0:00:11.086692
2416	6	-1	0.0	0	0:00:11.062269
2417	7	7	0.782	1	0:00:11.091408
2418	8	8	0.48	1	0:00:11.021538
2419	4	5	0.432	0	0:00:11.137961
2420	8	-1	0.0	0	0:00:11.055524
2421	8	8	0.339	1	0:00:11.044317
2422	3	4	0.108	0	0:00:11.125169
2423	2	6	0.275	0	0:00:11.118429
2424	8	-1	0.0	0	0:00:11.037239
2425	0	8	0.229	0	0:00:11.030314
2426	2	4	0.399	0	0:00:11.094456
2427	5	3	0.175	0	0:00:11.084663
2428	6	3	0.0829	0	0:00:11.130464
2429	8	8	0.375	1	0:00:11.028212
2430	7	5	0.378	0	0:00:11.072654
2431	8	0	0.0123	0	0:00:11.062705
2432	9	8	0.064	0	0:00:11.101990
2433	9	9	0.782	1	0:00:11.086636
2434	0	8	0.2	0	0:00:11.047436
2435	6	2	0.138	0	0:00:11.040886
2436	6	6	0.0179	1	0:00:11.094925
2437	8	8	0.415	1	0:00:11.092409
2438	1	1	0.73	1	0:00:11.069428
2439	1	1	0.782	1	0:00:11.053293
2440	7	7	0.0764	1	0:00:11.106209
2441	4	2	0.348	0	0:00:11.011863
2442	4	2	0.0219	0	0:00:11.084764
2443	2	4	0.782	0	0:00:11.065994
2444	3	5	0.094	0	0:00:11.100065
2445	6	6	0.782	1	0:00:11.050498
2446	9	9	0.736	1	0:00:11.071846
2447	6	4	0.0427	0	0:00:11.105229
2448	2	3	0.522	0	0:00:11.051610
2449	4	5	0.423	0	0:00:11.082192
2450	1	1	0.782	1	0:00:11.079492
2451	8	8	0.782	1	0:00:11.031456
2452	2	2	0.137	1	0:00:11.055889
2453	3	2	0.326	0	0:00:11.108113
2454	1	1	0.0221	1	0:00:11.027663
2455	6	5	0.531	0	0:00:11.033592
2456	8	8	0.399	1	0:00:11.107647
2457	6	3	0.186	0	0:00:11.042321
2458	8	8	0.143	1	0:00:11.039438
2459	5	3	0.112	0	0:00:11.058778
2460	9	9	0.148	1	0:00:11.104367
2461	0	4	0.57	0	0:00:11.003739
2462	1	1	0.782	1	0:00:11.035468
2463	0	0	0.438	1	0:00:11.052834
2464	2	6	0.306	0	0:00:11.062189
2465	9	9	0.782	1	0:00:11.068824
2466	2	4	0.452	0	0:00:11.049917
2467	9	9	0.782	1	0:00:11.055418
2468	0	4	0.313	0	0:00:11.003347
2469	9	9	0.467	1	0:00:11.105575
2470	7	7	0.782	1	0:00:10.976052
2471	8	0	0.0744	0	0:00:11.096929
2472	5	5	0.0131	1	0:00:11.063053
2473	0	8	0.0461	0	0:00:11.049270
2474	6	3	0.045	0	0:00:11.040756
2475	6	6	0.744	1	0:00:11.054009
2476	8	8	0.061	1	0:00:11.106460
2477	1	9	0.213	0	0:00:11.046163
2478	6	3	0.182	0	0:00:11.053684
2479	5	5	0.52	1	0:00:11.071892
2480	8	8	0.782	1	0:00:11.096568
2481	7	4	0.388	0	0:00:11.023867
2482	9	9	0.264	1	0:00:11.107027
2483	2	5	0.21	0	0:00:11.055089
2484	1	1	0.782	1	0:00:11.056362
2485	6	6	0.782	1	0:00:11.012119
2486	7	4	0.31	0	0:00:11.087291
2487	5	5	0.679	1	0:00:11.091989
2488	6	6	0.601	1	0:00:11.072006
2489	3	4	0.177	0	0:00:11.033382
2490	0	0	0.0552	1	0:00:11.075494
2491	9	0	0.0238	0	0:00:11.053109
2492	8	8	0.782	1	0:00:11.083729
2493	9	1	0.35	0	0:00:11.023345
2494	5	4	0.175	0	0:00:11.054990
2495	9	8	0.725	0	0:00:11.069152
2496	9	9	0.782	1	0:00:11.037620
2497	9	8	0.305	0	0:00:11.092655
2498	3	5	0.211	0	0:00:11.078123
2499	6	5	0.496	0	0:00:11.041872
2500	4	2	0.0261	0	0:00:11.071903
2501	4	4	0.43	1	0:00:11.067214
2502	8	8	0.501	1	0:00:11.123806
2503	8	8	0.0939	1	0:00:11.008900
2504	1	1	0.368	1	0:00:11.079839
2505	7	9	0.272	0	0:00:11.144444
2506	3	8	0.00217	0	0:00:11.042815
2507	0	4	0.247	0	0:00:11.048599
2508	6	3	0.0612	0	0:00:11.008337
2509	2	3	0.00563	0	0:00:11.158382
2510	4	5	0.157	0	0:00:11.019391
2511	8	1	0.171	0	0:00:11.174546
2512	2	5	0.255	0	0:00:11.047347
2513	2	4	0.613	0	0:00:11.059299
2514	9	9	0.609	1	0:00:11.062534
2515	2	3	0.00939	0	0:00:11.004931
2516	2	5	0.22	0	0:00:11.150252
2517	9	9	0.764	1	0:00:11.050975
2518	7	7	0.708	1	0:00:11.073403
2519	4	-1	0.0	0	0:00:11.021460
2520	1	9	0.0151	0	0:00:11.150463
2521	9	5	0.341	0	0:00:11.058588
2522	1	9	0.179	0	0:00:11.029972
2523	4	5	0.165	0	0:00:11.032201
2524	3	3	0.181	1	0:00:11.191357
2525	5	3	0.302	0	0:00:11.005829
2526	3	5	0.103	0	0:00:11.106586
2527	8	8	0.113	1	0:00:11.042154
2528	9	1	0.123	0	0:00:11.056644
2529	3	9	0.582	0	0:00:11.075613
2530	6	6	0.299	1	0:00:11.089579
2531	2	5	0.276	0	0:00:11.043060
2532	0	1	0.259	0	0:00:11.122267
2533	8	5	0.414	0	0:00:10.990237
2534	9	9	0.238	1	0:00:11.113866
2535	0	4	0.156	0	0:00:11.069541
2536	5	5	0.782	1	0:00:11.063581
2537	1	1	0.782	1	0:00:11.087222
2538	5	4	0.347	0	0:00:11.085563
2539	8	8	0.291	1	0:00:11.046101
2540	2	2	0.0647	1	0:00:11.064854
2541	1	1	0.782	1	0:00:11.087532
2542	2	0	0.124	0	0:00:11.044485
2543	3	4	0.538	0	0:00:11.112488
2544	2	3	0.102	0	0:00:11.083982
2545	4	7	0.313	0	0:00:11.051102
2546	8	8	0.753	1	0:00:11.090650
2547	4	4	0.467	1	0:00:11.065938
2548	0	4	0.446	0	0:00:11.082381
2549	6	6	0.211	1	0:00:10.985499
2550	4	2	0.00253	0	0:00:11.122651
2551	2	6	0.582	0	0:00:11.079048
2552	9	9	0.764	1	0:00:11.070412
2553	8	8	0.782	1	0:00:11.037818
2554	4	7	0.484	0	0:00:11.073629
2555	7	-1	0.0	0	0:00:11.088680
2556	6	6	0.315	1	0:00:11.069187
2557	2	5	0.312	0	0:00:11.091424
2558	4	4	0.575	1	0:00:11.039129
2559	7	7	0.0919	1	0:00:11.085211
2560	7	5	0.355	0	0:00:11.045128
2561	6	6	0.782	1	0:00:11.082473
2562	4	4	0.209	1	0:00:11.094714
2563	2	4	0.517	0	0:00:11.022322
2564	2	4	0.454	0	0:00:11.101898
2565	3	5	0.627	0	0:00:11.073413
2566	2	5	0.266	0	0:00:11.023155
2567	4	5	0.339	0	0:00:11.064971
2568	9	5	0.166	0	0:00:11.126121
2569	0	0	0.782	1	0:00:11.028860
2570	0	4	0.753	0	0:00:11.062258
2571	9	9	0.599	1	0:00:11.061699
2572	6	4	0.317	0	0:00:11.087619
2573	5	5	0.522	1	0:00:11.064652
2574	8	8	0.108	1	0:00:11.029033
