idx	label	predict	radius	correct	time
0	3	5	0.196	0	0:00:15.169812
1	8	8	0.348	1	0:00:15.168190
2	8	8	0.391	1	0:00:15.166606
3	0	0	0.391	1	0:00:15.168109
4	6	6	0.391	1	0:00:15.164244
5	6	5	0.111	0	0:00:15.167199
6	1	9	0.391	0	0:00:15.166441
7	6	6	0.391	1	0:00:15.167691
8	3	6	0.391	0	0:00:15.165717
9	1	9	0.391	0	0:00:15.167189
10	0	2	0.382	0	0:00:15.167521
11	9	9	0.391	1	0:00:15.167213
12	5	5	0.391	1	0:00:15.167118
13	7	7	0.391	1	0:00:15.166896
14	9	9	0.391	1	0:00:15.166542
15	8	8	0.159	1	0:00:15.167602
16	5	5	0.391	1	0:00:15.166480
17	7	7	0.391	1	0:00:15.166617
18	8	8	0.296	1	0:00:15.168167
19	6	6	0.391	1	0:00:15.166851
20	7	7	0.133	1	0:00:15.166728
21	0	6	0.376	0	0:00:15.167786
22	4	6	0.391	0	0:00:15.166921
23	9	9	0.391	1	0:00:15.166016
24	5	6	0.391	0	0:00:15.165637
25	2	6	0.224	0	0:00:15.168200
26	4	5	0.382	0	0:00:15.164951
27	0	2	0.204	0	0:00:15.165966
28	9	9	0.391	1	0:00:15.165338
29	6	6	0.289	1	0:00:15.166832
30	6	5	0.0253	0	0:00:15.165395
31	5	6	0.256	0	0:00:15.167094
32	4	2	0.134	0	0:00:15.165653
33	5	5	0.274	1	0:00:15.164138
34	9	9	0.391	1	0:00:15.165958
35	2	5	0.064	0	0:00:15.168809
36	4	5	0.277	0	0:00:15.165266
37	1	9	0.0511	0	0:00:15.165238
38	9	9	0.391	1	0:00:15.167400
39	5	3	0.0568	0	0:00:15.166469
40	4	2	0.154	0	0:00:15.164633
41	6	6	0.356	1	0:00:15.166490
42	5	5	0.391	1	0:00:15.165506
43	6	6	0.391	1	0:00:15.165077
44	0	2	0.019	0	0:00:15.166677
45	9	9	0.391	1	0:00:15.166741
46	3	5	0.282	0	0:00:15.165721
47	9	-1	0.0	0	0:00:15.165953
48	7	7	0.333	1	0:00:15.165280
49	6	6	0.391	1	0:00:15.165343
50	9	9	0.000628	1	0:00:15.166698
51	8	0	0.285	0	0:00:15.165851
52	0	6	0.382	0	0:00:15.165047
53	3	5	0.0794	0	0:00:15.165648
54	8	8	0.391	1	0:00:15.166583
55	8	8	0.0147	1	0:00:15.166084
56	7	7	0.0797	1	0:00:15.165660
57	7	3	0.0236	0	0:00:15.167071
58	4	3	0.309	0	0:00:15.167822
59	6	6	0.249	1	0:00:15.164559
60	7	7	0.391	1	0:00:15.165279
61	3	5	0.356	0	0:00:15.167480
62	6	3	0.05	0	0:00:15.166952
63	3	9	0.391	0	0:00:15.164660
64	6	6	0.391	1	0:00:15.165176
65	2	6	0.175	0	0:00:15.165955
66	1	8	0.0349	0	0:00:15.165542
67	2	2	0.141	1	0:00:15.165468
68	3	5	0.318	0	0:00:15.164703
69	7	9	0.382	0	0:00:15.165984
70	2	2	0.0767	1	0:00:15.165949
71	6	6	0.391	1	0:00:15.165740
72	8	0	0.15	0	0:00:15.164968
73	8	8	0.275	1	0:00:15.165157
74	0	3	0.166	0	0:00:15.165861
75	2	6	0.391	0	0:00:15.164388
76	9	9	0.391	1	0:00:15.164390
77	3	5	0.207	0	0:00:15.165882
78	3	5	0.0867	0	0:00:15.165363
79	8	0	0.335	0	0:00:15.163780
80	8	8	0.391	1	0:00:15.164846
81	1	1	0.391	1	0:00:15.165215
82	1	1	0.391	1	0:00:15.165412
83	7	7	0.358	1	0:00:15.164411
84	2	6	0.376	0	0:00:15.165230
85	5	7	0.391	0	0:00:15.165412
86	2	3	0.0258	0	0:00:15.165258
87	7	5	0.223	0	0:00:15.165707
88	8	8	0.116	1	0:00:15.165885
89	9	9	0.391	1	0:00:15.165203
90	0	1	0.171	0	0:00:15.164431
91	3	5	0.00253	0	0:00:15.165964
92	8	8	0.391	1	0:00:15.165250
93	6	6	0.391	1	0:00:15.165636
94	4	6	0.391	0	0:00:15.165252
95	6	5	0.343	0	0:00:15.165199
96	6	6	0.391	1	0:00:15.164962
97	0	0	0.0168	1	0:00:15.169404
98	0	2	0.391	0	0:00:15.166116
99	7	7	0.391	1	0:00:15.164950
100	4	6	0.0307	0	0:00:15.164292
101	5	9	0.163	0	0:00:15.165277
102	6	5	0.217	0	0:00:15.162884
103	3	5	0.391	0	0:00:15.165118
104	1	1	0.391	1	0:00:15.163420
105	1	1	0.391	1	0:00:15.165391
106	3	0	0.1	0	0:00:15.166511
107	6	6	0.391	1	0:00:15.165982
108	8	8	0.391	1	0:00:15.164254
109	7	7	0.127	1	0:00:15.166633
110	4	5	0.0861	0	0:00:15.163403
111	0	0	0.391	1	0:00:15.165138
112	6	5	0.0106	0	0:00:15.163170
113	2	6	0.111	0	0:00:15.164168
114	1	1	0.391	1	0:00:15.164247
115	3	5	0.391	0	0:00:15.165261
116	0	2	0.235	0	0:00:15.163765
117	4	3	0.0206	0	0:00:15.167123
118	2	5	0.301	0	0:00:15.163783
119	7	5	0.299	0	0:00:15.165011
120	8	0	0.0571	0	0:00:15.163474
121	3	6	0.391	0	0:00:15.164028
122	1	1	0.391	1	0:00:15.164249
123	2	6	0.206	0	0:00:15.163913
124	8	0	0.109	0	0:00:15.163846
125	0	2	0.176	0	0:00:15.164086
126	8	0	0.0466	0	0:00:15.163349
127	3	5	0.391	0	0:00:15.164497
128	5	5	0.391	1	0:00:15.164562
129	2	6	0.165	0	0:00:15.164843
130	4	6	0.391	0	0:00:15.165975
131	1	1	0.391	1	0:00:15.163358
132	8	9	0.277	0	0:00:15.164319
133	9	9	0.391	1	0:00:15.163641
134	1	1	0.0887	1	0:00:15.165062
135	2	5	0.0729	0	0:00:15.163240
136	9	9	0.391	1	0:00:15.164729
137	7	7	0.216	1	0:00:15.165134
138	2	6	0.391	0	0:00:15.164808
139	9	8	0.0424	0	0:00:15.165054
140	6	6	0.391	1	0:00:15.165579
141	5	5	0.391	1	0:00:15.164713
142	6	6	0.358	1	0:00:15.164246
143	3	5	0.076	0	0:00:15.164600
144	8	8	0.253	1	0:00:15.164655
145	7	5	0.231	0	0:00:15.163795
146	6	5	0.3	0	0:00:15.164035
147	2	5	0.0903	0	0:00:15.164975
148	5	3	0.0713	0	0:00:15.164954
149	2	2	0.0367	1	0:00:15.166001
150	8	0	0.165	0	0:00:15.165962
151	9	9	0.391	1	0:00:15.163794
152	6	3	0.356	0	0:00:15.164731
153	0	2	0.234	0	0:00:15.164366
154	0	2	0.263	0	0:00:15.165455
155	5	6	0.179	0	0:00:15.165007
156	2	6	0.391	0	0:00:15.165181
157	9	9	0.391	1	0:00:15.165426
158	5	5	0.27	1	0:00:15.164919
159	4	6	0.17	0	0:00:15.165143
160	2	6	0.391	0	0:00:15.165431
161	1	9	0.122	0	0:00:15.165862
162	6	-1	0.0	0	0:00:15.164457
163	6	6	0.391	1	0:00:15.164787
164	8	0	0.0181	0	0:00:15.164419
165	4	6	0.0228	0	0:00:15.163743
166	8	8	0.161	1	0:00:15.163991
167	4	6	0.328	0	0:00:15.164896
168	5	9	0.349	0	0:00:15.165376
169	0	0	0.391	1	0:00:15.164816
170	9	9	0.391	1	0:00:15.164361
171	9	7	0.182	0	0:00:15.163330
172	9	8	0.303	0	0:00:15.163770
173	8	-1	0.0	0	0:00:15.165134
174	9	9	0.391	1	0:00:15.162517
175	9	9	0.391	1	0:00:15.165199
176	3	5	0.362	0	0:00:15.163200
177	7	7	0.0453	1	0:00:15.166617
178	5	5	0.0721	1	0:00:15.164834
179	0	0	0.336	1	0:00:15.164687
180	0	2	0.36	0	0:00:15.165164
181	5	5	0.276	1	0:00:15.164491
182	2	6	0.391	0	0:00:15.163485
183	2	2	0.178	1	0:00:15.166064
184	3	6	0.376	0	0:00:15.165724
185	8	8	0.356	1	0:00:15.164382
186	6	6	0.118	1	0:00:15.164068
187	3	5	0.123	0	0:00:15.166137
188	4	5	0.391	0	0:00:15.164469
189	0	0	0.391	1	0:00:15.165128
190	5	6	0.206	0	0:00:15.165277
191	8	9	0.0129	0	0:00:15.165480
192	0	2	0.131	0	0:00:15.163737
193	1	1	0.221	1	0:00:15.163917
194	7	5	0.0807	0	0:00:15.164962
195	2	6	0.185	0	0:00:15.164293
196	8	8	0.294	1	0:00:15.165038
197	8	2	0.18	0	0:00:15.165568
198	7	5	0.289	0	0:00:15.165716
199	8	0	0.25	0	0:00:15.164114
200	5	5	0.391	1	0:00:15.165838
201	1	0	0.198	0	0:00:15.164741
202	8	8	0.21	1	0:00:15.164483
203	7	7	0.225	1	0:00:15.165422
204	1	1	0.391	1	0:00:15.164467
205	3	6	0.313	0	0:00:15.164572
206	0	0	0.391	1	0:00:15.165082
207	5	6	0.391	0	0:00:15.163037
208	7	7	0.391	1	0:00:15.164593
209	9	9	0.276	1	0:00:15.163960
210	7	6	0.176	0	0:00:15.164238
211	4	9	0.0572	0	0:00:15.165772
212	5	6	0.391	0	0:00:15.165196
213	9	9	0.368	1	0:00:15.165155
214	8	8	0.268	1	0:00:15.165053
215	0	0	0.33	1	0:00:15.163060
216	7	7	0.391	1	0:00:15.165543
217	9	9	0.391	1	0:00:15.163367
218	8	6	0.247	0	0:00:15.163757
219	2	5	0.298	0	0:00:15.164574
220	7	7	0.391	1	0:00:15.164848
221	6	5	0.391	0	0:00:15.164230
222	9	9	0.391	1	0:00:15.164519
223	4	5	0.305	0	0:00:15.165089
224	3	5	0.169	0	0:00:15.164466
225	9	9	0.217	1	0:00:15.162622
226	6	5	0.217	0	0:00:15.165618
227	4	6	0.372	0	0:00:15.164379
228	7	5	0.391	0	0:00:15.164051
229	6	5	0.382	0	0:00:15.164314
230	5	5	0.391	1	0:00:15.165996
231	1	1	0.391	1	0:00:15.163116
232	5	5	0.0172	1	0:00:15.162977
233	8	1	0.235	0	0:00:15.165758
234	8	8	0.391	1	0:00:15.165818
235	0	0	0.391	1	0:00:15.166343
236	4	6	0.391	0	0:00:15.166213
237	0	2	0.13	0	0:00:15.163996
238	5	9	0.141	0	0:00:15.164572
239	5	5	0.192	1	0:00:15.165935
240	1	1	0.391	1	0:00:15.164969
241	1	1	0.27	1	0:00:15.165391
242	8	-1	0.0	0	0:00:15.165482
243	9	9	0.391	1	0:00:15.163826
244	0	2	0.0738	0	0:00:15.165008
245	3	3	0.351	1	0:00:15.165059
246	1	1	0.391	1	0:00:15.165919
247	9	0	0.391	0	0:00:15.164959
248	2	6	0.391	0	0:00:15.165180
249	2	0	0.0149	0	0:00:15.165819
250	5	5	0.104	1	0:00:15.165499
251	3	5	0.391	0	0:00:15.166800
252	9	9	0.391	1	0:00:15.165484
253	9	9	0.321	1	0:00:15.166027
254	4	6	0.391	0	0:00:15.165902
255	0	9	0.176	0	0:00:15.166349
256	3	5	0.382	0	0:00:15.166856
257	0	0	0.391	1	0:00:15.164003
258	0	8	0.11	0	0:00:15.166065
259	9	9	0.391	1	0:00:15.166555
260	8	8	0.297	1	0:00:15.165673
261	1	9	0.0117	0	0:00:15.165181
262	5	3	0.0931	0	0:00:15.165608
263	7	6	0.0503	0	0:00:15.165057
264	0	8	0.0613	0	0:00:15.165868
265	8	8	0.194	1	0:00:15.165421
266	2	2	0.0909	1	0:00:15.166509
267	4	5	0.173	0	0:00:15.172033
268	7	5	0.0106	0	0:00:15.168506
269	0	6	0.391	0	0:00:15.165889
270	2	6	0.18	0	0:00:15.165491
271	3	6	0.391	0	0:00:15.167142
272	6	6	0.391	1	0:00:15.165963
273	3	5	0.157	0	0:00:15.167569
274	8	9	0.172	0	0:00:15.165822
275	5	6	0.261	0	0:00:15.168320
276	0	9	0.224	0	0:00:15.167183
277	3	5	0.0573	0	0:00:15.166416
278	4	-1	0.0	0	0:00:15.165460
279	3	5	0.354	0	0:00:15.167616
280	9	9	0.391	1	0:00:15.166345
281	0	1	0.0305	0	0:00:15.164967
282	6	6	0.391	1	0:00:15.166959
283	1	1	0.391	1	0:00:15.165891
284	0	9	0.391	0	0:00:15.166085
285	9	9	0.391	1	0:00:15.165101
286	1	8	0.2	0	0:00:15.166943
287	0	8	0.346	0	0:00:15.164970
288	7	7	0.391	1	0:00:15.165888
289	9	9	0.391	1	0:00:15.168074
290	1	1	0.391	1	0:00:15.165774
291	2	6	0.391	0	0:00:15.165163
292	6	6	0.219	1	0:00:15.165213
293	9	9	0.391	1	0:00:15.164577
294	3	3	0.141	1	0:00:15.167015
295	4	6	0.391	0	0:00:15.166967
296	6	6	0.0554	1	0:00:15.166389
297	0	2	0.391	0	0:00:15.165538
298	0	0	0.391	1	0:00:15.166523
299	6	6	0.214	1	0:00:15.167179
300	6	6	0.304	1	0:00:15.166078
301	6	6	0.391	1	0:00:15.166139
302	3	6	0.187	0	0:00:15.166153
303	2	9	0.31	0	0:00:15.165719
304	6	6	0.391	1	0:00:15.165266
305	1	8	0.027	0	0:00:15.166535
306	8	-1	0.0	0	0:00:15.165212
307	2	6	0.391	0	0:00:15.164651
308	1	1	0.391	1	0:00:15.166240
309	6	6	0.391	1	0:00:15.164297
310	8	0	0.00171	0	0:00:15.166410
311	6	6	0.391	1	0:00:15.165164
312	8	0	0.154	0	0:00:15.165166
313	0	2	0.119	0	0:00:15.164296
314	4	5	0.161	0	0:00:15.165891
315	0	2	0.234	0	0:00:15.167249
316	7	5	0.222	0	0:00:15.164844
317	7	7	0.391	1	0:00:15.165163
318	5	5	0.391	1	0:00:15.165349
319	5	5	0.314	1	0:00:15.166725
320	3	5	0.0122	0	0:00:15.165066
321	5	-1	0.0	0	0:00:15.166001
322	2	5	0.00932	0	0:00:15.167135
323	3	6	0.391	0	0:00:15.165459
324	4	9	0.31	0	0:00:15.164840
325	1	1	0.391	1	0:00:15.166064
326	7	2	0.272	0	0:00:15.165441
327	5	5	0.281	1	0:00:15.165344
328	4	9	0.221	0	0:00:15.165109
329	6	6	0.391	1	0:00:15.166749
330	1	1	0.391	1	0:00:15.166003
331	9	9	0.391	1	0:00:15.166434
332	3	6	0.391	0	0:00:15.165589
333	6	6	0.391	1	0:00:15.168314
334	6	6	0.391	1	0:00:15.167674
335	9	9	0.391	1	0:00:15.165679
336	3	6	0.152	0	0:00:15.164369
337	8	8	0.358	1	0:00:15.165365
338	0	2	0.365	0	0:00:15.167130
339	7	9	0.372	0	0:00:15.165760
340	2	6	0.147	0	0:00:15.165718
341	6	5	0.285	0	0:00:15.163061
342	2	6	0.372	0	0:00:15.165839
343	5	5	0.0258	1	0:00:15.167560
344	8	0	0.0518	0	0:00:15.166287
345	5	5	0.391	1	0:00:15.166079
346	4	7	0.391	0	0:00:15.165740
347	6	6	0.172	1	0:00:15.166562
348	8	8	0.391	1	0:00:15.166065
349	9	9	0.391	1	0:00:15.167513
350	9	9	0.264	1	0:00:15.166162
351	1	1	0.391	1	0:00:15.165991
352	0	0	0.344	1	0:00:15.166601
353	2	6	0.391	0	0:00:15.164903
354	2	6	0.252	0	0:00:15.166759
355	7	7	0.275	1	0:00:15.167562
356	3	6	0.391	0	0:00:15.164328
357	2	5	0.206	0	0:00:15.165908
358	8	1	0.136	0	0:00:15.164900
359	0	2	0.176	0	0:00:15.164328
360	9	9	0.391	1	0:00:15.165067
361	5	5	0.391	1	0:00:15.166300
362	8	8	0.391	1	0:00:15.167126
363	1	-1	0.0	0	0:00:15.166362
364	9	9	0.391	1	0:00:15.166361
365	4	3	0.0551	0	0:00:15.166801
366	1	8	0.0553	0	0:00:15.166667
367	3	1	0.315	0	0:00:15.166943
368	8	6	0.0427	0	0:00:15.165786
369	1	1	0.255	1	0:00:15.166616
370	4	6	0.0191	0	0:00:15.163782
371	7	7	0.391	1	0:00:15.166476
372	9	9	0.391	1	0:00:15.165662
373	4	6	0.376	0	0:00:15.164909
374	2	6	0.323	0	0:00:15.167069
375	7	5	0.206	0	0:00:15.166381
376	0	2	0.251	0	0:00:15.166368
377	7	5	0.0601	0	0:00:15.165136
378	0	-1	0.0	0	0:00:15.166752
379	6	6	0.391	1	0:00:15.165488
380	6	6	0.391	1	0:00:15.165589
381	9	9	0.391	1	0:00:15.167401
382	0	0	0.0369	1	0:00:15.167374
383	9	9	0.391	1	0:00:15.166299
384	2	6	0.391	0	0:00:15.166954
385	8	0	0.119	0	0:00:15.167002
386	7	7	0.354	1	0:00:15.166355
387	2	6	0.391	0	0:00:15.166870
388	2	5	0.0962	0	0:00:15.165746
389	5	5	0.143	1	0:00:15.166357
390	1	1	0.391	1	0:00:15.166449
391	2	2	0.184	1	0:00:15.166735
392	6	6	0.391	1	0:00:15.165650
393	2	5	0.272	0	0:00:15.165980
394	9	9	0.391	1	0:00:15.167847
395	6	6	0.391	1	0:00:15.168453
396	2	6	0.372	0	0:00:15.166095
397	3	3	0.192	1	0:00:15.165095
398	0	8	0.391	0	0:00:15.166541
399	3	9	0.294	0	0:00:15.165759
400	9	9	0.333	1	0:00:15.165727
401	8	8	0.362	1	0:00:15.166221
402	7	5	0.0616	0	0:00:15.163974
403	8	8	0.158	1	0:00:15.164084
404	8	8	0.391	1	0:00:15.164636
405	4	6	0.0664	0	0:00:15.167076
406	0	0	0.391	1	0:00:15.165625
407	1	1	0.00968	1	0:00:15.165576
408	8	2	0.225	0	0:00:15.164091
409	2	6	0.232	0	0:00:15.165662
410	7	0	0.00542	0	0:00:15.165390
411	9	0	0.023	0	0:00:15.166456
412	3	6	0.31	0	0:00:15.165647
413	6	6	0.391	1	0:00:15.164100
414	1	1	0.391	1	0:00:15.165776
415	9	9	0.391	1	0:00:15.166194
416	0	6	0.189	0	0:00:15.165921
417	7	5	0.197	0	0:00:15.164865
418	3	5	0.391	0	0:00:15.166233
419	7	6	0.0231	0	0:00:15.165356
420	4	5	0.391	0	0:00:15.165454
421	5	5	0.201	1	0:00:15.165617
422	0	8	0.207	0	0:00:15.163900
423	0	0	0.391	1	0:00:15.162817
424	2	6	0.391	0	0:00:15.165639
425	9	9	0.391	1	0:00:15.165981
426	3	5	0.237	0	0:00:15.163888
427	4	5	0.382	0	0:00:15.165445
428	0	2	0.0657	0	0:00:15.166261
429	6	6	0.391	1	0:00:15.164636
430	2	6	0.358	0	0:00:15.164139
431	5	5	0.391	1	0:00:15.164964
432	3	6	0.103	0	0:00:15.163041
433	7	5	0.164	0	0:00:15.163687
434	3	9	0.391	0	0:00:15.164550
435	7	7	0.298	1	0:00:15.164704
436	2	6	0.376	0	0:00:15.163350
437	5	6	0.356	0	0:00:15.165636
438	3	5	0.17	0	0:00:15.163696
439	1	9	0.391	0	0:00:15.164573
440	1	9	0.0615	0	0:00:15.162529
441	4	6	0.241	0	0:00:15.165325
442	9	9	0.391	1	0:00:15.163167
443	9	9	0.391	1	0:00:15.166779
444	5	5	0.265	1	0:00:15.165357
445	7	5	0.202	0	0:00:15.165637
446	5	6	0.0482	0	0:00:15.165611
447	0	2	0.391	0	0:00:15.166226
448	2	6	0.391	0	0:00:15.162744
449	2	6	0.391	0	0:00:15.161698
450	2	6	0.0806	0	0:00:15.165871
451	9	9	0.391	1	0:00:15.166670
452	7	7	0.391	1	0:00:15.165288
453	3	5	0.33	0	0:00:15.166127
454	9	9	0.391	1	0:00:15.168706
455	4	6	0.391	0	0:00:15.164268
456	3	6	0.391	0	0:00:15.165470
457	5	9	0.293	0	0:00:15.164938
458	4	6	0.391	0	0:00:15.163608
459	6	9	0.0837	0	0:00:15.164557
460	5	5	0.391	1	0:00:15.165807
461	6	6	0.296	1	0:00:15.165249
462	1	1	0.376	1	0:00:15.162972
463	4	5	0.242	0	0:00:15.165011
464	3	5	0.391	0	0:00:15.165735
465	4	6	0.234	0	0:00:15.166376
466	4	7	0.139	0	0:00:15.165202
467	3	5	0.122	0	0:00:15.164203
468	7	7	0.391	1	0:00:15.166928
469	8	8	0.391	1	0:00:15.164091
470	3	6	0.147	0	0:00:15.164701
471	7	7	0.162	1	0:00:15.166748
472	8	8	0.391	1	0:00:15.163762
473	0	0	0.316	1	0:00:15.165207
474	5	5	0.372	1	0:00:15.164908
475	7	7	0.391	1	0:00:15.164826
476	6	6	0.129	1	0:00:15.165461
477	0	8	0.248	0	0:00:15.164308
478	5	6	0.391	0	0:00:15.164998
479	4	-1	0.0	0	0:00:15.164698
480	8	9	0.376	0	0:00:15.164469
481	6	6	0.391	1	0:00:15.164334
482	8	8	0.391	1	0:00:15.163694
483	5	5	0.245	1	0:00:15.165790
484	5	9	0.0108	0	0:00:15.166447
485	9	0	0.349	0	0:00:15.164584
486	9	9	0.391	1	0:00:15.166353
487	9	9	0.391	1	0:00:15.164597
488	5	3	0.212	0	0:00:15.165214
489	0	2	0.34	0	0:00:15.164521
490	1	1	0.391	1	0:00:15.164175
491	0	6	0.391	0	0:00:15.163382
492	8	0	0.391	0	0:00:15.166369
493	1	1	0.15	1	0:00:15.165283
494	1	8	0.231	0	0:00:15.163490
495	8	8	0.196	1	0:00:15.164728
496	0	0	0.391	1	0:00:15.164447
497	2	6	0.0959	0	0:00:15.164651
498	2	6	0.105	0	0:00:15.165510
499	0	2	0.391	0	0:00:15.162070
500	4	6	0.155	0	0:00:15.164725
501	6	6	0.391	1	0:00:15.164863
502	5	6	0.343	0	0:00:15.165125
503	4	5	0.0389	0	0:00:15.163529
504	9	9	0.288	1	0:00:15.165729
505	4	6	0.372	0	0:00:15.165933
506	7	7	0.391	1	0:00:15.166356
507	9	9	0.391	1	0:00:15.166194
508	9	9	0.376	1	0:00:15.165275
509	4	5	0.0518	0	0:00:15.165754
510	5	5	0.391	1	0:00:15.165850
511	6	6	0.391	1	0:00:15.164538
512	6	6	0.391	1	0:00:15.164629
513	1	1	0.0346	1	0:00:15.166306
514	5	5	0.391	1	0:00:15.163202
515	3	6	0.0707	0	0:00:15.165892
516	8	8	0.391	1	0:00:15.170529
517	9	9	0.391	1	0:00:15.174285
518	5	5	0.391	1	0:00:15.164467
519	8	8	0.263	1	0:00:15.164533
520	5	5	0.164	1	0:00:15.167598
521	7	7	0.391	1	0:00:15.170000
522	0	8	0.00622	0	0:00:15.171330
523	7	7	0.391	1	0:00:15.170974
524	0	0	0.146	1	0:00:15.172526
525	5	6	0.232	0	0:00:15.171502
526	0	6	0.0246	0	0:00:15.172836
527	0	0	0.391	1	0:00:15.171160
528	4	2	0.159	0	0:00:15.171464
529	6	6	0.391	1	0:00:15.168159
530	9	9	0.391	1	0:00:15.167982
531	0	0	0.372	1	0:00:15.169427
532	9	9	0.382	1	0:00:15.168453
533	5	5	0.144	1	0:00:15.168068
534	6	6	0.391	1	0:00:15.166172
535	6	6	0.391	1	0:00:15.168010
536	6	6	0.391	1	0:00:15.167622
537	2	6	0.376	0	0:00:15.166472
538	9	9	0.391	1	0:00:15.165019
539	0	9	0.0461	0	0:00:15.167634
540	1	1	0.391	1	0:00:15.167149
541	7	7	0.391	1	0:00:15.167624
542	6	6	0.161	1	0:00:15.160345
543	7	7	0.391	1	0:00:15.162932
544	5	5	0.391	1	0:00:15.160220
545	9	9	0.391	1	0:00:15.163932
546	1	1	0.391	1	0:00:15.164177
547	6	6	0.203	1	0:00:15.165258
548	2	5	0.193	0	0:00:15.163874
549	5	5	0.391	1	0:00:15.165902
550	5	6	0.304	0	0:00:15.162505
551	5	-1	0.0	0	0:00:15.163486
552	8	8	0.0353	1	0:00:15.164073
553	5	5	0.348	1	0:00:15.165812
554	9	9	0.391	1	0:00:15.163932
555	4	0	0.298	0	0:00:15.164344
556	6	6	0.391	1	0:00:15.164493
557	4	5	0.356	0	0:00:15.166818
558	3	5	0.342	0	0:00:15.164087
559	2	6	0.391	0	0:00:15.165468
560	0	0	0.391	1	0:00:15.165907
561	7	5	0.247	0	0:00:15.167453
562	6	5	0.391	0	0:00:15.166018
563	2	6	0.121	0	0:00:15.166752
564	2	6	0.391	0	0:00:15.164514
565	3	6	0.113	0	0:00:15.164774
566	9	9	0.391	1	0:00:15.165421
567	7	9	0.0586	0	0:00:15.167778
568	9	9	0.267	1	0:00:15.165949
569	2	6	0.0233	0	0:00:15.166065
570	6	6	0.391	1	0:00:15.164548
571	7	7	0.391	1	0:00:15.165315
572	1	9	0.269	0	0:00:15.166919
573	3	5	0.323	0	0:00:15.165154
574	6	6	0.391	1	0:00:15.165348
575	6	6	0.391	1	0:00:15.165111
576	8	8	0.391	1	0:00:15.164214
577	9	-1	0.0	0	0:00:15.165637
578	7	7	0.343	1	0:00:15.163641
579	5	5	0.0964	1	0:00:15.163747
580	4	6	0.391	0	0:00:15.167111
581	0	0	0.391	1	0:00:15.164937
582	8	8	0.25	1	0:00:15.164975
583	4	3	0.116	0	0:00:15.166067
584	0	0	0.391	1	0:00:15.166742
585	9	-1	0.0	0	0:00:15.166715
586	3	6	0.092	0	0:00:15.164567
587	4	3	0.0355	0	0:00:15.168005
588	8	8	0.044	1	0:00:15.165083
589	9	9	0.391	1	0:00:15.167798
590	6	6	0.391	1	0:00:15.164432
591	9	9	0.391	1	0:00:15.165579
592	2	6	0.391	0	0:00:15.164569
593	6	6	0.391	1	0:00:15.164302
594	1	1	0.0428	1	0:00:15.165348
595	4	3	0.0202	0	0:00:15.164182
596	7	7	0.391	1	0:00:15.165242
597	3	9	0.28	0	0:00:15.165205
598	5	9	0.245	0	0:00:15.166702
599	3	5	0.246	0	0:00:15.165433
600	8	8	0.209	1	0:00:15.164782
601	5	5	0.313	1	0:00:15.164598
602	0	0	0.316	1	0:00:15.164790
603	2	6	0.391	0	0:00:15.166785
604	1	1	0.391	1	0:00:15.164535
605	6	6	0.391	1	0:00:15.164577
606	4	5	0.0429	0	0:00:15.166978
607	3	6	0.132	0	0:00:15.165954
608	3	5	0.115	0	0:00:15.164116
609	9	9	0.391	1	0:00:15.166486
610	6	6	0.391	1	0:00:15.165777
611	9	9	0.391	1	0:00:15.167493
612	8	8	0.391	1	0:00:15.166012
613	8	8	0.391	1	0:00:15.165812
614	5	5	0.0521	1	0:00:15.158631
615	8	5	0.0177	0	0:00:15.153640
616	6	6	0.132	1	0:00:15.153014
617	6	5	0.129	0	0:00:15.164049
618	2	6	0.391	0	0:00:15.164553
619	1	1	0.391	1	0:00:15.163586
620	7	7	0.245	1	0:00:15.166083
621	7	5	0.0688	0	0:00:15.166157
622	1	1	0.391	1	0:00:15.161979
623	2	5	0.0838	0	0:00:15.164606
624	7	7	0.00969	1	0:00:15.166359
625	9	9	0.206	1	0:00:15.164764
626	9	9	0.283	1	0:00:15.164365
627	4	6	0.0711	0	0:00:15.166498
628	4	7	0.391	0	0:00:15.168183
629	1	1	0.177	1	0:00:15.168342
630	2	8	0.138	0	0:00:15.165878
631	5	5	0.171	1	0:00:15.163841
632	6	5	0.315	0	0:00:15.164689
633	8	2	0.0231	0	0:00:15.165514
634	7	5	0.352	0	0:00:15.162843
635	6	6	0.132	1	0:00:15.163755
636	8	-1	0.0	0	0:00:15.166317
637	3	5	0.0086	0	0:00:15.167205
638	0	8	0.309	0	0:00:15.163924
639	5	5	0.376	1	0:00:15.164363
640	5	5	0.391	1	0:00:15.164832
641	3	6	0.0953	0	0:00:15.165399
642	0	0	0.391	1	0:00:15.165401
643	7	7	0.391	1	0:00:15.165149
644	9	9	0.391	1	0:00:15.164759
645	1	1	0.212	1	0:00:15.165353
646	3	5	0.391	0	0:00:15.164952
647	4	6	0.391	0	0:00:15.166030
648	4	6	0.0798	0	0:00:15.166138
649	5	6	0.391	0	0:00:15.164619
650	3	5	0.222	0	0:00:15.165779
651	9	9	0.391	1	0:00:15.165233
652	5	9	0.0441	0	0:00:15.165568
653	6	6	0.391	1	0:00:15.165199
654	9	9	0.0699	1	0:00:15.164478
655	2	5	0.313	0	0:00:15.165577
656	1	1	0.391	1	0:00:15.163684
657	1	9	0.368	0	0:00:15.165371
658	4	5	0.218	0	0:00:15.163543
659	1	1	0.391	1	0:00:15.167121
660	9	9	0.391	1	0:00:15.164639
661	4	5	0.189	0	0:00:15.164456
662	7	7	0.391	1	0:00:15.163124
663	6	6	0.391	1	0:00:15.164787
664	3	3	0.382	1	0:00:15.166013
665	8	0	0.128	0	0:00:15.165118
666	9	9	0.391	1	0:00:15.164837
667	0	8	0.382	0	0:00:15.164281
668	1	1	0.0267	1	0:00:15.165203
669	3	6	0.391	0	0:00:15.164098
670	6	6	0.391	1	0:00:15.164895
671	3	1	0.12	0	0:00:15.165408
672	6	3	0.016	0	0:00:15.164125
673	3	6	0.192	0	0:00:15.166257
674	2	3	0.182	0	0:00:15.163092
675	0	9	0.00636	0	0:00:15.164762
676	3	6	0.382	0	0:00:15.164855
677	1	9	0.0744	0	0:00:15.163830
678	0	0	0.0857	1	0:00:15.165043
679	5	6	0.36	0	0:00:15.162401
680	9	-1	0.0	0	0:00:15.164080
681	6	6	0.232	1	0:00:15.164141
682	4	-1	0.0	0	0:00:15.164372
683	8	9	0.345	0	0:00:15.167415
684	9	9	0.391	1	0:00:15.167942
685	6	6	0.391	1	0:00:15.164443
686	9	9	0.164	1	0:00:15.164824
687	6	5	0.218	0	0:00:15.164505
688	3	6	0.325	0	0:00:15.164855
689	0	5	0.117	0	0:00:15.163002
690	3	5	0.391	0	0:00:15.164850
691	2	6	0.307	0	0:00:15.165598
692	2	2	0.0914	1	0:00:15.163810
693	7	7	0.391	1	0:00:15.163145
694	8	0	0.165	0	0:00:15.164163
695	3	5	0.391	0	0:00:15.165228
696	8	8	0.354	1	0:00:15.164373
697	2	5	0.166	0	0:00:15.165495
698	7	-1	0.0	0	0:00:15.164181
699	5	5	0.391	1	0:00:15.166509
700	7	7	0.0231	1	0:00:15.164121
701	2	2	0.19	1	0:00:15.165871
702	4	5	0.167	0	0:00:15.165051
703	8	3	0.0779	0	0:00:15.165549
704	7	5	0.382	0	0:00:15.165609
705	4	6	0.391	0	0:00:15.165600
706	2	0	0.391	0	0:00:15.165406
707	9	9	0.391	1	0:00:15.166947
708	8	8	0.0474	1	0:00:15.164419
709	8	8	0.391	1	0:00:15.163506
710	6	6	0.276	1	0:00:15.165232
711	8	0	0.391	0	0:00:15.165077
712	8	8	0.23	1	0:00:15.164634
713	7	9	0.244	0	0:00:15.165852
714	4	6	0.111	0	0:00:15.164515
715	3	5	0.391	0	0:00:15.166534
716	3	6	0.356	0	0:00:15.165579
717	8	8	0.137	1	0:00:15.164423
718	4	6	0.122	0	0:00:15.163384
719	9	8	0.126	0	0:00:15.165581
720	4	9	0.122	0	0:00:15.164267
721	8	8	0.0458	1	0:00:15.165781
722	8	8	0.391	1	0:00:15.164233
723	1	1	0.391	1	0:00:15.166940
724	8	8	0.391	1	0:00:15.163255
725	2	-1	0.0	0	0:00:15.165808
726	1	1	0.391	1	0:00:15.163937
727	3	5	0.0344	0	0:00:15.164998
728	6	6	0.391	1	0:00:15.164446
729	5	5	0.00484	1	0:00:15.165844
730	4	9	0.051	0	0:00:15.167287
731	2	0	0.0823	0	0:00:15.166157
732	7	7	0.391	1	0:00:15.165519
733	9	9	0.391	1	0:00:15.166029
734	9	9	0.258	1	0:00:15.164170
735	4	6	0.391	0	0:00:15.166209
736	1	1	0.382	1	0:00:15.166885
737	4	6	0.391	0	0:00:15.166122
738	1	1	0.129	1	0:00:15.166460
739	3	5	0.368	0	0:00:15.169817
740	2	5	0.391	0	0:00:15.169599
741	7	7	0.391	1	0:00:15.170943
742	0	0	0.391	1	0:00:15.171312
743	7	7	0.391	1	0:00:15.191762
744	9	9	0.362	1	0:00:15.179660
745	7	7	0.173	1	0:00:15.165854
746	6	6	0.137	1	0:00:15.164603
747	6	6	0.354	1	0:00:15.158804
748	2	6	0.382	0	0:00:15.159542
749	5	5	0.391	1	0:00:15.156701
750	9	9	0.391	1	0:00:15.159581
751	2	2	0.172	1	0:00:15.165810
752	9	9	0.391	1	0:00:15.164044
753	1	1	0.391	1	0:00:15.163199
754	2	6	0.391	0	0:00:15.163769
755	2	6	0.391	0	0:00:15.167388
756	6	6	0.391	1	0:00:15.165375
757	8	2	0.0442	0	0:00:15.164559
758	2	6	0.122	0	0:00:15.163731
759	1	1	0.391	1	0:00:15.127028
760	3	-1	0.0	0	0:00:15.164731
761	6	6	0.056	1	0:00:15.166845
762	6	3	0.186	0	0:00:15.165710
763	0	2	0.0396	0	0:00:15.167655
764	1	1	0.391	1	0:00:15.165930
765	2	6	0.391	0	0:00:15.165321
766	7	2	0.108	0	0:00:15.164336
767	0	9	0.391	0	0:00:15.165327
768	5	5	0.0924	1	0:00:15.166118
769	4	2	0.155	0	0:00:15.165343
770	6	3	0.0915	0	0:00:15.165727
771	1	-1	0.0	0	0:00:15.166250
772	6	5	0.31	0	0:00:15.165939
773	4	5	0.228	0	0:00:15.164324
774	0	2	0.376	0	0:00:15.164981
775	2	5	0.279	0	0:00:15.166354
776	2	3	0.217	0	0:00:15.164053
777	6	6	0.324	1	0:00:15.164716
778	0	6	0.338	0	0:00:15.166281
779	5	9	0.0733	0	0:00:15.167087
780	9	9	0.391	1	0:00:15.163548
781	1	1	0.391	1	0:00:15.164109
782	7	7	0.391	1	0:00:15.166934
783	6	5	0.223	0	0:00:15.165236
784	7	3	0.108	0	0:00:15.163913
785	0	0	0.391	1	0:00:15.163625
786	3	5	0.139	0	0:00:15.165431
787	9	9	0.391	1	0:00:15.163405
788	6	6	0.382	1	0:00:15.163184
789	8	8	0.391	1	0:00:15.165845
790	3	0	0.391	0	0:00:15.165263
791	0	0	0.391	1	0:00:15.164818
792	3	0	0.16	0	0:00:15.163434
793	4	5	0.0828	0	0:00:15.164197
794	7	5	0.114	0	0:00:15.164796
795	7	7	0.177	1	0:00:15.164642
796	1	9	0.0424	0	0:00:15.164473
797	4	5	0.216	0	0:00:15.162928
798	7	5	0.344	0	0:00:15.164049
799	2	6	0.0552	0	0:00:15.165584
800	7	7	0.391	1	0:00:15.163133
801	1	1	0.282	1	0:00:15.165053
802	4	6	0.391	0	0:00:15.163046
803	7	7	0.391	1	0:00:15.165514
804	4	5	0.161	0	0:00:15.162941
805	4	6	0.391	0	0:00:15.165391
806	8	0	0.0535	0	0:00:15.163845
807	4	6	0.391	0	0:00:15.163860
808	7	3	0.14	0	0:00:15.164207
809	7	3	0.223	0	0:00:15.163728
810	5	6	0.382	0	0:00:15.165133
811	3	6	0.36	0	0:00:15.164757
812	7	7	0.391	1	0:00:15.164874
813	2	6	0.391	0	0:00:15.163697
814	0	9	0.0486	0	0:00:15.164046
815	8	8	0.36	1	0:00:15.164932
816	9	9	0.391	1	0:00:15.163844
817	5	5	0.391	1	0:00:15.163924
818	8	2	0.0808	0	0:00:15.164144
819	3	5	0.326	0	0:00:15.165415
820	6	6	0.0786	1	0:00:15.164093
821	2	6	0.362	0	0:00:15.164018
822	0	0	0.391	1	0:00:15.164605
823	8	8	0.305	1	0:00:15.162086
824	7	7	0.391	1	0:00:15.166343
825	3	6	0.376	0	0:00:15.164629
826	7	5	0.339	0	0:00:15.164532
827	6	6	0.0242	1	0:00:15.165339
828	5	7	0.345	0	0:00:15.163331
829	3	3	0.123	1	0:00:15.165314
830	1	9	0.105	0	0:00:15.161709
831	3	6	0.391	0	0:00:15.164067
832	2	6	0.391	0	0:00:15.163724
833	2	5	0.391	0	0:00:15.164117
834	5	6	0.368	0	0:00:15.163304
835	4	-1	0.0	0	0:00:15.163998
836	1	9	0.254	0	0:00:15.164241
837	2	6	0.391	0	0:00:15.163481
838	9	9	0.391	1	0:00:15.164445
839	2	6	0.391	0	0:00:15.164304
840	7	7	0.391	1	0:00:15.162227
841	0	0	0.391	1	0:00:15.164695
842	7	7	0.391	1	0:00:15.163243
843	2	6	0.391	0	0:00:15.164805
844	1	9	0.204	0	0:00:15.165351
845	3	2	0.391	0	0:00:15.164394
846	2	5	0.0438	0	0:00:15.163954
847	0	0	0.195	1	0:00:15.164052
848	2	6	0.0199	0	0:00:15.165051
849	4	6	0.391	0	0:00:15.164466
850	7	5	0.365	0	0:00:15.163388
851	9	9	0.391	1	0:00:15.164209
852	8	0	0.391	0	0:00:15.165300
853	9	9	0.391	1	0:00:15.163319
854	0	2	0.352	0	0:00:15.162993
855	7	7	0.391	1	0:00:15.162737
856	7	5	0.137	0	0:00:15.163493
857	0	0	0.391	1	0:00:15.164576
858	7	7	0.391	1	0:00:15.163377
859	8	3	0.302	0	0:00:15.163406
860	4	6	0.187	0	0:00:15.165645
861	6	5	0.182	0	0:00:15.164565
862	3	5	0.012	0	0:00:15.164868
863	3	6	0.391	0	0:00:15.162484
864	0	0	0.391	1	0:00:15.163019
865	1	1	0.391	1	0:00:15.163915
866	3	1	0.165	0	0:00:15.164801
867	7	7	0.391	1	0:00:15.164478
868	0	0	0.391	1	0:00:15.164952
869	1	9	0.391	0	0:00:15.162314
870	3	5	0.103	0	0:00:15.165407
871	1	1	0.391	1	0:00:15.164735
872	4	3	0.0134	0	0:00:15.163024
873	2	6	0.391	0	0:00:15.164884
874	3	5	0.391	0	0:00:15.165219
875	8	8	0.154	1	0:00:15.163021
876	4	6	0.391	0	0:00:15.164411
877	2	6	0.0817	0	0:00:15.163937
878	3	5	0.391	0	0:00:15.164585
879	7	7	0.391	1	0:00:15.163841
880	8	8	0.358	1	0:00:15.163481
881	4	3	0.227	0	0:00:15.164715
882	3	6	0.0509	0	0:00:15.165082
883	0	0	0.358	1	0:00:15.164501
884	9	9	0.391	1	0:00:15.163459
885	0	6	0.152	0	0:00:15.164012
886	0	9	0.16	0	0:00:15.164474
887	1	1	0.118	1	0:00:15.164120
888	0	-1	0.0	0	0:00:15.168601
889	4	6	0.118	0	0:00:15.163006
890	4	5	0.0815	0	0:00:15.164575
891	6	6	0.391	1	0:00:15.165061
892	7	5	0.0121	0	0:00:15.163463
893	6	5	0.0763	0	0:00:15.163011
894	1	1	0.382	1	0:00:15.164760
895	1	9	0.391	0	0:00:15.163303
896	3	5	0.182	0	0:00:15.164042
897	7	7	0.391	1	0:00:15.163836
898	3	9	0.278	0	0:00:15.163991
899	5	5	0.391	1	0:00:15.162542
900	2	5	0.1	0	0:00:15.164898
