idx	label	predict	radius	correct	time
0	3	5	0.0511	0	0:00:15.168649
1	8	8	0.605	1	0:00:15.168860
2	8	8	0.631	1	0:00:15.167769
3	0	0	0.782	1	0:00:15.166553
4	6	6	0.701	1	0:00:15.166129
5	6	5	0.245	0	0:00:15.167638
6	1	9	0.753	0	0:00:15.167428
7	6	6	0.48	1	0:00:15.167048
8	3	6	0.432	0	0:00:15.167325
9	1	9	0.649	0	0:00:15.166689
10	0	2	0.283	0	0:00:15.167096
11	9	9	0.782	1	0:00:15.166927
12	5	5	0.0701	1	0:00:15.168976
13	7	7	0.55	1	0:00:15.166062
14	9	9	0.782	1	0:00:15.166815
15	8	8	0.057	1	0:00:15.167628
16	5	5	0.585	1	0:00:15.165660
17	7	7	0.271	1	0:00:15.167455
18	8	8	0.744	1	0:00:15.165325
19	6	6	0.499	1	0:00:15.167286
20	7	7	0.1	1	0:00:15.167624
21	0	6	0.649	0	0:00:15.166033
22	4	6	0.381	0	0:00:15.169410
23	9	9	0.782	1	0:00:15.166127
24	5	6	0.782	0	0:00:15.167930
25	2	6	0.0818	0	0:00:15.165829
26	4	5	0.341	0	0:00:15.166991
27	0	2	0.164	0	0:00:15.166178
28	9	9	0.782	1	0:00:15.166984
29	6	6	0.015	1	0:00:15.167924
30	6	5	0.188	0	0:00:15.165802
31	5	6	0.125	0	0:00:15.166389
32	4	2	0.0592	0	0:00:15.166208
33	5	5	0.736	1	0:00:15.166180
34	9	9	0.782	1	0:00:15.165518
35	2	9	0.289	0	0:00:15.166901
36	4	5	0.247	0	0:00:15.166217
37	1	9	0.029	0	0:00:15.168229
38	9	9	0.764	1	0:00:15.166556
39	5	-1	0.0	0	0:00:15.166325
40	4	0	0.0788	0	0:00:15.168026
41	6	6	0.389	1	0:00:15.166491
42	5	5	0.764	1	0:00:15.166473
43	6	6	0.41	1	0:00:15.167127
44	0	0	0.132	1	0:00:15.164275
45	9	9	0.782	1	0:00:15.167201
46	3	5	0.539	0	0:00:15.165270
47	9	9	0.319	1	0:00:15.166640
48	7	7	0.363	1	0:00:15.166915
49	6	6	0.782	1	0:00:15.164149
50	9	9	0.191	1	0:00:15.167294
51	8	0	0.165	0	0:00:15.167299
52	0	6	0.218	0	0:00:15.166740
53	3	5	0.286	0	0:00:15.168187
54	8	8	0.782	1	0:00:15.165917
55	8	8	0.0234	1	0:00:15.166811
56	7	7	0.227	1	0:00:15.166447
57	7	9	0.404	0	0:00:15.166969
58	4	3	0.365	0	0:00:15.166935
59	6	6	0.0579	1	0:00:15.166384
60	7	7	0.782	1	0:00:15.165746
61	3	5	0.62	0	0:00:15.167833
62	6	3	0.256	0	0:00:15.166981
63	3	9	0.782	0	0:00:15.166250
64	6	6	0.348	1	0:00:15.165172
65	2	5	0.144	0	0:00:15.166293
66	1	-1	0.0	0	0:00:15.165781
67	2	2	0.225	1	0:00:15.165428
68	3	5	0.573	0	0:00:15.166106
69	7	9	0.633	0	0:00:15.165171
70	2	-1	0.0	0	0:00:15.166459
71	6	6	0.197	1	0:00:15.165151
72	8	0	0.434	0	0:00:15.166097
73	8	8	0.413	1	0:00:15.165503
74	0	-1	0.0	0	0:00:15.165950
75	2	6	0.506	0	0:00:15.166430
76	9	9	0.624	1	0:00:15.165073
77	3	5	0.149	0	0:00:15.165792
78	3	5	0.236	0	0:00:15.166226
79	8	0	0.152	0	0:00:15.165484
80	8	8	0.489	1	0:00:15.165393
81	1	1	0.782	1	0:00:15.166115
82	1	1	0.782	1	0:00:15.165575
83	7	7	0.246	1	0:00:15.167785
84	2	6	0.623	0	0:00:15.167581
85	5	7	0.753	0	0:00:15.166513
86	2	3	0.0547	0	0:00:15.167135
87	7	9	0.0199	0	0:00:15.166474
88	8	9	0.0713	0	0:00:15.166928
89	9	9	0.548	1	0:00:15.164858
90	0	1	0.262	0	0:00:15.167769
91	3	5	0.212	0	0:00:15.167097
92	8	8	0.648	1	0:00:15.165691
93	6	6	0.48	1	0:00:15.165503
94	4	6	0.693	0	0:00:15.166484
95	6	5	0.398	0	0:00:15.166258
96	6	6	0.417	1	0:00:15.166394
97	0	2	0.403	0	0:00:15.165966
98	0	2	0.511	0	0:00:15.167374
99	7	7	0.592	1	0:00:15.166375
100	4	5	0.1	0	0:00:15.166112
101	5	9	0.211	0	0:00:15.165526
102	6	5	0.173	0	0:00:15.166784
103	3	5	0.657	0	0:00:15.166980
104	1	1	0.782	1	0:00:15.166319
105	1	1	0.782	1	0:00:15.163927
106	3	0	0.0822	0	0:00:15.166657
107	6	6	0.467	1	0:00:15.165964
108	8	8	0.573	1	0:00:15.167952
109	7	7	0.155	1	0:00:15.164190
110	4	5	0.201	0	0:00:15.165708
111	0	0	0.67	1	0:00:15.167559
112	6	5	0.17	0	0:00:15.164858
113	2	-1	0.0	0	0:00:15.165503
114	1	1	0.628	1	0:00:15.165962
115	3	5	0.4	0	0:00:15.165414
116	0	2	0.371	0	0:00:15.165828
117	4	3	0.134	0	0:00:15.165017
118	2	5	0.254	0	0:00:15.165236
119	7	5	0.11	0	0:00:15.166668
120	8	0	0.0858	0	0:00:15.165511
121	3	6	0.231	0	0:00:15.165048
122	1	1	0.782	1	0:00:15.166032
123	2	6	0.353	0	0:00:15.165062
124	8	0	0.12	0	0:00:15.166424
125	0	2	0.0775	0	0:00:15.165478
126	8	-1	0.0	0	0:00:15.164430
127	3	5	0.389	0	0:00:15.164920
128	5	5	0.413	1	0:00:15.165907
129	2	6	0.299	0	0:00:15.163945
130	4	6	0.782	0	0:00:15.164303
131	1	1	0.619	1	0:00:15.164270
132	8	9	0.469	0	0:00:15.166917
133	9	9	0.675	1	0:00:15.165459
134	1	1	0.296	1	0:00:15.163098
135	2	5	0.438	0	0:00:15.165088
136	9	9	0.597	1	0:00:15.164339
137	7	7	0.0912	1	0:00:15.161859
138	2	6	0.782	0	0:00:15.163677
139	9	8	0.195	0	0:00:15.163114
140	6	6	0.744	1	0:00:15.164513
141	5	5	0.782	1	0:00:15.164725
142	6	6	0.136	1	0:00:15.164727
143	3	9	0.139	0	0:00:15.164431
144	8	8	0.316	1	0:00:15.164730
145	7	5	0.184	0	0:00:15.164196
146	6	5	0.49	0	0:00:15.163222
147	2	5	0.404	0	0:00:15.164174
148	5	3	0.037	0	0:00:15.163671
149	2	3	0.15	0	0:00:15.164117
150	8	8	0.095	1	0:00:15.164451
151	9	9	0.782	1	0:00:15.164060
152	6	3	0.101	0	0:00:15.163769
153	0	2	0.0312	0	0:00:15.163906
154	0	2	0.388	0	0:00:15.165030
155	5	5	0.153	1	0:00:15.163717
156	2	6	0.782	0	0:00:15.164748
157	9	9	0.782	1	0:00:15.164879
158	5	5	0.221	1	0:00:15.164330
159	4	-1	0.0	0	0:00:15.164704
160	2	6	0.653	0	0:00:15.163081
161	1	9	0.211	0	0:00:15.163026
162	6	9	0.322	0	0:00:15.164654
163	6	6	0.69	1	0:00:15.163249
164	8	9	0.018	0	0:00:15.164512
165	4	5	0.206	0	0:00:15.163230
166	8	8	0.341	1	0:00:15.164374
167	4	6	0.275	0	0:00:15.164518
168	5	9	0.564	0	0:00:15.162502
169	0	0	0.679	1	0:00:15.162529
170	9	9	0.673	1	0:00:15.163058
171	9	7	0.0402	0	0:00:15.163338
172	9	8	0.0812	0	0:00:15.163086
173	8	8	0.0169	1	0:00:15.162422
174	9	9	0.782	1	0:00:15.162898
175	9	9	0.782	1	0:00:15.163250
176	3	5	0.532	0	0:00:15.162044
177	7	9	0.298	0	0:00:15.163665
178	5	5	0.3	1	0:00:15.162046
179	0	-1	0.0	0	0:00:15.163602
180	0	2	0.339	0	0:00:15.162868
181	5	5	0.39	1	0:00:15.163470
182	2	6	0.753	0	0:00:15.163835
183	2	2	0.127	1	0:00:15.163205
184	3	6	0.509	0	0:00:15.164476
185	8	8	0.524	1	0:00:15.163542
186	6	6	0.0325	1	0:00:15.163123
187	3	5	0.45	0	0:00:15.162672
188	4	5	0.482	0	0:00:15.163797
189	0	0	0.628	1	0:00:15.163565
190	5	5	0.0361	1	0:00:15.164351
191	8	9	0.0721	0	0:00:15.163054
192	0	9	0.00802	0	0:00:15.162734
193	1	1	0.132	1	0:00:15.164536
194	7	9	0.138	0	0:00:15.164533
195	2	5	0.153	0	0:00:15.164220
196	8	8	0.361	1	0:00:15.162624
197	8	6	0.0306	0	0:00:15.165273
198	7	5	0.0229	0	0:00:15.163613
199	8	0	0.0242	0	0:00:15.166327
200	5	5	0.451	1	0:00:15.163836
201	1	0	0.0285	0	0:00:15.165338
202	8	8	0.243	1	0:00:15.164325
203	7	7	0.316	1	0:00:15.164163
204	1	1	0.782	1	0:00:15.164251
205	3	6	0.349	0	0:00:15.169671
206	0	0	0.782	1	0:00:15.172459
207	5	6	0.309	0	0:00:15.166002
208	7	7	0.782	1	0:00:15.164033
209	9	9	0.572	1	0:00:15.163470
210	7	-1	0.0	0	0:00:15.171148
211	4	9	0.143	0	0:00:15.169859
212	5	6	0.448	0	0:00:15.170160
213	9	9	0.59	1	0:00:15.172010
214	8	8	0.402	1	0:00:15.172192
215	0	0	0.473	1	0:00:15.170863
216	7	7	0.782	1	0:00:15.172028
217	9	9	0.659	1	0:00:15.170317
218	8	6	0.313	0	0:00:15.169541
219	2	5	0.118	0	0:00:15.167719
220	7	7	0.782	1	0:00:15.169275
221	6	5	0.456	0	0:00:15.168830
222	9	9	0.782	1	0:00:15.170191
223	4	5	0.431	0	0:00:15.167679
224	3	9	0.2	0	0:00:15.167760
225	9	9	0.331	1	0:00:15.167806
226	6	5	0.224	0	0:00:15.168471
227	4	6	0.24	0	0:00:15.166683
228	7	5	0.577	0	0:00:15.167624
229	6	5	0.5	0	0:00:15.166357
230	5	5	0.782	1	0:00:15.167829
231	1	1	0.782	1	0:00:15.162912
232	5	5	0.168	1	0:00:15.160732
233	8	1	0.188	0	0:00:15.161825
234	8	8	0.103	1	0:00:15.162653
235	0	0	0.782	1	0:00:15.162845
236	4	6	0.41	0	0:00:15.165713
237	0	9	0.0207	0	0:00:15.163815
238	5	9	0.167	0	0:00:15.164858
239	5	5	0.253	1	0:00:15.164308
240	1	1	0.782	1	0:00:15.163802
241	1	1	0.264	1	0:00:15.164540
242	8	-1	0.0	0	0:00:15.164217
243	9	9	0.782	1	0:00:15.162630
244	0	-1	0.0	0	0:00:15.166026
245	3	3	0.0229	1	0:00:15.165448
246	1	1	0.43	1	0:00:15.164949
247	9	0	0.457	0	0:00:15.166063
248	2	6	0.503	0	0:00:15.166259
249	2	0	0.272	0	0:00:15.164911
250	5	5	0.216	1	0:00:15.165813
251	3	5	0.55	0	0:00:15.167019
252	9	9	0.782	1	0:00:15.167387
253	9	9	0.407	1	0:00:15.165279
254	4	6	0.744	0	0:00:15.166913
255	0	9	0.232	0	0:00:15.165680
256	3	5	0.518	0	0:00:15.167249
257	0	0	0.782	1	0:00:15.166314
258	0	8	0.261	0	0:00:15.165589
259	9	9	0.643	1	0:00:15.164443
260	8	8	0.477	1	0:00:15.166264
261	1	9	0.389	0	0:00:15.166073
262	5	5	0.027	1	0:00:15.164353
263	7	5	0.106	0	0:00:15.165154
264	0	8	0.131	0	0:00:15.165321
265	8	8	0.0697	1	0:00:15.165359
266	2	3	0.109	0	0:00:15.166077
267	4	5	0.444	0	0:00:15.166011
268	7	-1	0.0	0	0:00:15.165308
269	0	6	0.551	0	0:00:15.165976
270	2	-1	0.0	0	0:00:15.163709
271	3	6	0.174	0	0:00:15.165538
272	6	6	0.228	1	0:00:15.164928
273	3	5	0.396	0	0:00:15.165849
274	8	9	0.287	0	0:00:15.165732
275	5	6	0.147	0	0:00:15.166732
276	0	9	0.379	0	0:00:15.166025
277	3	5	0.16	0	0:00:15.165437
278	4	5	0.156	0	0:00:15.163022
279	3	5	0.0272	0	0:00:15.164995
280	9	9	0.782	1	0:00:15.165301
281	0	9	0.0202	0	0:00:15.166414
282	6	6	0.354	1	0:00:15.164691
283	1	1	0.782	1	0:00:15.166083
284	0	9	0.753	0	0:00:15.164799
285	9	9	0.782	1	0:00:15.163718
286	1	8	0.204	0	0:00:15.166599
287	0	-1	0.0	0	0:00:15.167508
288	7	7	0.782	1	0:00:15.167614
289	9	9	0.782	1	0:00:15.166428
290	1	1	0.782	1	0:00:15.168116
291	2	6	0.708	0	0:00:15.166075
292	6	5	0.0459	0	0:00:15.165671
293	9	9	0.488	1	0:00:15.165018
294	3	3	0.152	1	0:00:15.167376
295	4	6	0.782	0	0:00:15.165523
296	6	5	0.184	0	0:00:15.166604
297	0	2	0.658	0	0:00:15.166059
298	0	0	0.782	1	0:00:15.165318
299	6	5	0.0143	0	0:00:15.165683
300	6	6	0.0882	1	0:00:15.167281
301	6	6	0.38	1	0:00:15.167185
302	3	5	0.202	0	0:00:15.165735
303	2	9	0.321	0	0:00:15.162824
304	6	6	0.429	1	0:00:15.153877
305	1	9	0.0463	0	0:00:15.152315
306	8	1	0.0514	0	0:00:15.162624
307	2	6	0.483	0	0:00:15.165805
308	1	1	0.615	1	0:00:15.166507
309	6	6	0.782	1	0:00:15.163504
310	8	8	0.00425	1	0:00:15.166383
311	6	6	0.61	1	0:00:15.164618
312	8	0	0.59	0	0:00:15.165920
313	0	2	0.0555	0	0:00:15.166502
314	4	5	0.0693	0	0:00:15.166228
315	0	2	0.0441	0	0:00:15.167184
316	7	5	0.124	0	0:00:15.166810
317	7	7	0.169	1	0:00:15.170296
318	5	5	0.606	1	0:00:15.170652
319	5	5	0.347	1	0:00:15.169510
320	3	5	0.287	0	0:00:15.163920
321	5	5	0.124	1	0:00:15.168478
322	2	5	0.321	0	0:00:15.165600
323	3	6	0.631	0	0:00:15.166002
324	4	9	0.641	0	0:00:15.164510
325	1	1	0.554	1	0:00:15.166643
326	7	2	0.153	0	0:00:15.165757
327	5	5	0.463	1	0:00:15.167371
328	4	9	0.472	0	0:00:15.164865
329	6	6	0.341	1	0:00:15.163646
330	1	1	0.782	1	0:00:15.164855
331	9	9	0.782	1	0:00:15.165324
332	3	6	0.586	0	0:00:15.164290
333	6	6	0.529	1	0:00:15.163240
334	6	6	0.764	1	0:00:15.165483
335	9	9	0.695	1	0:00:15.165353
336	3	5	0.0877	0	0:00:15.164797
337	8	8	0.177	1	0:00:15.167089
338	0	2	0.405	0	0:00:15.165086
339	7	9	0.633	0	0:00:15.164907
340	2	5	0.0546	0	0:00:15.165501
341	6	5	0.389	0	0:00:15.166830
342	2	6	0.152	0	0:00:15.164382
343	5	3	0.102	0	0:00:15.165174
344	8	0	0.391	0	0:00:15.166458
345	5	5	0.782	1	0:00:15.164874
346	4	7	0.472	0	0:00:15.164992
347	6	5	0.144	0	0:00:15.165074
348	8	8	0.725	1	0:00:15.163286
349	9	9	0.782	1	0:00:15.166642
350	9	9	0.447	1	0:00:15.163481
351	1	1	0.764	1	0:00:15.165305
352	0	0	0.295	1	0:00:15.164520
353	2	6	0.782	0	0:00:15.166203
354	2	6	0.125	0	0:00:15.165728
355	7	-1	0.0	0	0:00:15.166145
356	3	6	0.782	0	0:00:15.164623
357	2	5	0.493	0	0:00:15.165048
358	8	1	0.0649	0	0:00:15.164968
359	0	0	0.0319	1	0:00:15.165320
360	9	9	0.695	1	0:00:15.164341
361	5	5	0.782	1	0:00:15.164294
362	8	8	0.782	1	0:00:15.164194
363	1	-1	0.0	0	0:00:15.165087
364	9	9	0.782	1	0:00:15.164061
365	4	5	0.0689	0	0:00:15.164510
366	1	-1	0.0	0	0:00:15.164858
367	3	1	0.782	0	0:00:15.164310
368	8	2	0.207	0	0:00:15.164468
369	1	1	0.283	1	0:00:15.164565
370	4	6	0.123	0	0:00:15.165439
371	7	7	0.782	1	0:00:15.166102
372	9	9	0.782	1	0:00:15.162550
373	4	6	0.344	0	0:00:15.167901
374	2	-1	0.0	0	0:00:15.165265
375	7	5	0.176	0	0:00:15.166824
376	0	2	0.0178	0	0:00:15.163489
377	7	5	0.0183	0	0:00:15.164419
378	0	-1	0.0	0	0:00:15.165085
379	6	6	0.475	1	0:00:15.165436
380	6	6	0.55	1	0:00:15.168585
381	9	9	0.782	1	0:00:15.163893
382	0	0	0.124	1	0:00:15.164523
383	9	9	0.677	1	0:00:15.165113
384	2	6	0.402	0	0:00:15.164488
385	8	0	0.219	0	0:00:15.165308
386	7	7	0.349	1	0:00:15.164248
387	2	6	0.373	0	0:00:15.165516
388	2	5	0.398	0	0:00:15.162822
389	5	5	0.195	1	0:00:15.164880
390	1	1	0.782	1	0:00:15.163998
391	2	2	0.395	1	0:00:15.165550
392	6	6	0.782	1	0:00:15.162750
393	2	5	0.31	0	0:00:15.165975
394	9	9	0.782	1	0:00:15.165488
395	6	6	0.497	1	0:00:15.164628
396	2	6	0.0764	0	0:00:15.167024
397	3	3	0.117	1	0:00:15.166838
398	0	8	0.529	0	0:00:15.164652
399	3	9	0.462	0	0:00:15.166109
400	9	9	0.561	1	0:00:15.166149
401	8	8	0.27	1	0:00:15.164490
402	7	-1	0.0	0	0:00:15.165891
403	8	-1	0.0	0	0:00:15.167315
404	8	8	0.388	1	0:00:15.164979
405	4	5	0.21	0	0:00:15.164406
406	0	0	0.782	1	0:00:15.165401
407	1	1	0.116	1	0:00:15.165846
408	8	2	0.251	0	0:00:15.166670
409	2	6	0.0409	0	0:00:15.163166
410	7	-1	0.0	0	0:00:15.165617
411	9	-1	0.0	0	0:00:15.165419
412	3	6	0.0333	0	0:00:15.165075
413	6	6	0.693	1	0:00:15.164374
414	1	1	0.611	1	0:00:15.164680
415	9	9	0.782	1	0:00:15.164960
416	0	6	0.31	0	0:00:15.166083
417	7	5	0.179	0	0:00:15.165097
418	3	5	0.421	0	0:00:15.164763
419	7	5	0.387	0	0:00:15.165825
420	4	5	0.782	0	0:00:15.166748
421	5	5	0.52	1	0:00:15.164911
422	0	8	0.214	0	0:00:15.165870
423	0	0	0.59	1	0:00:15.166011
424	2	6	0.782	0	0:00:15.165676
425	9	9	0.782	1	0:00:15.164727
426	3	9	0.0624	0	0:00:15.166113
427	4	5	0.455	0	0:00:15.165208
428	0	3	0.0441	0	0:00:15.168701
429	6	6	0.298	1	0:00:15.169397
430	2	5	0.015	0	0:00:15.171209
431	5	5	0.753	1	0:00:15.168226
432	3	5	0.122	0	0:00:15.189040
433	7	9	0.173	0	0:00:15.187433
434	3	9	0.73	0	0:00:15.165200
435	7	7	0.379	1	0:00:15.165179
436	2	6	0.254	0	0:00:15.158442
437	5	6	0.136	0	0:00:15.158235
438	3	9	0.281	0	0:00:15.160227
439	1	9	0.782	0	0:00:15.159053
440	1	1	0.0552	1	0:00:15.162977
441	4	6	0.117	0	0:00:15.164522
442	9	9	0.782	1	0:00:15.166333
443	9	9	0.782	1	0:00:15.164343
444	5	3	0.00263	0	0:00:15.165248
445	7	-1	0.0	0	0:00:15.166605
446	5	6	0.21	0	0:00:15.165250
447	0	2	0.629	0	0:00:15.164469
448	2	6	0.782	0	0:00:15.132349
449	2	6	0.331	0	0:00:15.160924
450	2	2	0.0715	1	0:00:15.165473
451	9	9	0.664	1	0:00:15.164034
452	7	7	0.457	1	0:00:15.166871
453	3	5	0.41	0	0:00:15.165706
454	9	9	0.764	1	0:00:15.165103
455	4	6	0.3	0	0:00:15.165314
456	3	6	0.782	0	0:00:15.164106
457	5	9	0.517	0	0:00:15.164841
458	4	6	0.126	0	0:00:15.163958
459	6	9	0.251	0	0:00:15.168035
460	5	5	0.764	1	0:00:15.165031
461	6	6	0.161	1	0:00:15.164464
462	1	1	0.305	1	0:00:15.165551
463	4	5	0.337	0	0:00:15.164420
464	3	5	0.39	0	0:00:15.165756
465	4	6	0.315	0	0:00:15.164771
466	4	7	0.326	0	0:00:15.164741
467	3	5	0.292	0	0:00:15.165083
468	7	7	0.744	1	0:00:15.165267
469	8	8	0.782	1	0:00:15.164726
470	3	5	0.0846	0	0:00:15.162539
471	7	7	0.00705	1	0:00:15.166104
472	8	8	0.415	1	0:00:15.165392
473	0	0	0.422	1	0:00:15.163025
474	5	5	0.539	1	0:00:15.162759
475	7	7	0.782	1	0:00:15.165671
476	6	6	0.423	1	0:00:15.165136
477	0	-1	0.0	0	0:00:15.163582
478	5	6	0.292	0	0:00:15.165071
479	4	-1	0.0	0	0:00:15.166762
480	8	9	0.411	0	0:00:15.165323
481	6	6	0.624	1	0:00:15.164335
482	8	8	0.0541	1	0:00:15.165356
483	5	5	0.113	1	0:00:15.164960
484	5	9	0.437	0	0:00:15.165031
485	9	0	0.0667	0	0:00:15.164615
486	9	9	0.782	1	0:00:15.165739
487	9	9	0.782	1	0:00:15.162774
488	5	3	0.000455	0	0:00:15.165342
489	0	2	0.0802	0	0:00:15.164526
490	1	1	0.608	1	0:00:15.164320
491	0	6	0.261	0	0:00:15.165349
492	8	0	0.782	0	0:00:15.165570
493	1	1	0.202	1	0:00:15.164445
494	1	8	0.102	0	0:00:15.164217
495	8	8	0.0874	1	0:00:15.165154
496	0	0	0.782	1	0:00:15.165030
497	2	6	0.261	0	0:00:15.163754
498	2	2	0.0481	1	0:00:15.165510
499	0	2	0.511	0	0:00:15.164894
500	4	5	0.261	0	0:00:15.165103
501	6	6	0.609	1	0:00:15.164046
502	5	6	0.112	0	0:00:15.165435
503	4	5	0.398	0	0:00:15.164378
504	9	9	0.311	1	0:00:15.164663
505	4	6	0.4	0	0:00:15.164297
506	7	7	0.655	1	0:00:15.165753
507	9	9	0.782	1	0:00:15.165889
508	9	9	0.403	1	0:00:15.165252
509	4	5	0.137	0	0:00:15.164626
510	5	5	0.782	1	0:00:15.164491
511	6	6	0.782	1	0:00:15.164685
512	6	6	0.427	1	0:00:15.164021
513	1	9	0.00839	0	0:00:15.164384
514	5	5	0.753	1	0:00:15.165492
515	3	5	0.0628	0	0:00:15.164684
516	8	8	0.239	1	0:00:15.164752
517	9	9	0.744	1	0:00:15.164285
518	5	5	0.368	1	0:00:15.166112
519	8	8	0.103	1	0:00:15.164577
520	5	-1	0.0	0	0:00:15.164485
521	7	7	0.782	1	0:00:15.165005
522	0	-1	0.0	0	0:00:15.164660
523	7	7	0.782	1	0:00:15.164235
524	0	0	0.0632	1	0:00:15.165413
525	5	6	0.0894	0	0:00:15.165487
526	0	6	0.0966	0	0:00:15.165616
527	0	0	0.782	1	0:00:15.163325
528	4	0	0.0707	0	0:00:15.165527
529	6	6	0.679	1	0:00:15.164605
530	9	9	0.627	1	0:00:15.164846
531	0	0	0.0487	1	0:00:15.165420
532	9	9	0.628	1	0:00:15.164109
533	5	5	0.284	1	0:00:15.165746
534	6	6	0.109	1	0:00:15.163204
535	6	6	0.582	1	0:00:15.164357
536	6	6	0.782	1	0:00:15.164481
537	2	6	0.394	0	0:00:15.163860
538	9	9	0.704	1	0:00:15.165599
539	0	9	0.135	0	0:00:15.164709
540	1	1	0.493	1	0:00:15.164821
541	7	7	0.392	1	0:00:15.166866
542	6	6	0.0343	1	0:00:15.162698
543	7	7	0.67	1	0:00:15.164745
544	5	5	0.782	1	0:00:15.164886
545	9	9	0.782	1	0:00:15.164054
546	1	1	0.782	1	0:00:15.165218
547	6	5	0.163	0	0:00:15.164736
548	2	5	0.18	0	0:00:15.165677
549	5	5	0.182	1	0:00:15.166255
550	5	6	0.339	0	0:00:15.164345
551	5	5	0.276	1	0:00:15.163445
552	8	8	0.0738	1	0:00:15.164356
553	5	5	0.568	1	0:00:15.165349
554	9	9	0.655	1	0:00:15.165394
555	4	0	0.375	0	0:00:15.165568
556	6	6	0.597	1	0:00:15.165367
557	4	5	0.278	0	0:00:15.164248
558	3	-1	0.0	0	0:00:15.165519
559	2	6	0.587	0	0:00:15.165120
560	0	0	0.753	1	0:00:15.164983
561	7	7	0.105	1	0:00:15.165398
562	6	5	0.481	0	0:00:15.165333
563	2	6	0.277	0	0:00:15.165713
564	2	6	0.753	0	0:00:15.164038
565	3	-1	0.0	0	0:00:15.164973
566	9	9	0.615	1	0:00:15.164389
567	7	9	0.229	0	0:00:15.163976
568	9	9	0.561	1	0:00:15.165631
569	2	2	0.0622	1	0:00:15.163677
570	6	6	0.367	1	0:00:15.165899
571	7	7	0.782	1	0:00:15.165493
572	1	9	0.588	0	0:00:15.165326
573	3	-1	0.0	0	0:00:15.164904
574	6	6	0.465	1	0:00:15.165984
575	6	6	0.519	1	0:00:15.164855
576	8	8	0.613	1	0:00:15.164303
577	9	8	0.0885	0	0:00:15.164561
578	7	7	0.347	1	0:00:15.165542
579	5	9	0.294	0	0:00:15.163850
580	4	6	0.403	0	0:00:15.163818
581	0	0	0.782	1	0:00:15.165184
582	8	8	0.301	1	0:00:15.164095
583	4	3	0.215	0	0:00:15.164673
584	0	0	0.782	1	0:00:15.164375
585	9	9	0.0959	1	0:00:15.165518
586	3	5	0.125	0	0:00:15.164758
587	4	3	0.0212	0	0:00:15.164454
588	8	0	0.203	0	0:00:15.164026
589	9	9	0.675	1	0:00:15.164797
590	6	6	0.47	1	0:00:15.163998
591	9	9	0.617	1	0:00:15.165375
592	2	6	0.744	0	0:00:15.165667
593	6	6	0.346	1	0:00:15.164310
594	1	1	0.197	1	0:00:15.165969
595	4	9	0.0523	0	0:00:15.165333
596	7	7	0.395	1	0:00:15.163403
597	3	9	0.495	0	0:00:15.167046
598	5	9	0.453	0	0:00:15.165736
599	3	5	0.301	0	0:00:15.165756
600	8	8	0.211	1	0:00:15.165982
601	5	5	0.56	1	0:00:15.165596
602	0	0	0.384	1	0:00:15.164122
603	2	6	0.583	0	0:00:15.163623
604	1	1	0.782	1	0:00:15.165774
605	6	6	0.408	1	0:00:15.164384
606	4	3	0.0648	0	0:00:15.166078
607	3	5	0.258	0	0:00:15.163842
608	3	9	0.136	0	0:00:15.166214
609	9	9	0.584	1	0:00:15.164924
610	6	6	0.324	1	0:00:15.164358
611	9	9	0.782	1	0:00:15.164699
612	8	8	0.725	1	0:00:15.165239
613	8	8	0.364	1	0:00:15.165911
614	5	5	0.322	1	0:00:15.166580
615	8	3	0.109	0	0:00:15.165178
616	6	6	0.0151	1	0:00:15.164080
617	6	5	0.0607	0	0:00:15.165939
618	2	6	0.0191	0	0:00:15.166077
619	1	1	0.782	1	0:00:15.164890
620	7	7	0.159	1	0:00:15.166140
621	7	9	0.271	0	0:00:15.165258
622	1	1	0.698	1	0:00:15.165531
623	2	3	0.133	0	0:00:15.163960
624	7	7	0.237	1	0:00:15.165179
625	9	9	0.271	1	0:00:15.164634
626	9	9	0.298	1	0:00:15.165820
627	4	5	0.132	0	0:00:15.165685
628	4	7	0.753	0	0:00:15.165972
629	1	1	0.0845	1	0:00:15.166173
630	2	0	0.0524	0	0:00:15.166625
631	5	5	0.349	1	0:00:15.165035
632	6	5	0.102	0	0:00:15.165499
633	8	3	0.127	0	0:00:15.165627
634	7	5	0.473	0	0:00:15.165703
635	6	6	0.079	1	0:00:15.165250
636	8	-1	0.0	0	0:00:15.166656
637	3	3	0.0338	1	0:00:15.166436
638	0	8	0.046	0	0:00:15.165869
639	5	5	0.232	1	0:00:15.165253
640	5	5	0.782	1	0:00:15.165003
641	3	5	0.283	0	0:00:15.164963
642	0	0	0.323	1	0:00:15.164702
643	7	7	0.782	1	0:00:15.164859
644	9	9	0.725	1	0:00:15.164992
645	1	1	0.0619	1	0:00:15.164934
646	3	5	0.534	0	0:00:15.165512
647	4	6	0.782	0	0:00:15.165089
648	4	-1	0.0	0	0:00:15.164738
649	5	6	0.496	0	0:00:15.165683
650	3	5	0.602	0	0:00:15.164706
651	9	9	0.782	1	0:00:15.164817
652	5	9	0.154	0	0:00:15.165212
653	6	6	0.196	1	0:00:15.164932
654	9	9	0.395	1	0:00:15.163153
655	2	5	0.345	0	0:00:15.165547
656	1	1	0.753	1	0:00:15.165367
657	1	9	0.585	0	0:00:15.166300
658	4	5	0.304	0	0:00:15.162679
659	1	1	0.782	1	0:00:15.165031
660	9	9	0.782	1	0:00:15.165423
661	4	5	0.223	0	0:00:15.166388
662	7	7	0.782	1	0:00:15.164031
663	6	6	0.645	1	0:00:15.165288
664	3	3	0.394	1	0:00:15.165520
665	8	0	0.0631	0	0:00:15.166857
666	9	9	0.782	1	0:00:15.163363
667	0	8	0.223	0	0:00:15.165426
668	1	9	0.103	0	0:00:15.164750
669	3	6	0.736	0	0:00:15.163230
670	6	6	0.782	1	0:00:15.166316
671	3	1	0.0389	0	0:00:15.165183
672	6	3	0.0425	0	0:00:15.163636
673	3	5	0.151	0	0:00:15.164802
674	2	3	0.38	0	0:00:15.164137
675	0	9	0.101	0	0:00:15.164892
676	3	6	0.301	0	0:00:15.165659
677	1	9	0.0869	0	0:00:15.165398
678	0	0	0.192	1	0:00:15.165706
679	5	6	0.307	0	0:00:15.165180
680	9	9	0.404	1	0:00:15.165904
681	6	5	0.046	0	0:00:15.164094
682	4	9	0.308	0	0:00:15.165488
683	8	9	0.439	0	0:00:15.165365
684	9	9	0.572	1	0:00:15.165440
685	6	6	0.782	1	0:00:15.165878
686	9	9	0.414	1	0:00:15.166033
687	6	5	0.0543	0	0:00:15.164792
688	3	6	0.314	0	0:00:15.165353
689	0	5	0.222	0	0:00:15.164413
690	3	5	0.693	0	0:00:15.165563
691	2	6	0.238	0	0:00:15.164433
692	2	6	0.0186	0	0:00:15.165044
693	7	7	0.72	1	0:00:15.165521
694	8	8	0.00173	1	0:00:15.165843
695	3	5	0.284	0	0:00:15.164489
696	8	8	0.49	1	0:00:15.167088
697	2	5	0.392	0	0:00:15.165387
698	7	7	0.0282	1	0:00:15.163852
699	5	5	0.634	1	0:00:15.164752
700	7	9	0.0417	0	0:00:15.165738
701	2	-1	0.0	0	0:00:15.164803
702	4	5	0.477	0	0:00:15.165208
703	8	3	0.0106	0	0:00:15.165847
704	7	5	0.283	0	0:00:15.163919
705	4	6	0.782	0	0:00:15.164316
706	2	0	0.471	0	0:00:15.165525
707	9	9	0.782	1	0:00:15.164639
708	8	-1	0.0	0	0:00:15.166193
709	8	8	0.782	1	0:00:15.165248
710	6	6	0.213	1	0:00:15.165448
711	8	0	0.522	0	0:00:15.164789
712	8	8	0.143	1	0:00:15.165124
713	7	9	0.371	0	0:00:15.164520
714	4	6	0.00425	0	0:00:15.164096
715	3	5	0.123	0	0:00:15.165233
716	3	6	0.162	0	0:00:15.166769
717	8	9	0.154	0	0:00:15.165737
718	4	5	0.232	0	0:00:15.164893
719	9	8	0.373	0	0:00:15.163562
720	4	9	0.271	0	0:00:15.165051
721	8	8	0.239	1	0:00:15.164884
722	8	8	0.753	1	0:00:15.164847
723	1	1	0.614	1	0:00:15.163836
724	8	8	0.782	1	0:00:15.163380
725	2	-1	0.0	0	0:00:15.164256
726	1	1	0.782	1	0:00:15.165354
727	3	5	0.0179	0	0:00:15.164742
728	6	6	0.693	1	0:00:15.163356
729	5	9	0.265	0	0:00:15.165278
730	4	9	0.162	0	0:00:15.166157
731	2	0	0.349	0	0:00:15.165133
732	7	7	0.782	1	0:00:15.165499
733	9	9	0.557	1	0:00:15.165649
734	9	9	0.569	1	0:00:15.165700
735	4	6	0.782	0	0:00:15.165286
736	1	1	0.508	1	0:00:15.166791
737	4	6	0.782	0	0:00:15.165422
738	1	1	0.0487	1	0:00:15.164769
739	3	5	0.377	0	0:00:15.165792
740	2	5	0.782	0	0:00:15.164443
741	7	7	0.67	1	0:00:15.164032
742	0	0	0.347	1	0:00:15.164316
743	7	7	0.782	1	0:00:15.165457
744	9	9	0.442	1	0:00:15.165573
745	7	5	0.0672	0	0:00:15.164817
746	6	5	0.0126	0	0:00:15.165273
747	6	6	0.158	1	0:00:15.164958
748	2	6	0.336	0	0:00:15.164113
749	5	5	0.782	1	0:00:15.166190
750	9	9	0.72	1	0:00:15.164278
751	2	2	0.199	1	0:00:15.164984
752	9	9	0.782	1	0:00:15.165888
753	1	1	0.782	1	0:00:15.164968
754	2	6	0.782	0	0:00:15.163521
755	2	6	0.175	0	0:00:15.165541
756	6	6	0.573	1	0:00:15.166754
757	8	0	0.0678	0	0:00:15.163723
758	2	-1	0.0	0	0:00:15.165364
759	1	1	0.782	1	0:00:15.165797
760	3	9	0.382	0	0:00:15.165403
761	6	-1	0.0	0	0:00:15.163004
762	6	3	0.0216	0	0:00:15.164693
763	0	0	0.0619	1	0:00:15.165415
764	1	1	0.782	1	0:00:15.165617
765	2	6	0.782	0	0:00:15.163735
766	7	2	0.0524	0	0:00:15.164700
767	0	9	0.782	0	0:00:15.165128
768	5	5	0.44	1	0:00:15.165679
769	4	2	0.352	0	0:00:15.170952
770	6	9	0.268	0	0:00:15.168668
771	1	-1	0.0	0	0:00:15.167564
772	6	5	0.264	0	0:00:15.166649
773	4	5	0.415	0	0:00:15.171557
774	0	2	0.364	0	0:00:15.173797
775	2	5	0.109	0	0:00:15.174991
776	2	3	0.161	0	0:00:15.164509
777	6	6	0.191	1	0:00:15.168910
778	0	6	0.194	0	0:00:15.172037
779	5	9	0.309	0	0:00:15.169447
780	9	9	0.383	1	0:00:15.163812
781	1	1	0.688	1	0:00:15.166380
782	7	7	0.782	1	0:00:15.165223
783	6	5	0.141	0	0:00:15.165009
784	7	9	0.29	0	0:00:15.164717
785	0	0	0.736	1	0:00:15.164706
786	3	5	0.043	0	0:00:15.163784
787	9	9	0.542	1	0:00:15.165081
788	6	6	0.224	1	0:00:15.163142
789	8	8	0.245	1	0:00:15.164016
790	3	0	0.736	0	0:00:15.158824
791	0	0	0.782	1	0:00:15.155685
792	3	0	0.156	0	0:00:15.156321
793	4	5	0.0725	0	0:00:15.156984
794	7	-1	0.0	0	0:00:15.191739
795	7	7	0.173	1	0:00:15.166346
796	1	9	0.238	0	0:00:15.165442
797	4	5	0.316	0	0:00:15.165090
798	7	5	0.402	0	0:00:15.164553
799	2	6	0.0444	0	0:00:15.165554
800	7	7	0.622	1	0:00:15.163098
801	1	1	0.177	1	0:00:15.165700
802	4	6	0.407	0	0:00:15.164575
803	7	7	0.782	1	0:00:15.165679
804	4	3	0.0653	0	0:00:15.165307
805	4	6	0.764	0	0:00:15.167109
806	8	-1	0.0	0	0:00:15.165680
807	4	6	0.782	0	0:00:15.165218
808	7	3	0.0661	0	0:00:15.165288
809	7	3	0.137	0	0:00:15.165230
810	5	6	0.213	0	0:00:15.165159
811	3	6	0.186	0	0:00:15.164188
812	7	7	0.782	1	0:00:15.164968
813	2	6	0.782	0	0:00:15.164521
814	0	9	0.215	0	0:00:15.163942
815	8	8	0.638	1	0:00:15.165850
816	9	9	0.782	1	0:00:15.159480
817	5	5	0.355	1	0:00:15.159774
818	8	8	0.0743	1	0:00:15.159466
819	3	5	0.048	0	0:00:15.158148
820	6	3	0.0423	0	0:00:15.163468
821	2	6	0.234	0	0:00:15.164397
822	0	0	0.511	1	0:00:15.163199
823	8	8	0.304	1	0:00:15.163730
824	7	7	0.73	1	0:00:15.164804
825	3	6	0.195	0	0:00:15.164825
826	7	5	0.175	0	0:00:15.165049
827	6	5	0.00802	0	0:00:15.164700
828	5	7	0.549	0	0:00:15.164645
829	3	-1	0.0	0	0:00:15.163646
830	1	9	0.0887	0	0:00:15.163584
831	3	6	0.632	0	0:00:15.162170
832	2	6	0.782	0	0:00:15.163365
833	2	5	0.711	0	0:00:15.160003
834	5	6	0.348	0	0:00:15.161156
835	4	9	0.274	0	0:00:15.162157
836	1	9	0.21	0	0:00:15.162168
837	2	6	0.715	0	0:00:15.161820
838	9	9	0.782	1	0:00:15.161811
839	2	6	0.782	0	0:00:15.160874
840	7	7	0.782	1	0:00:15.160915
841	0	0	0.572	1	0:00:15.161970
842	7	7	0.753	1	0:00:15.163303
843	2	6	0.782	0	0:00:15.163556
844	1	9	0.461	0	0:00:15.165044
845	3	2	0.299	0	0:00:15.164582
846	2	3	0.112	0	0:00:15.165880
847	0	0	0.355	1	0:00:15.165537
848	2	5	0.0521	0	0:00:15.163899
849	4	6	0.782	0	0:00:15.164984
850	7	5	0.369	0	0:00:15.170264
851	9	9	0.59	1	0:00:15.165448
852	8	0	0.285	0	0:00:15.165771
853	9	9	0.744	1	0:00:15.164756
854	0	2	0.58	0	0:00:15.166685
855	7	7	0.753	1	0:00:15.164949
856	7	9	0.0305	0	0:00:15.165549
857	0	0	0.0473	1	0:00:15.165672
858	7	7	0.782	1	0:00:15.165005
859	8	-1	0.0	0	0:00:15.164848
860	4	6	0.0212	0	0:00:15.165140
861	6	5	0.292	0	0:00:15.163339
862	3	5	0.0506	0	0:00:15.165602
863	3	6	0.259	0	0:00:15.170087
864	0	0	0.782	1	0:00:15.170204
865	1	1	0.782	1	0:00:15.168652
866	3	1	0.108	0	0:00:15.165256
867	7	7	0.387	1	0:00:15.173777
868	0	0	0.782	1	0:00:15.177908
869	1	9	0.782	0	0:00:15.168888
870	3	5	0.213	0	0:00:15.165156
871	1	1	0.782	1	0:00:15.161337
872	4	5	0.31	0	0:00:15.157961
873	2	6	0.679	0	0:00:15.159360
874	3	5	0.615	0	0:00:15.160552
875	8	9	0.0797	0	0:00:15.164276
876	4	6	0.488	0	0:00:15.165852
877	2	5	0.0265	0	0:00:15.162272
878	3	5	0.534	0	0:00:15.163696
879	7	7	0.624	1	0:00:15.164433
880	8	8	0.341	1	0:00:15.162098
881	4	3	0.00258	0	0:00:15.162138
882	3	5	0.0922	0	0:00:15.161854
883	0	0	0.425	1	0:00:15.161992
884	9	9	0.782	1	0:00:15.163301
885	0	2	0.0393	0	0:00:15.162717
886	0	9	0.342	0	0:00:15.164114
887	1	9	0.0342	0	0:00:15.163547
888	0	8	0.167	0	0:00:15.160706
889	4	6	0.151	0	0:00:15.164886
890	4	9	0.2	0	0:00:15.165628
891	6	6	0.782	1	0:00:15.163671
892	7	7	0.249	1	0:00:15.164124
893	6	5	0.213	0	0:00:15.164042
894	1	1	0.474	1	0:00:15.166736
895	1	9	0.715	0	0:00:15.164920
896	3	9	0.0424	0	0:00:15.165840
897	7	7	0.429	1	0:00:15.164337
898	3	9	0.419	0	0:00:15.165378
899	5	5	0.559	1	0:00:15.165368
900	2	5	0.198	0	0:00:15.165995
901	6	6	0.15	1	0:00:15.166268
902	6	6	0.782	1	0:00:15.165318
903	5	6	0.333	0	0:00:15.164341
904	8	-1	0.0	0	0:00:15.164768
905	7	-1	0.0	0	0:00:15.165780
906	1	8	0.196	0	0:00:15.165119
907	6	-1	0.0	0	0:00:15.163381
908	8	0	0.315	0	0:00:15.165270
909	8	8	0.258	1	0:00:15.165037
910	5	5	0.381	1	0:00:15.165974
911	3	5	0.403	0	0:00:15.164859
912	0	2	0.291	0	0:00:15.164909
913	4	5	0.233	0	0:00:15.164596
914	0	9	0.579	0	0:00:15.166175
915	1	1	0.782	1	0:00:15.165620
916	3	5	0.631	0	0:00:15.166878
917	8	0	0.0553	0	0:00:15.164335
918	8	8	0.431	1	0:00:15.165110
919	0	6	0.0901	0	0:00:15.165623
920	6	6	0.782	1	0:00:15.165409
921	9	9	0.782	1	0:00:15.165493
922	9	9	0.169	1	0:00:15.165179
923	9	9	0.472	1	0:00:15.163428
924	5	9	0.782	0	0:00:15.164468
925	5	5	0.782	1	0:00:15.166434
926	8	0	0.435	0	0:00:15.164731
927	6	6	0.384	1	0:00:15.163177
928	0	2	0.468	0	0:00:15.164975
929	0	0	0.215	1	0:00:15.165447
930	4	7	0.0149	0	0:00:15.165009
931	2	5	0.39	0	0:00:15.164876
932	3	5	0.176	0	0:00:15.165674
933	2	5	0.614	0	0:00:15.165427
934	7	7	0.782	1	0:00:15.165970
935	2	6	0.711	0	0:00:15.166321
936	2	5	0.00401	0	0:00:15.165906
937	5	3	0.179	0	0:00:15.165404
938	9	1	0.49	0	0:00:15.165331
939	8	0	0.0458	0	0:00:15.165740
940	9	9	0.782	1	0:00:15.165213
941	1	1	0.681	1	0:00:15.166872
942	7	5	0.501	0	0:00:15.164343
943	4	6	0.591	0	0:00:15.163885
944	0	0	0.764	1	0:00:15.165080
945	3	5	0.683	0	0:00:15.165846
946	0	0	0.782	1	0:00:15.166585
947	1	9	0.297	0	0:00:15.164020
948	3	5	0.0667	0	0:00:15.166247
949	8	8	0.386	1	0:00:15.165950
950	3	5	0.0581	0	0:00:15.166220
951	9	9	0.625	1	0:00:15.164555
952	6	6	0.764	1	0:00:15.165470
953	1	9	0.782	0	0:00:15.166002
954	4	6	0.189	0	0:00:15.165932
955	7	7	0.782	1	0:00:15.165586
956	0	3	0.157	0	0:00:15.164226
957	3	5	0.195	0	0:00:15.164920
958	7	7	0.782	1	0:00:15.165256
959	8	8	0.685	1	0:00:15.165293
960	9	9	0.782	1	0:00:15.165106
961	1	1	0.237	1	0:00:15.166147
962	1	1	0.782	1	0:00:15.164682
963	6	6	0.606	1	0:00:15.164179
964	6	6	0.307	1	0:00:15.164407
965	6	5	0.386	0	0:00:15.165700
966	6	9	0.123	0	0:00:15.165476
967	9	9	0.609	1	0:00:15.165177
968	1	1	0.782	1	0:00:15.163644
969	9	9	0.782	1	0:00:15.164209
970	9	9	0.782	1	0:00:15.165391
971	4	6	0.123	0	0:00:15.165737
972	2	6	0.261	0	0:00:15.166046
973	1	1	0.753	1	0:00:15.163882
974	7	2	0.363	0	0:00:15.166773
975	0	0	0.782	1	0:00:15.164770
976	6	5	0.0243	0	0:00:15.165480
977	8	0	0.381	0	0:00:15.164418
978	1	1	0.0749	1	0:00:15.164641
979	9	1	0.154	0	0:00:15.164778
980	2	6	0.339	0	0:00:15.163919
981	9	9	0.764	1	0:00:15.165419
982	0	5	0.139	0	0:00:15.166208
983	4	2	0.169	0	0:00:15.164347
984	7	7	0.298	1	0:00:15.165337
985	8	8	0.271	1	0:00:15.165029
986	3	3	0.233	1	0:00:15.165038
987	1	1	0.782	1	0:00:15.165390
988	2	5	0.00837	0	0:00:15.164365
989	0	2	0.414	0	0:00:15.163233
990	1	1	0.268	1	0:00:15.165270
991	5	-1	0.0	0	0:00:15.164254
992	8	0	0.708	0	0:00:15.165042
993	4	7	0.142	0	0:00:15.165780
994	6	6	0.531	1	0:00:15.164917
995	3	5	0.249	0	0:00:15.165746
996	8	8	0.00605	1	0:00:15.165751
997	1	1	0.587	1	0:00:15.164554
998	3	3	0.167	1	0:00:15.164685
999	8	8	0.45	1	0:00:15.164380
1000	5	5	0.782	1	0:00:15.164299
1001	0	8	0.324	0	0:00:15.164644
1002	8	-1	0.0	0	0:00:15.164724
1003	4	6	0.69	0	0:00:15.164692
1004	8	0	0.192	0	0:00:15.165046
1005	1	9	0.124	0	0:00:15.166415
1006	1	1	0.244	1	0:00:15.164810
1007	8	8	0.524	1	0:00:15.165236
1008	9	1	0.447	0	0:00:15.165974
1009	6	3	0.0137	0	0:00:15.165322
1010	0	0	0.0298	1	0:00:15.166655
1011	8	8	0.223	1	0:00:15.164371
1012	6	0	0.0889	0	0:00:15.164809
1013	1	1	0.782	1	0:00:15.165198
1014	3	5	0.259	0	0:00:15.164462
1015	4	6	0.311	0	0:00:15.164465
1016	1	1	0.782	1	0:00:15.164474
1017	6	-1	0.0	0	0:00:15.165612
1018	0	2	0.443	0	0:00:15.165129
1019	5	-1	0.0	0	0:00:15.164064
1020	1	1	0.782	1	0:00:15.165030
1021	1	8	0.143	0	0:00:15.167389
1022	0	0	0.695	1	0:00:15.163791
1023	0	2	0.639	0	0:00:15.163233
1024	3	5	0.54	0	0:00:15.164486
1025	5	5	0.428	1	0:00:15.165293
1026	0	0	0.165	1	0:00:15.166489
1027	0	0	0.168	1	0:00:15.165310
1028	6	6	0.462	1	0:00:15.165102
1029	6	6	0.782	1	0:00:15.164847
1030	3	9	0.148	0	0:00:15.164768
1031	3	3	0.0225	1	0:00:15.164705
1032	6	5	0.317	0	0:00:15.165264
1033	3	5	0.463	0	0:00:15.165010
1034	6	5	0.675	0	0:00:15.164872
1035	6	5	0.275	0	0:00:15.165237
1036	0	0	0.0624	1	0:00:15.166452
1037	7	7	0.251	1	0:00:15.163544
1038	2	6	0.567	0	0:00:15.165871
1039	2	6	0.782	0	0:00:15.164025
1040	7	5	0.753	0	0:00:15.165466
1041	5	5	0.487	1	0:00:15.165502
1042	5	5	0.153	1	0:00:15.165240
1043	2	6	0.119	0	0:00:15.164515
1044	8	8	0.566	1	0:00:15.164504
1045	5	5	0.379	1	0:00:15.165823
1046	2	6	0.67	0	0:00:15.166445
1047	1	1	0.328	1	0:00:15.163373
1048	1	1	0.782	1	0:00:15.165124
1049	4	5	0.0521	0	0:00:15.164601
1050	3	5	0.181	0	0:00:15.165357
1051	2	-1	0.0	0	0:00:15.164845
1052	0	0	0.27	1	0:00:15.165740
1053	3	5	0.494	0	0:00:15.164219
1054	1	1	0.00269	1	0:00:15.165528
1055	5	5	0.299	1	0:00:15.163383
1056	3	9	0.238	0	0:00:15.165399
1057	7	5	0.0645	0	0:00:15.165529
1058	6	5	0.32	0	0:00:15.165949
1059	8	0	0.234	0	0:00:15.163950
1060	9	9	0.782	1	0:00:15.164231
1061	1	1	0.298	1	0:00:15.165959
1062	6	5	0.291	0	0:00:15.166163
1063	4	5	0.63	0	0:00:15.164015
1064	9	9	0.626	1	0:00:15.165394
1065	3	9	0.782	0	0:00:15.163991
1066	9	1	0.782	0	0:00:15.166576
1067	0	0	0.782	1	0:00:15.165938
1068	9	9	0.58	1	0:00:15.166372
1069	6	6	0.0424	1	0:00:15.166093
1070	3	5	0.782	0	0:00:15.164981
1071	6	6	0.362	1	0:00:15.165336
1072	0	8	0.73	0	0:00:15.166883
1073	7	7	0.782	1	0:00:15.164654
1074	3	-1	0.0	0	0:00:15.165379
1075	8	8	0.589	1	0:00:15.164649
1076	0	8	0.0625	0	0:00:15.165003
1077	0	0	0.782	1	0:00:15.164349
1078	0	0	0.242	1	0:00:15.164119
1079	6	9	0.257	0	0:00:15.163812
1080	6	5	0.312	0	0:00:15.166930
1081	6	5	0.00768	0	0:00:15.164981
1082	9	9	0.251	1	0:00:15.165862
1083	2	5	0.35	0	0:00:15.164505
1084	5	6	0.72	0	0:00:15.166300
1085	4	6	0.29	0	0:00:15.165626
1086	4	6	0.388	0	0:00:15.166728
1087	6	5	0.189	0	0:00:15.165587
1088	3	5	0.753	0	0:00:15.165240
1089	6	-1	0.0	0	0:00:15.164582
1090	0	0	0.782	1	0:00:15.165441
1091	8	8	0.782	1	0:00:15.164404
1092	6	5	0.205	0	0:00:15.166367
1093	0	6	0.197	0	0:00:15.165144
1094	6	5	0.445	0	0:00:15.166448
1095	2	6	0.153	0	0:00:15.164483
1096	7	7	0.708	1	0:00:15.166867
1097	5	9	0.764	0	0:00:15.164035
1098	1	1	0.764	1	0:00:15.166139
1099	2	6	0.782	0	0:00:15.165427
1100	7	2	0.0612	0	0:00:15.166230
1101	8	8	0.481	1	0:00:15.164299
1102	8	8	0.216	1	0:00:15.165362
1103	0	0	0.207	1	0:00:15.165373
1104	9	9	0.782	1	0:00:15.165255
1105	4	6	0.209	0	0:00:15.165492
1106	9	9	0.782	1	0:00:15.165517
1107	7	7	0.183	1	0:00:15.165574
1108	2	5	0.394	0	0:00:15.164898
1109	0	-1	0.0	0	0:00:15.165102
1110	2	3	0.352	0	0:00:15.164763
1111	8	8	0.083	1	0:00:15.166546
1112	3	5	0.202	0	0:00:15.165219
1113	8	0	0.0114	0	0:00:15.165880
1114	9	9	0.782	1	0:00:15.165962
1115	1	1	0.648	1	0:00:15.165829
1116	5	6	0.18	0	0:00:15.165965
1117	5	5	0.109	1	0:00:15.166659
1118	4	5	0.23	0	0:00:15.166081
1119	7	7	0.782	1	0:00:15.165390
1120	5	6	0.264	0	0:00:15.165778
1121	3	5	0.52	0	0:00:15.165428
1122	8	0	0.53	0	0:00:15.165596
1123	3	5	0.161	0	0:00:15.165313
1124	3	6	0.223	0	0:00:15.166399
1125	6	6	0.214	1	0:00:15.165544
1126	2	2	0.782	1	0:00:15.164172
1127	8	8	0.782	1	0:00:15.165869
1128	4	1	0.115	0	0:00:15.166465
1129	3	6	0.0821	0	0:00:15.165764
1130	7	9	0.358	0	0:00:15.165846
1131	1	9	0.296	0	0:00:15.165421
1132	2	9	0.65	0	0:00:15.165047
1133	4	3	0.0107	0	0:00:15.166357
1134	1	-1	0.0	0	0:00:15.165144
1135	6	5	0.419	0	0:00:15.165204
1136	9	9	0.782	1	0:00:15.166289
1137	0	9	0.658	0	0:00:15.165604
1138	5	-1	0.0	0	0:00:15.166069
1139	8	8	0.107	1	0:00:15.164062
1140	6	6	0.164	1	0:00:15.165557
1141	1	1	0.695	1	0:00:15.166744
1142	8	8	0.0552	1	0:00:15.164831
1143	6	6	0.782	1	0:00:15.165173
1144	1	8	0.365	0	0:00:15.165844
1145	4	6	0.516	0	0:00:15.166074
1146	2	6	0.764	0	0:00:15.165870
1147	6	5	0.0389	0	0:00:15.165716
1148	2	6	0.601	0	0:00:15.166775
1149	7	9	0.39	0	0:00:15.165150
1150	2	9	0.782	0	0:00:15.165329
1151	2	6	0.782	0	0:00:15.166698
1152	0	0	0.629	1	0:00:15.164568
1153	8	9	0.0957	0	0:00:15.165019
1154	6	6	0.782	1	0:00:15.164197
1155	9	9	0.452	1	0:00:15.165040
1156	1	9	0.635	0	0:00:15.164991
1157	7	9	0.00448	0	0:00:15.164517
1158	1	1	0.324	1	0:00:15.165255
1159	8	9	0.451	0	0:00:15.165804
1160	8	0	0.181	0	0:00:15.165755
1161	0	0	0.375	1	0:00:15.165595
1162	7	7	0.725	1	0:00:15.165141
1163	3	5	0.3	0	0:00:15.166089
1164	8	2	0.0848	0	0:00:15.166012
1165	0	2	0.367	0	0:00:15.167459
1166	3	5	0.0671	0	0:00:15.165583
1167	4	5	0.48	0	0:00:15.166589
1168	3	5	0.105	0	0:00:15.166750
1169	7	7	0.0144	1	0:00:15.164315
1170	7	7	0.0792	1	0:00:15.165634
1171	9	9	0.782	1	0:00:15.166935
1172	2	6	0.432	0	0:00:15.164934
1173	3	9	0.109	0	0:00:15.166000
1174	1	1	0.782	1	0:00:15.163511
1175	9	9	0.131	1	0:00:15.166248
1176	1	8	0.126	0	0:00:15.165393
1177	9	1	0.355	0	0:00:15.165352
1178	6	6	0.782	1	0:00:15.164967
1179	3	5	0.613	0	0:00:15.164501
1180	3	6	0.237	0	0:00:15.165635
1181	3	5	0.378	0	0:00:15.165743
1182	1	1	0.601	1	0:00:15.165300
1183	0	0	0.642	1	0:00:15.165301
1184	6	6	0.205	1	0:00:15.164231
1185	1	9	0.236	0	0:00:15.165184
1186	4	-1	0.0	0	0:00:15.165613
1187	1	1	0.218	1	0:00:15.166084
1188	0	6	0.0846	0	0:00:15.165648
1189	0	0	0.764	1	0:00:15.165768
1190	1	1	0.782	1	0:00:15.165650
1191	1	1	0.441	1	0:00:15.167505
1192	6	3	0.021	0	0:00:15.165787
1193	5	5	0.0327	1	0:00:15.166234
1194	4	6	0.124	0	0:00:15.166702
1195	6	6	0.679	1	0:00:15.167799
1196	2	-1	0.0	0	0:00:15.169237
1197	0	2	0.454	0	0:00:15.168510
1198	7	7	0.782	1	0:00:15.166675
1199	9	9	0.639	1	0:00:15.165792
1200	8	8	0.323	1	0:00:15.166613
1201	7	7	0.753	1	0:00:15.166091
1202	2	5	0.396	0	0:00:15.165968
1203	0	0	0.0681	1	0:00:15.167677
1204	6	6	0.645	1	0:00:15.163199
1205	8	0	0.056	0	0:00:15.164851
1206	1	1	0.782	1	0:00:15.166029
1207	4	0	0.587	0	0:00:15.165506
1208	3	8	0.152	0	0:00:15.166106
1209	7	7	0.00402	1	0:00:15.164887
1210	0	8	0.0534	0	0:00:15.166492
1211	6	6	0.208	1	0:00:15.166095
1212	1	1	0.339	1	0:00:15.165905
1213	8	0	0.0236	0	0:00:15.166028
1214	5	1	0.0622	0	0:00:15.165949
1215	7	7	0.782	1	0:00:15.165044
1216	8	-1	0.0	0	0:00:15.164732
1217	4	5	0.479	0	0:00:15.164820
1218	8	8	0.386	1	0:00:15.165377
1219	3	5	0.567	0	0:00:15.166104
1220	9	5	0.0216	0	0:00:15.165282
1221	9	9	0.764	1	0:00:15.165799
1222	9	9	0.113	1	0:00:15.166120
1223	8	2	0.378	0	0:00:15.165250
1224	7	5	0.355	0	0:00:15.167040
1225	6	6	0.203	1	0:00:15.164992
1226	6	5	0.179	0	0:00:15.165655
1227	3	9	0.432	0	0:00:15.165688
1228	5	3	0.115	0	0:00:15.167158
1229	1	1	0.447	1	0:00:15.165492
1230	5	5	0.288	1	0:00:15.165683
1231	9	9	0.387	1	0:00:15.164899
1232	1	1	0.764	1	0:00:15.165835
1233	4	3	0.0273	0	0:00:15.165601
1234	1	1	0.658	1	0:00:15.166791
1235	5	5	0.227	1	0:00:15.164492
1236	7	5	0.103	0	0:00:15.167072
1237	0	2	0.711	0	0:00:15.164576
1238	1	1	0.782	1	0:00:15.166261
1239	5	5	0.0908	1	0:00:15.165420
1240	2	5	0.368	0	0:00:15.165275
1241	0	0	0.782	1	0:00:15.164911
1242	8	9	0.425	0	0:00:15.168778
1243	8	8	0.69	1	0:00:15.163972
1244	5	5	0.503	1	0:00:15.167024
1245	6	5	0.139	0	0:00:15.163658
1246	7	5	0.218	0	0:00:15.165751
1247	3	3	0.361	1	0:00:15.164916
1248	2	3	0.226	0	0:00:15.165174
1249	4	6	0.744	0	0:00:15.164560
1250	7	7	0.364	1	0:00:15.166338
1251	2	9	0.02	0	0:00:15.165369
1252	5	5	0.73	1	0:00:15.165660
1253	8	-1	0.0	0	0:00:15.163626
1254	2	0	0.222	0	0:00:15.164313
1255	4	2	0.432	0	0:00:15.164566
1256	9	0	0.284	0	0:00:15.164911
1257	2	6	0.159	0	0:00:15.164189
1258	1	1	0.711	1	0:00:15.164345
1259	8	8	0.683	1	0:00:15.165117
1260	1	1	0.0639	1	0:00:15.165187
1261	9	8	0.0529	0	0:00:15.164014
1262	8	8	0.576	1	0:00:15.164864
1263	8	0	0.541	0	0:00:15.165063
1264	8	8	0.637	1	0:00:15.165043
1265	9	9	0.254	1	0:00:15.164727
1266	0	0	0.44	1	0:00:15.165118
1267	4	5	0.0451	0	0:00:15.165395
1268	3	5	0.236	0	0:00:15.165145
1269	3	5	0.537	0	0:00:15.165212
1270	1	1	0.594	1	0:00:15.166543
1271	8	0	0.453	0	0:00:15.164937
1272	4	7	0.725	0	0:00:15.165885
1273	6	5	0.0744	0	0:00:15.163582
1274	3	6	0.338	0	0:00:15.165054
1275	3	5	0.324	0	0:00:15.166368
1276	5	6	0.282	0	0:00:15.164084
1277	2	5	0.298	0	0:00:15.165411
1278	2	6	0.161	0	0:00:15.165948
1279	8	8	0.312	1	0:00:15.165390
1280	3	5	0.0799	0	0:00:15.165924
1281	8	8	0.782	1	0:00:15.164811
1282	9	9	0.782	1	0:00:15.165020
1283	5	6	0.0654	0	0:00:15.163209
1284	8	8	0.47	1	0:00:15.165321
1285	9	9	0.649	1	0:00:15.165214
1286	8	0	0.113	0	0:00:15.165774
1287	9	9	0.561	1	0:00:15.164892
1288	1	1	0.306	1	0:00:15.164600
1289	6	-1	0.0	0	0:00:15.165502
1290	5	-1	0.0	0	0:00:15.165492
1291	9	9	0.782	1	0:00:15.165371
1292	4	-1	0.0	0	0:00:15.165534
1293	4	5	0.385	0	0:00:15.164705
1294	8	0	0.046	0	0:00:15.164274
1295	0	0	0.0576	1	0:00:15.165578
1296	7	7	0.764	1	0:00:15.165050
1297	2	2	0.167	1	0:00:15.165232
1298	9	9	0.782	1	0:00:15.165160
1299	7	9	0.782	0	0:00:15.164341
1300	4	3	0.753	0	0:00:15.164812
1301	1	1	0.782	1	0:00:15.164773
1302	6	6	0.299	1	0:00:15.164901
1303	4	6	0.782	0	0:00:15.164783
1304	4	8	0.413	0	0:00:15.164712
1305	9	9	0.782	1	0:00:15.164520
1306	1	8	0.0195	0	0:00:15.165126
1307	2	2	0.338	1	0:00:15.165257
1308	5	6	0.381	0	0:00:15.164905
1309	6	6	0.416	1	0:00:15.167141
1310	0	0	0.782	1	0:00:15.164931
1311	8	8	0.332	1	0:00:15.165598
1312	6	6	0.477	1	0:00:15.165466
1313	1	1	0.782	1	0:00:15.165258
1314	9	9	0.782	1	0:00:15.165092
1315	4	6	0.34	0	0:00:15.166418
1316	5	5	0.55	1	0:00:15.164781
1317	9	9	0.782	1	0:00:15.163747
1318	5	5	0.64	1	0:00:15.164728
1319	0	2	0.493	0	0:00:15.166020
1320	7	2	0.186	0	0:00:15.164956
1321	2	6	0.419	0	0:00:15.165303
1322	0	9	0.538	0	0:00:15.165214
1323	0	-1	0.0	0	0:00:15.166385
1324	4	9	0.0797	0	0:00:15.164965
1325	2	6	0.782	0	0:00:15.165837
1326	6	6	0.1	1	0:00:15.165685
1327	6	6	0.121	1	0:00:15.165511
1328	5	5	0.604	1	0:00:15.166544
1329	5	7	0.42	0	0:00:15.167129
1330	2	5	0.504	0	0:00:15.166761
1331	8	8	0.782	1	0:00:15.166453
1332	1	9	0.54	0	0:00:15.165811
1333	7	2	0.183	0	0:00:15.166038
1334	3	5	0.226	0	0:00:15.164734
1335	1	1	0.642	1	0:00:15.166849
1336	4	6	0.118	0	0:00:15.165082
1337	5	6	0.652	0	0:00:15.165375
1338	6	6	0.211	1	0:00:15.166116
1339	5	9	0.473	0	0:00:15.165186
1340	1	9	0.643	0	0:00:15.165594
1341	4	3	0.0857	0	0:00:15.164196
1342	7	9	0.637	0	0:00:15.165450
1343	0	0	0.194	1	0:00:15.165584
1344	9	9	0.782	1	0:00:15.165975
1345	4	6	0.73	0	0:00:15.166287
1346	3	9	0.333	0	0:00:15.163814
1347	8	0	0.0279	0	0:00:15.166600
1348	2	5	0.652	0	0:00:15.164366
1349	8	8	0.479	1	0:00:15.167054
1350	4	6	0.433	0	0:00:15.165556
1351	7	7	0.782	1	0:00:15.166099
1352	2	1	0.0474	0	0:00:15.164096
1353	3	3	0.018	1	0:00:15.165792
1354	1	1	0.39	1	0:00:15.165282
1355	5	5	0.617	1	0:00:15.165229
1356	2	5	0.437	0	0:00:15.167146
1357	9	9	0.0826	1	0:00:15.163577
1358	8	8	0.529	1	0:00:15.165311
1359	9	9	0.782	1	0:00:15.165391
1360	7	7	0.0694	1	0:00:15.165406
1361	9	9	0.623	1	0:00:15.165452
1362	5	6	0.109	0	0:00:15.164472
1363	1	1	0.782	1	0:00:15.166185
1364	4	6	0.078	0	0:00:15.165363
1365	0	2	0.499	0	0:00:15.165774
1366	8	8	0.377	1	0:00:15.164125
1367	2	6	0.782	0	0:00:15.164449
1368	3	5	0.0577	0	0:00:15.165592
1369	8	8	0.0953	1	0:00:15.166710
1370	9	9	0.124	1	0:00:15.164336
1371	1	1	0.782	1	0:00:15.163885
1372	1	9	0.42	0	0:00:15.164606
1373	3	5	0.581	0	0:00:15.164674
1374	2	6	0.265	0	0:00:15.166154
1375	4	5	0.109	0	0:00:15.163984
1376	9	1	0.105	0	0:00:15.164562
1377	3	2	0.0361	0	0:00:15.166032
1378	1	1	0.782	1	0:00:15.164862
1379	7	7	0.782	1	0:00:15.164843
1380	4	6	0.366	0	0:00:15.165716
1381	6	3	0.0927	0	0:00:15.166844
1382	2	0	0.335	0	0:00:15.164394
1383	8	0	0.292	0	0:00:15.165023
1384	9	9	0.486	1	0:00:15.166023
1385	5	5	0.473	1	0:00:15.165298
1386	3	-1	0.0	0	0:00:15.164202
1387	9	9	0.782	1	0:00:15.164401
1388	5	6	0.0939	0	0:00:15.164836
1389	5	6	0.609	0	0:00:15.165888
1390	6	6	0.041	1	0:00:15.165636
1391	7	2	0.0127	0	0:00:15.165192
1392	2	6	0.782	0	0:00:15.165246
1393	4	3	0.0482	0	0:00:15.165630
1394	6	5	0.271	0	0:00:15.164297
1395	3	5	0.31	0	0:00:15.165013
1396	1	1	0.256	1	0:00:15.164152
1397	0	2	0.782	0	0:00:15.164838
1398	7	9	0.0646	0	0:00:15.164422
1399	2	6	0.782	0	0:00:15.163520
1400	5	5	0.18	1	0:00:15.164093
1401	4	5	0.0635	0	0:00:15.166199
1402	7	9	0.189	0	0:00:15.164060
1403	6	6	0.159	1	0:00:15.165081
1404	1	1	0.782	1	0:00:15.164515
1405	1	9	0.116	0	0:00:15.165072
1406	9	9	0.715	1	0:00:15.164660
1407	8	8	0.232	1	0:00:15.165627
1408	1	1	0.412	1	0:00:15.166109
1409	0	0	0.0244	1	0:00:15.165131
1410	1	1	0.782	1	0:00:15.165431
1411	3	5	0.708	0	0:00:15.164058
1412	1	1	0.782	1	0:00:15.164269
1413	1	1	0.211	1	0:00:15.164267
1414	1	9	0.236	0	0:00:15.165240
1415	7	7	0.711	1	0:00:15.164948
1416	3	5	0.198	0	0:00:15.165741
1417	9	9	0.647	1	0:00:15.164744
1418	6	6	0.496	1	0:00:15.165360
1419	8	8	0.421	1	0:00:15.164877
1420	4	7	0.233	0	0:00:15.164827
1421	6	6	0.415	1	0:00:15.165340
1422	8	8	0.192	1	0:00:15.164920
1423	4	6	0.194	0	0:00:15.164123
1424	9	9	0.17	1	0:00:15.165756
1425	4	5	0.425	0	0:00:15.164368
1426	7	7	0.782	1	0:00:15.165605
1427	9	9	0.782	1	0:00:15.164692
1428	7	7	0.145	1	0:00:15.167562
1429	6	5	0.384	0	0:00:15.165632
1430	8	8	0.466	1	0:00:15.165206
1431	4	6	0.272	0	0:00:15.165156
1432	9	9	0.782	1	0:00:15.165570
1433	7	7	0.753	1	0:00:15.164831
1434	0	3	0.149	0	0:00:15.165742
1435	1	1	0.782	1	0:00:15.165716
1436	6	6	0.61	1	0:00:15.175198
1437	1	1	0.592	1	0:00:15.166710
1438	5	3	0.0161	0	0:00:15.164596
1439	9	1	0.325	0	0:00:15.163959
1440	0	0	0.397	1	0:00:15.166990
1441	4	6	0.782	0	0:00:15.165958
1442	3	9	0.45	0	0:00:15.164419
1443	4	6	0.683	0	0:00:15.163915
1444	1	1	0.612	1	0:00:15.165854
1445	3	5	0.545	0	0:00:15.165589
1446	0	0	0.338	1	0:00:15.164498
1447	8	8	0.319	1	0:00:15.165618
1448	4	2	0.308	0	0:00:15.166380
1449	6	6	0.698	1	0:00:15.164433
1450	2	6	0.491	0	0:00:15.163910
1451	2	6	0.0329	0	0:00:15.164707
1452	6	9	0.648	0	0:00:15.163708
1453	5	5	0.0462	1	0:00:15.164936
1454	3	6	0.0276	0	0:00:15.165775
1455	6	-1	0.0	0	0:00:15.165296
1456	2	6	0.402	0	0:00:15.165099
1457	1	1	0.527	1	0:00:15.163978
1458	1	1	0.116	1	0:00:15.164649
1459	8	0	0.254	0	0:00:15.165523
1460	6	6	0.69	1	0:00:15.162782
1461	0	0	0.231	1	0:00:15.162098
1462	4	6	0.259	0	0:00:15.165661
1463	0	0	0.0977	1	0:00:15.165919
1464	1	1	0.354	1	0:00:15.161079
1465	9	9	0.262	1	0:00:15.161955
1466	7	7	0.782	1	0:00:15.164639
1467	1	1	0.782	1	0:00:15.163614
1468	3	5	0.224	0	0:00:15.164801
1469	7	7	0.782	1	0:00:15.160996
1470	7	5	0.144	0	0:00:15.164681
1471	8	0	0.551	0	0:00:15.164490
1472	7	7	0.185	1	0:00:15.165130
1473	7	7	0.782	1	0:00:15.166098
1474	3	9	0.595	0	0:00:15.165612
1475	9	9	0.782	1	0:00:15.167587
1476	7	7	0.782	1	0:00:15.166680
1477	7	7	0.325	1	0:00:15.165100
1478	7	9	0.526	0	0:00:15.166384
1479	2	5	0.0951	0	0:00:15.167795
1480	1	9	0.634	0	0:00:15.165219
1481	2	6	0.725	0	0:00:15.165373
1482	8	8	0.592	1	0:00:15.166592
1483	6	-1	0.0	0	0:00:15.165217
1484	4	6	0.376	0	0:00:15.166331
1485	0	0	0.211	1	0:00:15.166618
1486	7	7	0.317	1	0:00:15.165745
1487	9	9	0.649	1	0:00:15.167295
1488	8	8	0.564	1	0:00:15.166373
1489	6	6	0.564	1	0:00:15.166734
1490	8	8	0.736	1	0:00:15.165141
1491	4	9	0.332	0	0:00:15.165578
1492	9	9	0.0786	1	0:00:15.166223
1493	1	9	0.0413	0	0:00:15.165691
1494	7	5	0.782	0	0:00:15.165679
1495	2	6	0.511	0	0:00:15.166212
1496	2	6	0.782	0	0:00:15.165600
1497	8	8	0.782	1	0:00:15.164654
1498	5	5	0.782	1	0:00:15.165998
1499	8	8	0.454	1	0:00:15.168445
1500	1	1	0.167	1	0:00:15.167557
1501	2	5	0.357	0	0:00:15.166593
1502	2	6	0.0246	0	0:00:15.166434
1503	4	5	0.231	0	0:00:15.166477
1504	1	1	0.104	1	0:00:15.168360
1505	2	5	0.115	0	0:00:15.166724
1506	5	7	0.782	0	0:00:15.165809
1507	2	9	0.488	0	0:00:15.167739
1508	8	8	0.382	1	0:00:15.167351
1509	1	1	0.266	1	0:00:15.165861
1510	8	-1	0.0	0	0:00:15.166722
1511	1	1	0.782	1	0:00:15.167199
1512	8	8	0.48	1	0:00:15.167048
1513	6	5	0.532	0	0:00:15.169050
1514	0	-1	0.0	0	0:00:15.165755
1515	2	6	0.239	0	0:00:15.167527
1516	4	3	0.0553	0	0:00:15.167803
1517	1	1	0.782	1	0:00:15.168428
1518	3	9	0.079	0	0:00:15.169685
1519	6	6	0.489	1	0:00:15.167793
1520	7	7	0.165	1	0:00:15.168116
1521	7	7	0.196	1	0:00:15.169304
1522	4	6	0.667	0	0:00:15.168890
1523	4	5	0.45	0	0:00:15.169440
1524	3	5	0.489	0	0:00:15.169307
1525	3	3	0.326	1	0:00:15.170262
1526	4	5	0.322	0	0:00:15.168772
1527	5	9	0.753	0	0:00:15.168286
1528	2	6	0.764	0	0:00:15.168113
1529	4	5	0.286	0	0:00:15.168551
1530	3	5	0.0361	0	0:00:15.168444
1531	7	5	0.168	0	0:00:15.169109
1532	8	0	0.209	0	0:00:15.167570
1533	4	5	0.218	0	0:00:15.168401
1534	4	5	0.176	0	0:00:15.166840
1535	4	6	0.782	0	0:00:15.168679
1536	5	5	0.299	1	0:00:15.167816
1537	4	7	0.518	0	0:00:15.167770
1538	3	9	0.612	0	0:00:15.166735
1539	2	6	0.301	0	0:00:15.166370
1540	8	8	0.401	1	0:00:15.166944
1541	4	6	0.782	0	0:00:15.169112
1542	5	5	0.69	1	0:00:15.167297
1543	5	6	0.000745	0	0:00:15.167127
1544	4	6	0.279	0	0:00:15.167135
1545	1	9	0.782	0	0:00:15.166249
1546	4	5	0.193	0	0:00:15.166996
1547	2	6	0.782	0	0:00:15.168998
1548	5	2	0.032	0	0:00:15.167349
1549	1	1	0.0443	1	0:00:15.166758
1550	6	5	0.0373	0	0:00:15.166875
1551	4	6	0.782	0	0:00:15.167677
1552	3	5	0.215	0	0:00:15.167371
1553	4	6	0.782	0	0:00:15.166622
1554	4	5	0.0385	0	0:00:15.166582
1555	0	2	0.277	0	0:00:15.166243
1556	8	9	0.11	0	0:00:15.166780
1557	8	8	0.526	1	0:00:15.167202
1558	4	6	0.206	0	0:00:15.165919
1559	5	9	0.0746	0	0:00:15.167092
1560	7	7	0.782	1	0:00:15.166023
1561	5	5	0.683	1	0:00:15.167989
1562	6	6	0.431	1	0:00:15.166213
1563	9	9	0.782	1	0:00:15.166729
1564	1	1	0.405	1	0:00:15.165556
1565	6	6	0.311	1	0:00:15.167473
1566	7	7	0.612	1	0:00:15.166719
1567	2	5	0.659	0	0:00:15.166894
1568	0	0	0.138	1	0:00:15.166620
1569	1	1	0.782	1	0:00:15.165458
1570	4	9	0.701	0	0:00:15.167181
1571	5	5	0.077	1	0:00:15.167394
1572	6	9	0.172	0	0:00:15.166779
1573	0	9	0.401	0	0:00:15.166316
1574	0	9	0.67	0	0:00:15.166662
1575	2	6	0.493	0	0:00:15.165892
1576	7	5	0.386	0	0:00:15.163204
1577	5	6	0.0372	0	0:00:15.165711
1578	6	6	0.0293	1	0:00:15.166934
1579	0	2	0.639	0	0:00:15.166018
1580	6	1	0.383	0	0:00:15.163872
1581	2	9	0.782	0	0:00:15.164730
1582	9	9	0.782	1	0:00:15.165950
1583	1	1	0.109	1	0:00:15.166505
1584	7	9	0.148	0	0:00:15.165161
1585	7	7	0.573	1	0:00:15.165152
1586	5	5	0.562	1	0:00:15.166344
1587	2	6	0.214	0	0:00:15.167079
1588	5	3	0.158	0	0:00:15.164129
1589	6	6	0.753	1	0:00:15.165123
1590	4	2	0.5	0	0:00:15.164346
1591	1	1	0.782	1	0:00:15.165870
1592	4	6	0.275	0	0:00:15.164604
1593	3	-1	0.0	0	0:00:15.163043
1594	3	6	0.595	0	0:00:15.163458
1595	3	1	0.0294	0	0:00:15.165876
1596	0	0	0.265	1	0:00:15.165610
1597	3	5	0.531	0	0:00:15.163916
1598	5	5	0.63	1	0:00:15.164016
1599	5	9	0.273	0	0:00:15.163828
1600	8	-1	0.0	0	0:00:15.163948
1601	9	9	0.693	1	0:00:15.162382
1602	7	5	0.137	0	0:00:15.161212
1603	3	6	0.0219	0	0:00:15.164720
