idx	label	predict	radius	correct	time
0	3	5	0.196	0	0:00:15.169812
1	8	8	0.348	1	0:00:15.168190
2	8	8	0.391	1	0:00:15.166606
3	0	0	0.391	1	0:00:15.168109
4	6	6	0.391	1	0:00:15.164244
5	6	5	0.111	0	0:00:15.167199
6	1	9	0.391	0	0:00:15.166441
7	6	6	0.391	1	0:00:15.167691
8	3	6	0.391	0	0:00:15.165717
9	1	9	0.391	0	0:00:15.167189
10	0	2	0.382	0	0:00:15.167521
11	9	9	0.391	1	0:00:15.167213
12	5	5	0.391	1	0:00:15.167118
13	7	7	0.391	1	0:00:15.166896
14	9	9	0.391	1	0:00:15.166542
15	8	8	0.159	1	0:00:15.167602
16	5	5	0.391	1	0:00:15.166480
17	7	7	0.391	1	0:00:15.166617
18	8	8	0.296	1	0:00:15.168167
19	6	6	0.391	1	0:00:15.166851
20	7	7	0.133	1	0:00:15.166728
21	0	6	0.376	0	0:00:15.167786
22	4	6	0.391	0	0:00:15.166921
23	9	9	0.391	1	0:00:15.166016
24	5	6	0.391	0	0:00:15.165637
25	2	6	0.224	0	0:00:15.168200
26	4	5	0.382	0	0:00:15.164951
27	0	2	0.204	0	0:00:15.165966
28	9	9	0.391	1	0:00:15.165338
29	6	6	0.289	1	0:00:15.166832
30	6	5	0.0253	0	0:00:15.165395
31	5	6	0.256	0	0:00:15.167094
32	4	2	0.134	0	0:00:15.165653
33	5	5	0.274	1	0:00:15.164138
34	9	9	0.391	1	0:00:15.165958
35	2	5	0.064	0	0:00:15.168809
36	4	5	0.277	0	0:00:15.165266
37	1	9	0.0511	0	0:00:15.165238
38	9	9	0.391	1	0:00:15.167400
39	5	3	0.0568	0	0:00:15.166469
40	4	2	0.154	0	0:00:15.164633
41	6	6	0.356	1	0:00:15.166490
42	5	5	0.391	1	0:00:15.165506
43	6	6	0.391	1	0:00:15.165077
44	0	2	0.019	0	0:00:15.166677
45	9	9	0.391	1	0:00:15.166741
46	3	5	0.282	0	0:00:15.165721
47	9	-1	0.0	0	0:00:15.165953
48	7	7	0.333	1	0:00:15.165280
49	6	6	0.391	1	0:00:15.165343
50	9	9	0.000628	1	0:00:15.166698
51	8	0	0.285	0	0:00:15.165851
52	0	6	0.382	0	0:00:15.165047
53	3	5	0.0794	0	0:00:15.165648
54	8	8	0.391	1	0:00:15.166583
55	8	8	0.0147	1	0:00:15.166084
56	7	7	0.0797	1	0:00:15.165660
57	7	3	0.0236	0	0:00:15.167071
58	4	3	0.309	0	0:00:15.167822
59	6	6	0.249	1	0:00:15.164559
60	7	7	0.391	1	0:00:15.165279
61	3	5	0.356	0	0:00:15.167480
62	6	3	0.05	0	0:00:15.166952
63	3	9	0.391	0	0:00:15.164660
64	6	6	0.391	1	0:00:15.165176
65	2	6	0.175	0	0:00:15.165955
66	1	8	0.0349	0	0:00:15.165542
67	2	2	0.141	1	0:00:15.165468
68	3	5	0.318	0	0:00:15.164703
69	7	9	0.382	0	0:00:15.165984
70	2	2	0.0767	1	0:00:15.165949
71	6	6	0.391	1	0:00:15.165740
72	8	0	0.15	0	0:00:15.164968
73	8	8	0.275	1	0:00:15.165157
74	0	3	0.166	0	0:00:15.165861
75	2	6	0.391	0	0:00:15.164388
76	9	9	0.391	1	0:00:15.164390
77	3	5	0.207	0	0:00:15.165882
78	3	5	0.0867	0	0:00:15.165363
79	8	0	0.335	0	0:00:15.163780
80	8	8	0.391	1	0:00:15.164846
81	1	1	0.391	1	0:00:15.165215
82	1	1	0.391	1	0:00:15.165412
83	7	7	0.358	1	0:00:15.164411
84	2	6	0.376	0	0:00:15.165230
85	5	7	0.391	0	0:00:15.165412
86	2	3	0.0258	0	0:00:15.165258
87	7	5	0.223	0	0:00:15.165707
88	8	8	0.116	1	0:00:15.165885
89	9	9	0.391	1	0:00:15.165203
90	0	1	0.171	0	0:00:15.164431
91	3	5	0.00253	0	0:00:15.165964
92	8	8	0.391	1	0:00:15.165250
93	6	6	0.391	1	0:00:15.165636
94	4	6	0.391	0	0:00:15.165252
95	6	5	0.343	0	0:00:15.165199
96	6	6	0.391	1	0:00:15.164962
97	0	0	0.0168	1	0:00:15.169404
98	0	2	0.391	0	0:00:15.166116
99	7	7	0.391	1	0:00:15.164950
100	4	6	0.0307	0	0:00:15.164292
101	5	9	0.163	0	0:00:15.165277
102	6	5	0.217	0	0:00:15.162884
103	3	5	0.391	0	0:00:15.165118
104	1	1	0.391	1	0:00:15.163420
105	1	1	0.391	1	0:00:15.165391
106	3	0	0.1	0	0:00:15.166511
107	6	6	0.391	1	0:00:15.165982
108	8	8	0.391	1	0:00:15.164254
109	7	7	0.127	1	0:00:15.166633
110	4	5	0.0861	0	0:00:15.163403
111	0	0	0.391	1	0:00:15.165138
112	6	5	0.0106	0	0:00:15.163170
113	2	6	0.111	0	0:00:15.164168
114	1	1	0.391	1	0:00:15.164247
115	3	5	0.391	0	0:00:15.165261
116	0	2	0.235	0	0:00:15.163765
117	4	3	0.0206	0	0:00:15.167123
118	2	5	0.301	0	0:00:15.163783
119	7	5	0.299	0	0:00:15.165011
120	8	0	0.0571	0	0:00:15.163474
121	3	6	0.391	0	0:00:15.164028
122	1	1	0.391	1	0:00:15.164249
123	2	6	0.206	0	0:00:15.163913
124	8	0	0.109	0	0:00:15.163846
125	0	2	0.176	0	0:00:15.164086
126	8	0	0.0466	0	0:00:15.163349
127	3	5	0.391	0	0:00:15.164497
128	5	5	0.391	1	0:00:15.164562
129	2	6	0.165	0	0:00:15.164843
130	4	6	0.391	0	0:00:15.165975
131	1	1	0.391	1	0:00:15.163358
132	8	9	0.277	0	0:00:15.164319
133	9	9	0.391	1	0:00:15.163641
134	1	1	0.0887	1	0:00:15.165062
135	2	5	0.0729	0	0:00:15.163240
136	9	9	0.391	1	0:00:15.164729
137	7	7	0.216	1	0:00:15.165134
138	2	6	0.391	0	0:00:15.164808
139	9	8	0.0424	0	0:00:15.165054
140	6	6	0.391	1	0:00:15.165579
141	5	5	0.391	1	0:00:15.164713
142	6	6	0.358	1	0:00:15.164246
143	3	5	0.076	0	0:00:15.164600
144	8	8	0.253	1	0:00:15.164655
145	7	5	0.231	0	0:00:15.163795
146	6	5	0.3	0	0:00:15.164035
147	2	5	0.0903	0	0:00:15.164975
148	5	3	0.0713	0	0:00:15.164954
149	2	2	0.0367	1	0:00:15.166001
150	8	0	0.165	0	0:00:15.165962
151	9	9	0.391	1	0:00:15.163794
152	6	3	0.356	0	0:00:15.164731
153	0	2	0.234	0	0:00:15.164366
154	0	2	0.263	0	0:00:15.165455
155	5	6	0.179	0	0:00:15.165007
156	2	6	0.391	0	0:00:15.165181
157	9	9	0.391	1	0:00:15.165426
158	5	5	0.27	1	0:00:15.164919
159	4	6	0.17	0	0:00:15.165143
160	2	6	0.391	0	0:00:15.165431
161	1	9	0.122	0	0:00:15.165862
162	6	-1	0.0	0	0:00:15.164457
163	6	6	0.391	1	0:00:15.164787
164	8	0	0.0181	0	0:00:15.164419
165	4	6	0.0228	0	0:00:15.163743
166	8	8	0.161	1	0:00:15.163991
167	4	6	0.328	0	0:00:15.164896
168	5	9	0.349	0	0:00:15.165376
169	0	0	0.391	1	0:00:15.164816
170	9	9	0.391	1	0:00:15.164361
171	9	7	0.182	0	0:00:15.163330
172	9	8	0.303	0	0:00:15.163770
173	8	-1	0.0	0	0:00:15.165134
174	9	9	0.391	1	0:00:15.162517
175	9	9	0.391	1	0:00:15.165199
176	3	5	0.362	0	0:00:15.163200
177	7	7	0.0453	1	0:00:15.166617
178	5	5	0.0721	1	0:00:15.164834
179	0	0	0.336	1	0:00:15.164687
180	0	2	0.36	0	0:00:15.165164
181	5	5	0.276	1	0:00:15.164491
182	2	6	0.391	0	0:00:15.163485
183	2	2	0.178	1	0:00:15.166064
184	3	6	0.376	0	0:00:15.165724
185	8	8	0.356	1	0:00:15.164382
186	6	6	0.118	1	0:00:15.164068
187	3	5	0.123	0	0:00:15.166137
188	4	5	0.391	0	0:00:15.164469
189	0	0	0.391	1	0:00:15.165128
190	5	6	0.206	0	0:00:15.165277
191	8	9	0.0129	0	0:00:15.165480
192	0	2	0.131	0	0:00:15.163737
193	1	1	0.221	1	0:00:15.163917
194	7	5	0.0807	0	0:00:15.164962
195	2	6	0.185	0	0:00:15.164293
196	8	8	0.294	1	0:00:15.165038
197	8	2	0.18	0	0:00:15.165568
198	7	5	0.289	0	0:00:15.165716
199	8	0	0.25	0	0:00:15.164114
200	5	5	0.391	1	0:00:15.165838
201	1	0	0.198	0	0:00:15.164741
202	8	8	0.21	1	0:00:15.164483
203	7	7	0.225	1	0:00:15.165422
204	1	1	0.391	1	0:00:15.164467
205	3	6	0.313	0	0:00:15.164572
206	0	0	0.391	1	0:00:15.165082
207	5	6	0.391	0	0:00:15.163037
208	7	7	0.391	1	0:00:15.164593
209	9	9	0.276	1	0:00:15.163960
210	7	6	0.176	0	0:00:15.164238
211	4	9	0.0572	0	0:00:15.165772
212	5	6	0.391	0	0:00:15.165196
213	9	9	0.368	1	0:00:15.165155
214	8	8	0.268	1	0:00:15.165053
215	0	0	0.33	1	0:00:15.163060
216	7	7	0.391	1	0:00:15.165543
217	9	9	0.391	1	0:00:15.163367
218	8	6	0.247	0	0:00:15.163757
219	2	5	0.298	0	0:00:15.164574
220	7	7	0.391	1	0:00:15.164848
221	6	5	0.391	0	0:00:15.164230
222	9	9	0.391	1	0:00:15.164519
223	4	5	0.305	0	0:00:15.165089
224	3	5	0.169	0	0:00:15.164466
225	9	9	0.217	1	0:00:15.162622
226	6	5	0.217	0	0:00:15.165618
227	4	6	0.372	0	0:00:15.164379
228	7	5	0.391	0	0:00:15.164051
229	6	5	0.382	0	0:00:15.164314
230	5	5	0.391	1	0:00:15.165996
231	1	1	0.391	1	0:00:15.163116
232	5	5	0.0172	1	0:00:15.162977
233	8	1	0.235	0	0:00:15.165758
234	8	8	0.391	1	0:00:15.165818
235	0	0	0.391	1	0:00:15.166343
236	4	6	0.391	0	0:00:15.166213
237	0	2	0.13	0	0:00:15.163996
238	5	9	0.141	0	0:00:15.164572
239	5	5	0.192	1	0:00:15.165935
240	1	1	0.391	1	0:00:15.164969
241	1	1	0.27	1	0:00:15.165391
242	8	-1	0.0	0	0:00:15.165482
243	9	9	0.391	1	0:00:15.163826
244	0	2	0.0738	0	0:00:15.165008
245	3	3	0.351	1	0:00:15.165059
246	1	1	0.391	1	0:00:15.165919
247	9	0	0.391	0	0:00:15.164959
248	2	6	0.391	0	0:00:15.165180
249	2	0	0.0149	0	0:00:15.165819
250	5	5	0.104	1	0:00:15.165499
251	3	5	0.391	0	0:00:15.166800
252	9	9	0.391	1	0:00:15.165484
253	9	9	0.321	1	0:00:15.166027
254	4	6	0.391	0	0:00:15.165902
255	0	9	0.176	0	0:00:15.166349
256	3	5	0.382	0	0:00:15.166856
257	0	0	0.391	1	0:00:15.164003
258	0	8	0.11	0	0:00:15.166065
259	9	9	0.391	1	0:00:15.166555
260	8	8	0.297	1	0:00:15.165673
261	1	9	0.0117	0	0:00:15.165181
262	5	3	0.0931	0	0:00:15.165608
263	7	6	0.0503	0	0:00:15.165057
264	0	8	0.0613	0	0:00:15.165868
265	8	8	0.194	1	0:00:15.165421
266	2	2	0.0909	1	0:00:15.166509
267	4	5	0.173	0	0:00:15.172033
268	7	5	0.0106	0	0:00:15.168506
269	0	6	0.391	0	0:00:15.165889
270	2	6	0.18	0	0:00:15.165491
271	3	6	0.391	0	0:00:15.167142
272	6	6	0.391	1	0:00:15.165963
273	3	5	0.157	0	0:00:15.167569
274	8	9	0.172	0	0:00:15.165822
275	5	6	0.261	0	0:00:15.168320
276	0	9	0.224	0	0:00:15.167183
277	3	5	0.0573	0	0:00:15.166416
278	4	-1	0.0	0	0:00:15.165460
279	3	5	0.354	0	0:00:15.167616
280	9	9	0.391	1	0:00:15.166345
281	0	1	0.0305	0	0:00:15.164967
282	6	6	0.391	1	0:00:15.166959
283	1	1	0.391	1	0:00:15.165891
284	0	9	0.391	0	0:00:15.166085
285	9	9	0.391	1	0:00:15.165101
286	1	8	0.2	0	0:00:15.166943
287	0	8	0.346	0	0:00:15.164970
288	7	7	0.391	1	0:00:15.165888
289	9	9	0.391	1	0:00:15.168074
290	1	1	0.391	1	0:00:15.165774
291	2	6	0.391	0	0:00:15.165163
292	6	6	0.219	1	0:00:15.165213
293	9	9	0.391	1	0:00:15.164577
294	3	3	0.141	1	0:00:15.167015
295	4	6	0.391	0	0:00:15.166967
296	6	6	0.0554	1	0:00:15.166389
297	0	2	0.391	0	0:00:15.165538
298	0	0	0.391	1	0:00:15.166523
299	6	6	0.214	1	0:00:15.167179
300	6	6	0.304	1	0:00:15.166078
301	6	6	0.391	1	0:00:15.166139
302	3	6	0.187	0	0:00:15.166153
303	2	9	0.31	0	0:00:15.165719
304	6	6	0.391	1	0:00:15.165266
305	1	8	0.027	0	0:00:15.166535
306	8	-1	0.0	0	0:00:15.165212
307	2	6	0.391	0	0:00:15.164651
308	1	1	0.391	1	0:00:15.166240
309	6	6	0.391	1	0:00:15.164297
310	8	0	0.00171	0	0:00:15.166410
311	6	6	0.391	1	0:00:15.165164
312	8	0	0.154	0	0:00:15.165166
313	0	2	0.119	0	0:00:15.164296
314	4	5	0.161	0	0:00:15.165891
315	0	2	0.234	0	0:00:15.167249
316	7	5	0.222	0	0:00:15.164844
317	7	7	0.391	1	0:00:15.165163
318	5	5	0.391	1	0:00:15.165349
319	5	5	0.314	1	0:00:15.166725
320	3	5	0.0122	0	0:00:15.165066
321	5	-1	0.0	0	0:00:15.166001
322	2	5	0.00932	0	0:00:15.167135
323	3	6	0.391	0	0:00:15.165459
324	4	9	0.31	0	0:00:15.164840
325	1	1	0.391	1	0:00:15.166064
326	7	2	0.272	0	0:00:15.165441
327	5	5	0.281	1	0:00:15.165344
328	4	9	0.221	0	0:00:15.165109
329	6	6	0.391	1	0:00:15.166749
330	1	1	0.391	1	0:00:15.166003
331	9	9	0.391	1	0:00:15.166434
332	3	6	0.391	0	0:00:15.165589
333	6	6	0.391	1	0:00:15.168314
334	6	6	0.391	1	0:00:15.167674
335	9	9	0.391	1	0:00:15.165679
336	3	6	0.152	0	0:00:15.164369
337	8	8	0.358	1	0:00:15.165365
338	0	2	0.365	0	0:00:15.167130
339	7	9	0.372	0	0:00:15.165760
340	2	6	0.147	0	0:00:15.165718
341	6	5	0.285	0	0:00:15.163061
342	2	6	0.372	0	0:00:15.165839
343	5	5	0.0258	1	0:00:15.167560
344	8	0	0.0518	0	0:00:15.166287
345	5	5	0.391	1	0:00:15.166079
346	4	7	0.391	0	0:00:15.165740
347	6	6	0.172	1	0:00:15.166562
348	8	8	0.391	1	0:00:15.166065
349	9	9	0.391	1	0:00:15.167513
350	9	9	0.264	1	0:00:15.166162
351	1	1	0.391	1	0:00:15.165991
352	0	0	0.344	1	0:00:15.166601
353	2	6	0.391	0	0:00:15.164903
354	2	6	0.252	0	0:00:15.166759
355	7	7	0.275	1	0:00:15.167562
356	3	6	0.391	0	0:00:15.164328
357	2	5	0.206	0	0:00:15.165908
358	8	1	0.136	0	0:00:15.164900
359	0	2	0.176	0	0:00:15.164328
360	9	9	0.391	1	0:00:15.165067
361	5	5	0.391	1	0:00:15.166300
362	8	8	0.391	1	0:00:15.167126
363	1	-1	0.0	0	0:00:15.166362
364	9	9	0.391	1	0:00:15.166361
365	4	3	0.0551	0	0:00:15.166801
366	1	8	0.0553	0	0:00:15.166667
367	3	1	0.315	0	0:00:15.166943
368	8	6	0.0427	0	0:00:15.165786
369	1	1	0.255	1	0:00:15.166616
370	4	6	0.0191	0	0:00:15.163782
371	7	7	0.391	1	0:00:15.166476
372	9	9	0.391	1	0:00:15.165662
373	4	6	0.376	0	0:00:15.164909
374	2	6	0.323	0	0:00:15.167069
375	7	5	0.206	0	0:00:15.166381
376	0	2	0.251	0	0:00:15.166368
377	7	5	0.0601	0	0:00:15.165136
378	0	-1	0.0	0	0:00:15.166752
379	6	6	0.391	1	0:00:15.165488
380	6	6	0.391	1	0:00:15.165589
381	9	9	0.391	1	0:00:15.167401
382	0	0	0.0369	1	0:00:15.167374
383	9	9	0.391	1	0:00:15.166299
384	2	6	0.391	0	0:00:15.166954
385	8	0	0.119	0	0:00:15.167002
386	7	7	0.354	1	0:00:15.166355
387	2	6	0.391	0	0:00:15.166870
388	2	5	0.0962	0	0:00:15.165746
389	5	5	0.143	1	0:00:15.166357
390	1	1	0.391	1	0:00:15.166449
391	2	2	0.184	1	0:00:15.166735
392	6	6	0.391	1	0:00:15.165650
393	2	5	0.272	0	0:00:15.165980
394	9	9	0.391	1	0:00:15.167847
395	6	6	0.391	1	0:00:15.168453
396	2	6	0.372	0	0:00:15.166095
397	3	3	0.192	1	0:00:15.165095
398	0	8	0.391	0	0:00:15.166541
399	3	9	0.294	0	0:00:15.165759
400	9	9	0.333	1	0:00:15.165727
401	8	8	0.362	1	0:00:15.166221
402	7	5	0.0616	0	0:00:15.163974
403	8	8	0.158	1	0:00:15.164084
404	8	8	0.391	1	0:00:15.164636
405	4	6	0.0664	0	0:00:15.167076
406	0	0	0.391	1	0:00:15.165625
407	1	1	0.00968	1	0:00:15.165576
408	8	2	0.225	0	0:00:15.164091
409	2	6	0.232	0	0:00:15.165662
410	7	0	0.00542	0	0:00:15.165390
411	9	0	0.023	0	0:00:15.166456
412	3	6	0.31	0	0:00:15.165647
413	6	6	0.391	1	0:00:15.164100
414	1	1	0.391	1	0:00:15.165776
415	9	9	0.391	1	0:00:15.166194
416	0	6	0.189	0	0:00:15.165921
417	7	5	0.197	0	0:00:15.164865
418	3	5	0.391	0	0:00:15.166233
419	7	6	0.0231	0	0:00:15.165356
420	4	5	0.391	0	0:00:15.165454
421	5	5	0.201	1	0:00:15.165617
422	0	8	0.207	0	0:00:15.163900
423	0	0	0.391	1	0:00:15.162817
424	2	6	0.391	0	0:00:15.165639
425	9	9	0.391	1	0:00:15.165981
426	3	5	0.237	0	0:00:15.163888
427	4	5	0.382	0	0:00:15.165445
428	0	2	0.0657	0	0:00:15.166261
429	6	6	0.391	1	0:00:15.164636
430	2	6	0.358	0	0:00:15.164139
431	5	5	0.391	1	0:00:15.164964
432	3	6	0.103	0	0:00:15.163041
433	7	5	0.164	0	0:00:15.163687
434	3	9	0.391	0	0:00:15.164550
435	7	7	0.298	1	0:00:15.164704
436	2	6	0.376	0	0:00:15.163350
437	5	6	0.356	0	0:00:15.165636
438	3	5	0.17	0	0:00:15.163696
439	1	9	0.391	0	0:00:15.164573
440	1	9	0.0615	0	0:00:15.162529
441	4	6	0.241	0	0:00:15.165325
442	9	9	0.391	1	0:00:15.163167
443	9	9	0.391	1	0:00:15.166779
444	5	5	0.265	1	0:00:15.165357
445	7	5	0.202	0	0:00:15.165637
446	5	6	0.0482	0	0:00:15.165611
447	0	2	0.391	0	0:00:15.166226
448	2	6	0.391	0	0:00:15.162744
449	2	6	0.391	0	0:00:15.161698
450	2	6	0.0806	0	0:00:15.165871
451	9	9	0.391	1	0:00:15.166670
452	7	7	0.391	1	0:00:15.165288
453	3	5	0.33	0	0:00:15.166127
454	9	9	0.391	1	0:00:15.168706
455	4	6	0.391	0	0:00:15.164268
456	3	6	0.391	0	0:00:15.165470
457	5	9	0.293	0	0:00:15.164938
458	4	6	0.391	0	0:00:15.163608
459	6	9	0.0837	0	0:00:15.164557
460	5	5	0.391	1	0:00:15.165807
461	6	6	0.296	1	0:00:15.165249
462	1	1	0.376	1	0:00:15.162972
463	4	5	0.242	0	0:00:15.165011
464	3	5	0.391	0	0:00:15.165735
465	4	6	0.234	0	0:00:15.166376
466	4	7	0.139	0	0:00:15.165202
467	3	5	0.122	0	0:00:15.164203
468	7	7	0.391	1	0:00:15.166928
469	8	8	0.391	1	0:00:15.164091
470	3	6	0.147	0	0:00:15.164701
471	7	7	0.162	1	0:00:15.166748
472	8	8	0.391	1	0:00:15.163762
473	0	0	0.316	1	0:00:15.165207
474	5	5	0.372	1	0:00:15.164908
475	7	7	0.391	1	0:00:15.164826
476	6	6	0.129	1	0:00:15.165461
477	0	8	0.248	0	0:00:15.164308
478	5	6	0.391	0	0:00:15.164998
479	4	-1	0.0	0	0:00:15.164698
480	8	9	0.376	0	0:00:15.164469
481	6	6	0.391	1	0:00:15.164334
482	8	8	0.391	1	0:00:15.163694
483	5	5	0.245	1	0:00:15.165790
484	5	9	0.0108	0	0:00:15.166447
485	9	0	0.349	0	0:00:15.164584
486	9	9	0.391	1	0:00:15.166353
487	9	9	0.391	1	0:00:15.164597
488	5	3	0.212	0	0:00:15.165214
489	0	2	0.34	0	0:00:15.164521
490	1	1	0.391	1	0:00:15.164175
491	0	6	0.391	0	0:00:15.163382
492	8	0	0.391	0	0:00:15.166369
493	1	1	0.15	1	0:00:15.165283
494	1	8	0.231	0	0:00:15.163490
495	8	8	0.196	1	0:00:15.164728
496	0	0	0.391	1	0:00:15.164447
497	2	6	0.0959	0	0:00:15.164651
498	2	6	0.105	0	0:00:15.165510
499	0	2	0.391	0	0:00:15.162070
500	4	6	0.155	0	0:00:15.164725
501	6	6	0.391	1	0:00:15.164863
502	5	6	0.343	0	0:00:15.165125
503	4	5	0.0389	0	0:00:15.163529
504	9	9	0.288	1	0:00:15.165729
505	4	6	0.372	0	0:00:15.165933
506	7	7	0.391	1	0:00:15.166356
507	9	9	0.391	1	0:00:15.166194
508	9	9	0.376	1	0:00:15.165275
509	4	5	0.0518	0	0:00:15.165754
510	5	5	0.391	1	0:00:15.165850
511	6	6	0.391	1	0:00:15.164538
512	6	6	0.391	1	0:00:15.164629
513	1	1	0.0346	1	0:00:15.166306
514	5	5	0.391	1	0:00:15.163202
515	3	6	0.0707	0	0:00:15.165892
516	8	8	0.391	1	0:00:15.170529
517	9	9	0.391	1	0:00:15.174285
518	5	5	0.391	1	0:00:15.164467
519	8	8	0.263	1	0:00:15.164533
520	5	5	0.164	1	0:00:15.167598
521	7	7	0.391	1	0:00:15.170000
522	0	8	0.00622	0	0:00:15.171330
523	7	7	0.391	1	0:00:15.170974
524	0	0	0.146	1	0:00:15.172526
525	5	6	0.232	0	0:00:15.171502
526	0	6	0.0246	0	0:00:15.172836
527	0	0	0.391	1	0:00:15.171160
528	4	2	0.159	0	0:00:15.171464
529	6	6	0.391	1	0:00:15.168159
530	9	9	0.391	1	0:00:15.167982
531	0	0	0.372	1	0:00:15.169427
532	9	9	0.382	1	0:00:15.168453
533	5	5	0.144	1	0:00:15.168068
534	6	6	0.391	1	0:00:15.166172
535	6	6	0.391	1	0:00:15.168010
536	6	6	0.391	1	0:00:15.167622
537	2	6	0.376	0	0:00:15.166472
538	9	9	0.391	1	0:00:15.165019
539	0	9	0.0461	0	0:00:15.167634
540	1	1	0.391	1	0:00:15.167149
541	7	7	0.391	1	0:00:15.167624
542	6	6	0.161	1	0:00:15.160345
543	7	7	0.391	1	0:00:15.162932
544	5	5	0.391	1	0:00:15.160220
545	9	9	0.391	1	0:00:15.163932
546	1	1	0.391	1	0:00:15.164177
547	6	6	0.203	1	0:00:15.165258
548	2	5	0.193	0	0:00:15.163874
549	5	5	0.391	1	0:00:15.165902
550	5	6	0.304	0	0:00:15.162505
551	5	-1	0.0	0	0:00:15.163486
552	8	8	0.0353	1	0:00:15.164073
553	5	5	0.348	1	0:00:15.165812
554	9	9	0.391	1	0:00:15.163932
555	4	0	0.298	0	0:00:15.164344
556	6	6	0.391	1	0:00:15.164493
557	4	5	0.356	0	0:00:15.166818
558	3	5	0.342	0	0:00:15.164087
559	2	6	0.391	0	0:00:15.165468
560	0	0	0.391	1	0:00:15.165907
561	7	5	0.247	0	0:00:15.167453
562	6	5	0.391	0	0:00:15.166018
563	2	6	0.121	0	0:00:15.166752
564	2	6	0.391	0	0:00:15.164514
565	3	6	0.113	0	0:00:15.164774
566	9	9	0.391	1	0:00:15.165421
567	7	9	0.0586	0	0:00:15.167778
568	9	9	0.267	1	0:00:15.165949
569	2	6	0.0233	0	0:00:15.166065
570	6	6	0.391	1	0:00:15.164548
571	7	7	0.391	1	0:00:15.165315
572	1	9	0.269	0	0:00:15.166919
573	3	5	0.323	0	0:00:15.165154
574	6	6	0.391	1	0:00:15.165348
575	6	6	0.391	1	0:00:15.165111
576	8	8	0.391	1	0:00:15.164214
577	9	-1	0.0	0	0:00:15.165637
578	7	7	0.343	1	0:00:15.163641
579	5	5	0.0964	1	0:00:15.163747
580	4	6	0.391	0	0:00:15.167111
581	0	0	0.391	1	0:00:15.164937
582	8	8	0.25	1	0:00:15.164975
583	4	3	0.116	0	0:00:15.166067
584	0	0	0.391	1	0:00:15.166742
585	9	-1	0.0	0	0:00:15.166715
586	3	6	0.092	0	0:00:15.164567
587	4	3	0.0355	0	0:00:15.168005
588	8	8	0.044	1	0:00:15.165083
589	9	9	0.391	1	0:00:15.167798
590	6	6	0.391	1	0:00:15.164432
591	9	9	0.391	1	0:00:15.165579
592	2	6	0.391	0	0:00:15.164569
593	6	6	0.391	1	0:00:15.164302
594	1	1	0.0428	1	0:00:15.165348
595	4	3	0.0202	0	0:00:15.164182
596	7	7	0.391	1	0:00:15.165242
597	3	9	0.28	0	0:00:15.165205
598	5	9	0.245	0	0:00:15.166702
599	3	5	0.246	0	0:00:15.165433
600	8	8	0.209	1	0:00:15.164782
601	5	5	0.313	1	0:00:15.164598
602	0	0	0.316	1	0:00:15.164790
603	2	6	0.391	0	0:00:15.166785
604	1	1	0.391	1	0:00:15.164535
605	6	6	0.391	1	0:00:15.164577
606	4	5	0.0429	0	0:00:15.166978
607	3	6	0.132	0	0:00:15.165954
608	3	5	0.115	0	0:00:15.164116
609	9	9	0.391	1	0:00:15.166486
610	6	6	0.391	1	0:00:15.165777
611	9	9	0.391	1	0:00:15.167493
612	8	8	0.391	1	0:00:15.166012
613	8	8	0.391	1	0:00:15.165812
614	5	5	0.0521	1	0:00:15.158631
615	8	5	0.0177	0	0:00:15.153640
616	6	6	0.132	1	0:00:15.153014
617	6	5	0.129	0	0:00:15.164049
618	2	6	0.391	0	0:00:15.164553
619	1	1	0.391	1	0:00:15.163586
620	7	7	0.245	1	0:00:15.166083
621	7	5	0.0688	0	0:00:15.166157
622	1	1	0.391	1	0:00:15.161979
623	2	5	0.0838	0	0:00:15.164606
624	7	7	0.00969	1	0:00:15.166359
625	9	9	0.206	1	0:00:15.164764
626	9	9	0.283	1	0:00:15.164365
627	4	6	0.0711	0	0:00:15.166498
628	4	7	0.391	0	0:00:15.168183
629	1	1	0.177	1	0:00:15.168342
630	2	8	0.138	0	0:00:15.165878
631	5	5	0.171	1	0:00:15.163841
632	6	5	0.315	0	0:00:15.164689
633	8	2	0.0231	0	0:00:15.165514
634	7	5	0.352	0	0:00:15.162843
635	6	6	0.132	1	0:00:15.163755
636	8	-1	0.0	0	0:00:15.166317
637	3	5	0.0086	0	0:00:15.167205
638	0	8	0.309	0	0:00:15.163924
639	5	5	0.376	1	0:00:15.164363
640	5	5	0.391	1	0:00:15.164832
641	3	6	0.0953	0	0:00:15.165399
642	0	0	0.391	1	0:00:15.165401
643	7	7	0.391	1	0:00:15.165149
644	9	9	0.391	1	0:00:15.164759
645	1	1	0.212	1	0:00:15.165353
646	3	5	0.391	0	0:00:15.164952
647	4	6	0.391	0	0:00:15.166030
648	4	6	0.0798	0	0:00:15.166138
649	5	6	0.391	0	0:00:15.164619
650	3	5	0.222	0	0:00:15.165779
651	9	9	0.391	1	0:00:15.165233
652	5	9	0.0441	0	0:00:15.165568
653	6	6	0.391	1	0:00:15.165199
654	9	9	0.0699	1	0:00:15.164478
655	2	5	0.313	0	0:00:15.165577
656	1	1	0.391	1	0:00:15.163684
657	1	9	0.368	0	0:00:15.165371
658	4	5	0.218	0	0:00:15.163543
659	1	1	0.391	1	0:00:15.167121
660	9	9	0.391	1	0:00:15.164639
661	4	5	0.189	0	0:00:15.164456
662	7	7	0.391	1	0:00:15.163124
663	6	6	0.391	1	0:00:15.164787
664	3	3	0.382	1	0:00:15.166013
665	8	0	0.128	0	0:00:15.165118
666	9	9	0.391	1	0:00:15.164837
667	0	8	0.382	0	0:00:15.164281
668	1	1	0.0267	1	0:00:15.165203
669	3	6	0.391	0	0:00:15.164098
670	6	6	0.391	1	0:00:15.164895
671	3	1	0.12	0	0:00:15.165408
672	6	3	0.016	0	0:00:15.164125
673	3	6	0.192	0	0:00:15.166257
674	2	3	0.182	0	0:00:15.163092
675	0	9	0.00636	0	0:00:15.164762
676	3	6	0.382	0	0:00:15.164855
677	1	9	0.0744	0	0:00:15.163830
678	0	0	0.0857	1	0:00:15.165043
679	5	6	0.36	0	0:00:15.162401
680	9	-1	0.0	0	0:00:15.164080
681	6	6	0.232	1	0:00:15.164141
682	4	-1	0.0	0	0:00:15.164372
683	8	9	0.345	0	0:00:15.167415
684	9	9	0.391	1	0:00:15.167942
685	6	6	0.391	1	0:00:15.164443
686	9	9	0.164	1	0:00:15.164824
687	6	5	0.218	0	0:00:15.164505
688	3	6	0.325	0	0:00:15.164855
689	0	5	0.117	0	0:00:15.163002
690	3	5	0.391	0	0:00:15.164850
691	2	6	0.307	0	0:00:15.165598
692	2	2	0.0914	1	0:00:15.163810
693	7	7	0.391	1	0:00:15.163145
694	8	0	0.165	0	0:00:15.164163
695	3	5	0.391	0	0:00:15.165228
696	8	8	0.354	1	0:00:15.164373
697	2	5	0.166	0	0:00:15.165495
698	7	-1	0.0	0	0:00:15.164181
699	5	5	0.391	1	0:00:15.166509
700	7	7	0.0231	1	0:00:15.164121
701	2	2	0.19	1	0:00:15.165871
702	4	5	0.167	0	0:00:15.165051
703	8	3	0.0779	0	0:00:15.165549
704	7	5	0.382	0	0:00:15.165609
705	4	6	0.391	0	0:00:15.165600
706	2	0	0.391	0	0:00:15.165406
707	9	9	0.391	1	0:00:15.166947
708	8	8	0.0474	1	0:00:15.164419
709	8	8	0.391	1	0:00:15.163506
710	6	6	0.276	1	0:00:15.165232
711	8	0	0.391	0	0:00:15.165077
712	8	8	0.23	1	0:00:15.164634
713	7	9	0.244	0	0:00:15.165852
714	4	6	0.111	0	0:00:15.164515
715	3	5	0.391	0	0:00:15.166534
716	3	6	0.356	0	0:00:15.165579
717	8	8	0.137	1	0:00:15.164423
718	4	6	0.122	0	0:00:15.163384
719	9	8	0.126	0	0:00:15.165581
720	4	9	0.122	0	0:00:15.164267
721	8	8	0.0458	1	0:00:15.165781
722	8	8	0.391	1	0:00:15.164233
723	1	1	0.391	1	0:00:15.166940
724	8	8	0.391	1	0:00:15.163255
725	2	-1	0.0	0	0:00:15.165808
726	1	1	0.391	1	0:00:15.163937
727	3	5	0.0344	0	0:00:15.164998
728	6	6	0.391	1	0:00:15.164446
729	5	5	0.00484	1	0:00:15.165844
730	4	9	0.051	0	0:00:15.167287
731	2	0	0.0823	0	0:00:15.166157
732	7	7	0.391	1	0:00:15.165519
733	9	9	0.391	1	0:00:15.166029
734	9	9	0.258	1	0:00:15.164170
735	4	6	0.391	0	0:00:15.166209
736	1	1	0.382	1	0:00:15.166885
737	4	6	0.391	0	0:00:15.166122
738	1	1	0.129	1	0:00:15.166460
739	3	5	0.368	0	0:00:15.169817
740	2	5	0.391	0	0:00:15.169599
741	7	7	0.391	1	0:00:15.170943
742	0	0	0.391	1	0:00:15.171312
743	7	7	0.391	1	0:00:15.191762
744	9	9	0.362	1	0:00:15.179660
745	7	7	0.173	1	0:00:15.165854
746	6	6	0.137	1	0:00:15.164603
747	6	6	0.354	1	0:00:15.158804
748	2	6	0.382	0	0:00:15.159542
749	5	5	0.391	1	0:00:15.156701
750	9	9	0.391	1	0:00:15.159581
751	2	2	0.172	1	0:00:15.165810
752	9	9	0.391	1	0:00:15.164044
753	1	1	0.391	1	0:00:15.163199
754	2	6	0.391	0	0:00:15.163769
755	2	6	0.391	0	0:00:15.167388
756	6	6	0.391	1	0:00:15.165375
757	8	2	0.0442	0	0:00:15.164559
758	2	6	0.122	0	0:00:15.163731
759	1	1	0.391	1	0:00:15.127028
760	3	-1	0.0	0	0:00:15.164731
761	6	6	0.056	1	0:00:15.166845
762	6	3	0.186	0	0:00:15.165710
763	0	2	0.0396	0	0:00:15.167655
764	1	1	0.391	1	0:00:15.165930
765	2	6	0.391	0	0:00:15.165321
766	7	2	0.108	0	0:00:15.164336
767	0	9	0.391	0	0:00:15.165327
768	5	5	0.0924	1	0:00:15.166118
769	4	2	0.155	0	0:00:15.165343
770	6	3	0.0915	0	0:00:15.165727
771	1	-1	0.0	0	0:00:15.166250
772	6	5	0.31	0	0:00:15.165939
773	4	5	0.228	0	0:00:15.164324
774	0	2	0.376	0	0:00:15.164981
775	2	5	0.279	0	0:00:15.166354
776	2	3	0.217	0	0:00:15.164053
777	6	6	0.324	1	0:00:15.164716
778	0	6	0.338	0	0:00:15.166281
779	5	9	0.0733	0	0:00:15.167087
780	9	9	0.391	1	0:00:15.163548
781	1	1	0.391	1	0:00:15.164109
782	7	7	0.391	1	0:00:15.166934
783	6	5	0.223	0	0:00:15.165236
784	7	3	0.108	0	0:00:15.163913
785	0	0	0.391	1	0:00:15.163625
786	3	5	0.139	0	0:00:15.165431
787	9	9	0.391	1	0:00:15.163405
788	6	6	0.382	1	0:00:15.163184
789	8	8	0.391	1	0:00:15.165845
790	3	0	0.391	0	0:00:15.165263
791	0	0	0.391	1	0:00:15.164818
792	3	0	0.16	0	0:00:15.163434
793	4	5	0.0828	0	0:00:15.164197
794	7	5	0.114	0	0:00:15.164796
795	7	7	0.177	1	0:00:15.164642
796	1	9	0.0424	0	0:00:15.164473
797	4	5	0.216	0	0:00:15.162928
798	7	5	0.344	0	0:00:15.164049
799	2	6	0.0552	0	0:00:15.165584
800	7	7	0.391	1	0:00:15.163133
801	1	1	0.282	1	0:00:15.165053
802	4	6	0.391	0	0:00:15.163046
803	7	7	0.391	1	0:00:15.165514
804	4	5	0.161	0	0:00:15.162941
805	4	6	0.391	0	0:00:15.165391
806	8	0	0.0535	0	0:00:15.163845
807	4	6	0.391	0	0:00:15.163860
808	7	3	0.14	0	0:00:15.164207
809	7	3	0.223	0	0:00:15.163728
810	5	6	0.382	0	0:00:15.165133
811	3	6	0.36	0	0:00:15.164757
812	7	7	0.391	1	0:00:15.164874
813	2	6	0.391	0	0:00:15.163697
814	0	9	0.0486	0	0:00:15.164046
815	8	8	0.36	1	0:00:15.164932
816	9	9	0.391	1	0:00:15.163844
817	5	5	0.391	1	0:00:15.163924
818	8	2	0.0808	0	0:00:15.164144
819	3	5	0.326	0	0:00:15.165415
820	6	6	0.0786	1	0:00:15.164093
821	2	6	0.362	0	0:00:15.164018
822	0	0	0.391	1	0:00:15.164605
823	8	8	0.305	1	0:00:15.162086
824	7	7	0.391	1	0:00:15.166343
825	3	6	0.376	0	0:00:15.164629
826	7	5	0.339	0	0:00:15.164532
827	6	6	0.0242	1	0:00:15.165339
828	5	7	0.345	0	0:00:15.163331
829	3	3	0.123	1	0:00:15.165314
830	1	9	0.105	0	0:00:15.161709
831	3	6	0.391	0	0:00:15.164067
832	2	6	0.391	0	0:00:15.163724
833	2	5	0.391	0	0:00:15.164117
834	5	6	0.368	0	0:00:15.163304
835	4	-1	0.0	0	0:00:15.163998
836	1	9	0.254	0	0:00:15.164241
837	2	6	0.391	0	0:00:15.163481
838	9	9	0.391	1	0:00:15.164445
839	2	6	0.391	0	0:00:15.164304
840	7	7	0.391	1	0:00:15.162227
841	0	0	0.391	1	0:00:15.164695
842	7	7	0.391	1	0:00:15.163243
843	2	6	0.391	0	0:00:15.164805
844	1	9	0.204	0	0:00:15.165351
845	3	2	0.391	0	0:00:15.164394
846	2	5	0.0438	0	0:00:15.163954
847	0	0	0.195	1	0:00:15.164052
848	2	6	0.0199	0	0:00:15.165051
849	4	6	0.391	0	0:00:15.164466
850	7	5	0.365	0	0:00:15.163388
851	9	9	0.391	1	0:00:15.164209
852	8	0	0.391	0	0:00:15.165300
853	9	9	0.391	1	0:00:15.163319
854	0	2	0.352	0	0:00:15.162993
855	7	7	0.391	1	0:00:15.162737
856	7	5	0.137	0	0:00:15.163493
857	0	0	0.391	1	0:00:15.164576
858	7	7	0.391	1	0:00:15.163377
859	8	3	0.302	0	0:00:15.163406
860	4	6	0.187	0	0:00:15.165645
861	6	5	0.182	0	0:00:15.164565
862	3	5	0.012	0	0:00:15.164868
863	3	6	0.391	0	0:00:15.162484
864	0	0	0.391	1	0:00:15.163019
865	1	1	0.391	1	0:00:15.163915
866	3	1	0.165	0	0:00:15.164801
867	7	7	0.391	1	0:00:15.164478
868	0	0	0.391	1	0:00:15.164952
869	1	9	0.391	0	0:00:15.162314
870	3	5	0.103	0	0:00:15.165407
871	1	1	0.391	1	0:00:15.164735
872	4	3	0.0134	0	0:00:15.163024
873	2	6	0.391	0	0:00:15.164884
874	3	5	0.391	0	0:00:15.165219
875	8	8	0.154	1	0:00:15.163021
876	4	6	0.391	0	0:00:15.164411
877	2	6	0.0817	0	0:00:15.163937
878	3	5	0.391	0	0:00:15.164585
879	7	7	0.391	1	0:00:15.163841
880	8	8	0.358	1	0:00:15.163481
881	4	3	0.227	0	0:00:15.164715
882	3	6	0.0509	0	0:00:15.165082
883	0	0	0.358	1	0:00:15.164501
884	9	9	0.391	1	0:00:15.163459
885	0	6	0.152	0	0:00:15.164012
886	0	9	0.16	0	0:00:15.164474
887	1	1	0.118	1	0:00:15.164120
888	0	-1	0.0	0	0:00:15.168601
889	4	6	0.118	0	0:00:15.163006
890	4	5	0.0815	0	0:00:15.164575
891	6	6	0.391	1	0:00:15.165061
892	7	5	0.0121	0	0:00:15.163463
893	6	5	0.0763	0	0:00:15.163011
894	1	1	0.382	1	0:00:15.164760
895	1	9	0.391	0	0:00:15.163303
896	3	5	0.182	0	0:00:15.164042
897	7	7	0.391	1	0:00:15.163836
898	3	9	0.278	0	0:00:15.163991
899	5	5	0.391	1	0:00:15.162542
900	2	5	0.1	0	0:00:15.164898
901	6	6	0.248	1	0:00:15.165596
902	6	6	0.391	1	0:00:15.162372
903	5	6	0.391	0	0:00:15.163208
904	8	0	0.151	0	0:00:15.164016
905	7	5	0.0831	0	0:00:15.166539
906	1	0	0.076	0	0:00:15.163477
907	6	5	0.0396	0	0:00:15.163768
908	8	0	0.123	0	0:00:15.165223
909	8	8	0.307	1	0:00:15.164788
910	5	5	0.391	1	0:00:15.165212
911	3	6	0.105	0	0:00:15.165545
912	0	2	0.346	0	0:00:15.163633
913	4	6	0.00934	0	0:00:15.164928
914	0	9	0.391	0	0:00:15.165409
915	1	1	0.391	1	0:00:15.164572
916	3	5	0.391	0	0:00:15.163397
917	8	2	0.179	0	0:00:15.162951
918	8	8	0.216	1	0:00:15.163276
919	0	6	0.0399	0	0:00:15.165162
920	6	6	0.391	1	0:00:15.163912
921	9	9	0.391	1	0:00:15.163800
922	9	5	0.0623	0	0:00:15.163707
923	9	9	0.267	1	0:00:15.165653
924	5	9	0.391	0	0:00:15.166105
925	5	5	0.391	1	0:00:15.162867
926	8	0	0.372	0	0:00:15.163705
927	6	6	0.382	1	0:00:15.165001
928	0	2	0.391	0	0:00:15.165402
929	0	0	0.312	1	0:00:15.163921
930	4	5	0.118	0	0:00:15.165437
931	2	5	0.0572	0	0:00:15.165009
932	3	5	0.273	0	0:00:15.164619
933	2	5	0.391	0	0:00:15.165734
934	7	7	0.391	1	0:00:15.164648
935	2	6	0.391	0	0:00:15.163385
936	2	6	0.301	0	0:00:15.165012
937	5	3	0.0924	0	0:00:15.165863
938	9	1	0.391	0	0:00:15.165432
939	8	0	0.0286	0	0:00:15.165294
940	9	9	0.391	1	0:00:15.165847
941	1	1	0.391	1	0:00:15.166350
942	7	5	0.391	0	0:00:15.165875
943	4	6	0.391	0	0:00:15.165012
944	0	0	0.391	1	0:00:15.164864
945	3	5	0.391	0	0:00:15.165844
946	0	0	0.391	1	0:00:15.164608
947	1	9	0.155	0	0:00:15.166679
948	3	5	0.241	0	0:00:15.166337
949	8	8	0.382	1	0:00:15.164517
950	3	6	0.111	0	0:00:15.166233
951	9	9	0.391	1	0:00:15.165338
952	6	6	0.391	1	0:00:15.164334
953	1	9	0.391	0	0:00:15.165440
954	4	6	0.053	0	0:00:15.163946
955	7	7	0.391	1	0:00:15.164336
956	0	5	0.15	0	0:00:15.166328
957	3	5	0.096	0	0:00:15.163184
958	7	7	0.391	1	0:00:15.165047
959	8	8	0.391	1	0:00:15.165449
960	9	9	0.391	1	0:00:15.165389
961	1	1	0.0273	1	0:00:15.164615
962	1	1	0.391	1	0:00:15.165459
963	6	6	0.391	1	0:00:15.166189
964	6	6	0.391	1	0:00:15.165354
965	6	5	0.173	0	0:00:15.164572
966	6	5	0.0731	0	0:00:15.166442
967	9	9	0.391	1	0:00:15.164644
968	1	1	0.391	1	0:00:15.165162
969	9	9	0.391	1	0:00:15.165970
970	9	9	0.391	1	0:00:15.165423
971	4	6	0.259	0	0:00:15.162921
972	2	6	0.391	0	0:00:15.165514
973	1	1	0.391	1	0:00:15.164217
974	7	2	0.178	0	0:00:15.164552
975	0	0	0.391	1	0:00:15.164414
976	6	6	0.219	1	0:00:15.164584
977	8	0	0.27	0	0:00:15.165732
978	1	1	0.156	1	0:00:15.163338
979	9	1	0.285	0	0:00:15.165440
980	2	6	0.391	0	0:00:15.162646
981	9	9	0.391	1	0:00:15.165713
982	0	5	0.289	0	0:00:15.164637
983	4	2	0.168	0	0:00:15.164067
984	7	7	0.382	1	0:00:15.165445
985	8	8	0.391	1	0:00:15.164504
986	3	3	0.153	1	0:00:15.164685
987	1	1	0.391	1	0:00:15.166361
988	2	6	0.0578	0	0:00:15.166684
989	0	2	0.336	0	0:00:15.164014
990	1	1	0.264	1	0:00:15.164421
991	5	5	0.0816	1	0:00:15.164755
992	8	0	0.391	0	0:00:15.165088
993	4	7	0.0472	0	0:00:15.166115
994	6	6	0.391	1	0:00:15.164770
995	3	6	0.00464	0	0:00:15.165560
996	8	0	0.0326	0	0:00:15.165953
997	1	1	0.391	1	0:00:15.163359
998	3	3	0.249	1	0:00:15.165942
999	8	8	0.391	1	0:00:15.165434
1000	5	5	0.391	1	0:00:15.165017
1001	0	8	0.274	0	0:00:15.165402
1002	8	5	0.101	0	0:00:15.164164
1003	4	6	0.391	0	0:00:15.165704
1004	8	0	0.197	0	0:00:15.164566
1005	1	9	0.0443	0	0:00:15.163654
1006	1	1	0.365	1	0:00:15.163748
1007	8	8	0.391	1	0:00:15.165031
1008	9	1	0.368	0	0:00:15.164408
1009	6	3	0.0321	0	0:00:15.165575
1010	0	2	0.286	0	0:00:15.164428
1011	8	8	0.391	1	0:00:15.164021
1012	6	2	0.182	0	0:00:15.164699
1013	1	1	0.391	1	0:00:15.165339
1014	3	6	0.0747	0	0:00:15.162233
1015	4	5	0.0723	0	0:00:15.163968
1016	1	1	0.391	1	0:00:15.163669
1017	6	6	0.0105	1	0:00:15.164579
1018	0	2	0.391	0	0:00:15.165015
1019	5	6	0.0577	0	0:00:15.167052
1020	1	1	0.391	1	0:00:15.164988
1021	1	8	0.0613	0	0:00:15.163558
1022	0	0	0.391	1	0:00:15.163975
1023	0	2	0.391	0	0:00:15.165662
1024	3	5	0.23	0	0:00:15.163383
1025	5	5	0.391	1	0:00:15.165207
1026	0	0	0.0951	1	0:00:15.163476
1027	0	0	0.0606	1	0:00:15.165077
1028	6	6	0.391	1	0:00:15.163714
1029	6	6	0.391	1	0:00:15.165828
1030	3	9	0.0807	0	0:00:15.163925
1031	3	3	0.133	1	0:00:15.164030
1032	6	5	0.391	0	0:00:15.163401
1033	3	5	0.382	0	0:00:15.163809
1034	6	5	0.391	0	0:00:15.164153
1035	6	5	0.296	0	0:00:15.163741
1036	0	0	0.0587	1	0:00:15.165211
1037	7	7	0.376	1	0:00:15.167813
1038	2	6	0.391	0	0:00:15.165281
1039	2	6	0.391	0	0:00:15.165657
1040	7	5	0.391	0	0:00:15.164868
1041	5	5	0.391	1	0:00:15.163886
1042	5	5	0.0975	1	0:00:15.163733
1043	2	6	0.316	0	0:00:15.165254
1044	8	8	0.372	1	0:00:15.162672
1045	5	5	0.354	1	0:00:15.164101
1046	2	6	0.391	0	0:00:15.164346
1047	1	1	0.314	1	0:00:15.165326
1048	1	1	0.391	1	0:00:15.163027
1049	4	5	0.184	0	0:00:15.163221
1050	3	5	0.292	0	0:00:15.164370
1051	2	6	0.334	0	0:00:15.165846
1052	0	0	0.372	1	0:00:15.162916
1053	3	6	0.0108	0	0:00:15.163496
1054	1	1	0.0779	1	0:00:15.163460
1055	5	5	0.004	1	0:00:15.164274
1056	3	9	0.0229	0	0:00:15.165115
1057	7	5	0.303	0	0:00:15.163913
1058	6	5	0.0175	0	0:00:15.164696
1059	8	0	0.391	0	0:00:15.163126
1060	9	9	0.391	1	0:00:15.164020
1061	1	1	0.0177	1	0:00:15.163986
1062	6	5	0.342	0	0:00:15.166001
1063	4	5	0.391	0	0:00:15.165379
1064	9	9	0.272	1	0:00:15.164287
1065	3	9	0.391	0	0:00:15.164021
1066	9	1	0.391	0	0:00:15.163905
1067	0	0	0.391	1	0:00:15.167012
1068	9	9	0.391	1	0:00:15.164062
1069	6	6	0.196	1	0:00:15.164298
1070	3	5	0.391	0	0:00:15.163795
1071	6	6	0.391	1	0:00:15.162829
1072	0	8	0.391	0	0:00:15.165362
1073	7	7	0.391	1	0:00:15.163567
1074	3	6	0.312	0	0:00:15.164072
1075	8	8	0.243	1	0:00:15.162393
1076	0	8	0.17	0	0:00:15.162398
1077	0	0	0.391	1	0:00:15.162797
1078	0	0	0.13	1	0:00:15.164409
1079	6	5	0.0217	0	0:00:15.164851
1080	6	5	0.391	0	0:00:15.167861
1081	6	6	0.34	1	0:00:15.168981
1082	9	9	0.178	1	0:00:15.168659
1083	2	5	0.391	0	0:00:15.166538
1084	5	6	0.391	0	0:00:15.172434
1085	4	6	0.372	0	0:00:15.173867
1086	4	6	0.391	0	0:00:15.170871
1087	6	5	0.0927	0	0:00:15.163552
1088	3	5	0.391	0	0:00:15.171477
1089	6	6	0.313	1	0:00:15.171031
1090	0	0	0.391	1	0:00:15.167811
1091	8	8	0.391	1	0:00:15.163170
1092	6	5	0.268	0	0:00:15.166781
1093	0	6	0.281	0	0:00:15.166176
1094	6	5	0.391	0	0:00:15.165498
1095	2	6	0.141	0	0:00:15.164741
1096	7	7	0.391	1	0:00:15.165181
1097	5	9	0.391	0	0:00:15.165063
1098	1	1	0.391	1	0:00:15.163896
1099	2	6	0.391	0	0:00:15.163673
1100	7	-1	0.0	0	0:00:15.164967
1101	8	8	0.391	1	0:00:15.156168
1102	8	8	0.382	1	0:00:15.157504
1103	0	0	0.215	1	0:00:15.155930
1104	9	9	0.391	1	0:00:15.159020
1105	4	6	0.391	0	0:00:15.191789
1106	9	9	0.391	1	0:00:15.166769
1107	7	7	0.267	1	0:00:15.165284
1108	2	5	0.156	0	0:00:15.163843
1109	0	8	0.188	0	0:00:15.164107
1110	2	3	0.135	0	0:00:15.165194
1111	8	8	0.362	1	0:00:15.164137
1112	3	3	0.0162	1	0:00:15.163514
1113	8	0	0.142	0	0:00:15.164424
1114	9	9	0.391	1	0:00:15.163745
1115	1	1	0.391	1	0:00:15.164031
1116	5	6	0.233	0	0:00:15.164891
1117	5	6	0.0222	0	0:00:15.164013
1118	4	5	0.061	0	0:00:15.164231
1119	7	7	0.391	1	0:00:15.165752
1120	5	6	0.391	0	0:00:15.164084
1121	3	5	0.391	0	0:00:15.164307
1122	8	0	0.281	0	0:00:15.165265
1123	3	5	0.121	0	0:00:15.164638
1124	3	6	0.0976	0	0:00:15.164487
1125	6	6	0.288	1	0:00:15.163444
1126	2	2	0.391	1	0:00:15.164031
1127	8	8	0.391	1	0:00:15.161130
1128	4	1	0.0874	0	0:00:15.159344
1129	3	6	0.193	0	0:00:15.159498
1130	7	8	0.0414	0	0:00:15.158212
1131	1	9	0.376	0	0:00:15.164542
1132	2	9	0.391	0	0:00:15.163312
1133	4	2	0.0223	0	0:00:15.163996
1134	1	8	0.0327	0	0:00:15.164098
1135	6	5	0.273	0	0:00:15.165383
1136	9	9	0.391	1	0:00:15.163636
1137	0	9	0.391	0	0:00:15.164801
1138	5	5	0.29	1	0:00:15.163337
1139	8	8	0.277	1	0:00:15.165811
1140	6	6	0.346	1	0:00:15.162562
1141	1	1	0.391	1	0:00:15.162991
1142	8	8	0.269	1	0:00:15.162653
1143	6	6	0.391	1	0:00:15.162844
1144	1	8	0.0731	0	0:00:15.160305
1145	4	6	0.391	0	0:00:15.163023
1146	2	6	0.391	0	0:00:15.160449
1147	6	5	0.0917	0	0:00:15.163119
1148	2	6	0.391	0	0:00:15.160071
1149	7	9	0.248	0	0:00:15.161721
1150	2	9	0.391	0	0:00:15.161427
1151	2	6	0.391	0	0:00:15.159686
1152	0	0	0.391	1	0:00:15.163174
1153	8	3	0.237	0	0:00:15.164274
1154	6	6	0.391	1	0:00:15.163567
1155	9	9	0.279	1	0:00:15.163963
1156	1	9	0.391	0	0:00:15.162369
1157	7	5	0.229	0	0:00:15.165366
1158	1	1	0.368	1	0:00:15.164775
1159	8	9	0.337	0	0:00:15.164205
1160	8	0	0.155	0	0:00:15.168098
1161	0	0	0.391	1	0:00:15.165792
1162	7	7	0.391	1	0:00:15.165675
1163	3	5	0.391	0	0:00:15.165565
1164	8	0	0.0503	0	0:00:15.164784
1165	0	2	0.391	0	0:00:15.165147
1166	3	5	0.0336	0	0:00:15.162591
1167	4	5	0.391	0	0:00:15.166303
1168	3	5	0.243	0	0:00:15.164888
1169	7	5	0.0974	0	0:00:15.166085
1170	7	7	0.0925	1	0:00:15.164159
1171	9	9	0.391	1	0:00:15.163776
1172	2	6	0.391	0	0:00:15.164128
1173	3	5	0.0984	0	0:00:15.166839
1174	1	1	0.391	1	0:00:15.169530
1175	9	-1	0.0	0	0:00:15.169519
1176	1	8	0.284	0	0:00:15.166845
1177	9	1	0.368	0	0:00:15.163181
1178	6	6	0.391	1	0:00:15.178303
1179	3	5	0.391	0	0:00:15.177265
1180	3	6	0.36	0	0:00:15.166507
1181	3	5	0.391	0	0:00:15.163806
1182	1	1	0.391	1	0:00:15.159629
1183	0	0	0.391	1	0:00:15.160150
1184	6	6	0.295	1	0:00:15.157836
1185	1	9	0.0779	0	0:00:15.161984
1186	4	5	0.147	0	0:00:15.164045
1187	1	1	0.221	1	0:00:15.165587
1188	0	6	0.0657	0	0:00:15.164971
1189	0	0	0.391	1	0:00:15.164563
1190	1	1	0.391	1	0:00:15.163085
1191	1	1	0.391	1	0:00:15.161914
1192	6	6	0.132	1	0:00:15.162701
1193	5	6	0.108	0	0:00:15.160235
1194	4	6	0.391	0	0:00:15.161031
1195	6	6	0.391	1	0:00:15.162269
1196	2	6	0.235	0	0:00:15.163623
1197	0	2	0.36	0	0:00:15.161778
1198	7	7	0.391	1	0:00:15.162652
1199	9	9	0.391	1	0:00:15.157757
1200	8	8	0.121	1	0:00:15.165822
1201	7	7	0.391	1	0:00:15.164230
1202	2	5	0.211	0	0:00:15.163121
1203	0	0	0.382	1	0:00:15.164635
1204	6	6	0.391	1	0:00:15.163610
1205	8	0	0.00767	0	0:00:15.165695
1206	1	1	0.391	1	0:00:15.164996
1207	4	0	0.391	0	0:00:15.164190
1208	3	0	0.0844	0	0:00:15.164111
1209	7	5	0.0601	0	0:00:15.163784
1210	0	0	0.162	1	0:00:15.163158
1211	6	6	0.391	1	0:00:15.164600
1212	1	1	0.356	1	0:00:15.166894
1213	8	0	0.229	0	0:00:15.161819
1214	5	3	0.0531	0	0:00:15.164410
1215	7	7	0.391	1	0:00:15.163297
1216	8	1	0.24	0	0:00:15.166034
1217	4	5	0.231	0	0:00:15.163430
1218	8	8	0.391	1	0:00:15.163704
1219	3	5	0.222	0	0:00:15.164453
1220	9	6	0.0682	0	0:00:15.163669
1221	9	9	0.391	1	0:00:15.163590
1222	9	9	0.0305	1	0:00:15.163772
1223	8	2	0.391	0	0:00:15.165173
1224	7	5	0.267	0	0:00:15.163847
1225	6	6	0.281	1	0:00:15.164752
1226	6	5	0.201	0	0:00:15.163665
1227	3	9	0.0924	0	0:00:15.165637
1228	5	3	0.288	0	0:00:15.164323
1229	1	1	0.391	1	0:00:15.164434
1230	5	6	0.0289	0	0:00:15.163253
1231	9	9	0.362	1	0:00:15.163384
1232	1	1	0.391	1	0:00:15.166704
1233	4	2	0.0629	0	0:00:15.163971
1234	1	1	0.391	1	0:00:15.164577
1235	5	6	0.0851	0	0:00:15.164227
1236	7	5	0.391	0	0:00:15.163959
1237	0	2	0.391	0	0:00:15.165212
1238	1	1	0.391	1	0:00:15.164591
1239	5	5	0.155	1	0:00:15.163168
1240	2	5	0.21	0	0:00:15.164037
1241	0	0	0.391	1	0:00:15.163528
1242	8	9	0.0992	0	0:00:15.165313
1243	8	8	0.272	1	0:00:15.165597
1244	5	5	0.391	1	0:00:15.164874
1245	6	5	0.231	0	0:00:15.163915
1246	7	5	0.391	0	0:00:15.163268
1247	3	3	0.323	1	0:00:15.165645
1248	2	2	0.281	1	0:00:15.163409
1249	4	6	0.391	0	0:00:15.164151
1250	7	7	0.391	1	0:00:15.165536
1251	2	3	0.141	0	0:00:15.164480
1252	5	5	0.391	1	0:00:15.164644
1253	8	8	0.0493	1	0:00:15.164058
1254	2	0	0.293	0	0:00:15.163078
1255	4	2	0.312	0	0:00:15.166154
1256	9	0	0.391	0	0:00:15.164652
1257	2	6	0.391	0	0:00:15.163860
1258	1	1	0.391	1	0:00:15.163961
1259	8	8	0.391	1	0:00:15.164692
1260	1	1	0.109	1	0:00:15.165371
1261	9	0	0.0854	0	0:00:15.164396
1262	8	8	0.337	1	0:00:15.163974
1263	8	0	0.221	0	0:00:15.165003
1264	8	8	0.391	1	0:00:15.164502
1265	9	9	0.219	1	0:00:15.164380
1266	0	0	0.391	1	0:00:15.163828
1267	4	5	0.0395	0	0:00:15.163623
1268	3	5	0.288	0	0:00:15.164816
1269	3	5	0.391	0	0:00:15.164442
1270	1	1	0.391	1	0:00:15.165920
1271	8	0	0.391	0	0:00:15.164693
1272	4	7	0.391	0	0:00:15.164122
1273	6	6	0.0846	1	0:00:15.164281
1274	3	6	0.391	0	0:00:15.163825
1275	3	5	0.391	0	0:00:15.164975
1276	5	6	0.391	0	0:00:15.163466
1277	2	5	0.391	0	0:00:15.164464
1278	2	6	0.0567	0	0:00:15.164820
1279	8	8	0.236	1	0:00:15.164891
1280	3	5	0.147	0	0:00:15.162854
1281	8	8	0.391	1	0:00:15.163793
1282	9	9	0.391	1	0:00:15.165748
1283	5	6	0.255	0	0:00:15.165055
1284	8	8	0.391	1	0:00:15.164629
1285	9	9	0.391	1	0:00:15.164278
1286	8	0	0.271	0	0:00:15.162707
1287	9	9	0.291	1	0:00:15.162897
1288	1	1	0.391	1	0:00:15.165070
1289	6	6	0.391	1	0:00:15.165023
1290	5	3	0.0551	0	0:00:15.163185
1291	9	9	0.391	1	0:00:15.164482
1292	4	2	0.0389	0	0:00:15.164107
1293	4	5	0.391	0	0:00:15.164952
1294	8	0	0.167	0	0:00:15.164392
1295	0	2	0.186	0	0:00:15.164973
1296	7	7	0.391	1	0:00:15.164606
1297	2	2	0.274	1	0:00:15.166007
1298	9	9	0.391	1	0:00:15.164130
1299	7	9	0.391	0	0:00:15.163671
1300	4	3	0.391	0	0:00:15.162883
1301	1	1	0.391	1	0:00:15.165671
1302	6	6	0.391	1	0:00:15.164003
1303	4	6	0.391	0	0:00:15.162299
1304	4	8	0.0702	0	0:00:15.163509
1305	9	9	0.391	1	0:00:15.165938
1306	1	8	0.273	0	0:00:15.163653
1307	2	2	0.391	1	0:00:15.165630
1308	5	6	0.274	0	0:00:15.164599
1309	6	6	0.391	1	0:00:15.165947
1310	0	0	0.391	1	0:00:15.164745
1311	8	8	0.285	1	0:00:15.163458
1312	6	6	0.391	1	0:00:15.164111
1313	1	1	0.391	1	0:00:15.164222
1314	9	9	0.391	1	0:00:15.164835
1315	4	6	0.313	0	0:00:15.165457
1316	5	5	0.319	1	0:00:15.164355
1317	9	9	0.391	1	0:00:15.167307
1318	5	5	0.391	1	0:00:15.164009
1319	0	2	0.391	0	0:00:15.164731
1320	7	6	0.0154	0	0:00:15.165519
1321	2	6	0.391	0	0:00:15.164158
1322	0	9	0.291	0	0:00:15.163848
1323	0	0	0.306	1	0:00:15.166083
1324	4	9	0.0215	0	0:00:15.165972
1325	2	6	0.391	0	0:00:15.164841
1326	6	6	0.254	1	0:00:15.163329
1327	6	6	0.33	1	0:00:15.163724
1328	5	5	0.391	1	0:00:15.164023
1329	5	7	0.362	0	0:00:15.166070
1330	2	5	0.332	0	0:00:15.163163
1331	8	8	0.391	1	0:00:15.164646
1332	1	9	0.391	0	0:00:15.164166
1333	7	2	0.365	0	0:00:15.165872
1334	3	5	0.331	0	0:00:15.163722
1335	1	1	0.391	1	0:00:15.163911
1336	4	5	0.0547	0	0:00:15.162961
1337	5	6	0.391	0	0:00:15.165705
1338	6	6	0.391	1	0:00:15.162882
1339	5	9	0.365	0	0:00:15.163213
1340	1	9	0.365	0	0:00:15.161979
1341	4	3	0.0603	0	0:00:15.164939
1342	7	9	0.122	0	0:00:15.163228
1343	0	0	0.199	1	0:00:15.165995
1344	9	9	0.391	1	0:00:15.164807
1345	4	6	0.391	0	0:00:15.164634
1346	3	9	0.262	0	0:00:15.163280
1347	8	8	0.12	1	0:00:15.164404
1348	2	5	0.372	0	0:00:15.164082
1349	8	8	0.391	1	0:00:15.165330
1350	4	6	0.391	0	0:00:15.163669
1351	7	7	0.391	1	0:00:15.165692
1352	2	1	0.0169	0	0:00:15.163615
1353	3	5	0.0538	0	0:00:15.164833
1354	1	1	0.391	1	0:00:15.163663
1355	5	5	0.3	1	0:00:15.166137
1356	2	5	0.336	0	0:00:15.164397
1357	9	9	0.0557	1	0:00:15.165386
1358	8	8	0.391	1	0:00:15.165479
1359	9	9	0.391	1	0:00:15.164647
1360	7	7	0.22	1	0:00:15.164247
1361	9	9	0.365	1	0:00:15.166774
1362	5	6	0.159	0	0:00:15.163571
1363	1	1	0.391	1	0:00:15.164890
1364	4	6	0.217	0	0:00:15.163983
1365	0	2	0.391	0	0:00:15.165293
1366	8	8	0.327	1	0:00:15.162259
1367	2	6	0.391	0	0:00:15.163135
1368	3	5	0.117	0	0:00:15.163058
1369	8	0	0.044	0	0:00:15.164397
1370	9	9	0.0938	1	0:00:15.164395
1371	1	1	0.391	1	0:00:15.165448
1372	1	9	0.382	0	0:00:15.162284
1373	3	5	0.391	0	0:00:15.162954
1374	2	6	0.349	0	0:00:15.161743
1375	4	5	0.138	0	0:00:15.164663
1376	9	1	0.15	0	0:00:15.162458
1377	3	2	0.0488	0	0:00:15.164524
1378	1	1	0.391	1	0:00:15.162642
1379	7	7	0.391	1	0:00:15.165901
1380	4	6	0.356	0	0:00:15.162831
1381	6	3	0.033	0	0:00:15.164265
1382	2	0	0.0884	0	0:00:15.162077
1383	8	0	0.365	0	0:00:15.165597
1384	9	9	0.382	1	0:00:15.162972
1385	5	5	0.391	1	0:00:15.163069
1386	3	-1	0.0	0	0:00:15.163574
1387	9	9	0.391	1	0:00:15.164370
1388	5	6	0.128	0	0:00:15.164565
1389	5	6	0.391	0	0:00:15.163877
1390	6	6	0.391	1	0:00:15.162792
1391	7	2	0.186	0	0:00:15.166780
1392	2	6	0.391	0	0:00:15.165202
1393	4	3	0.0658	0	0:00:15.166057
1394	6	5	0.391	0	0:00:15.163571
1395	3	5	0.354	0	0:00:15.164086
1396	1	1	0.279	1	0:00:15.163894
1397	0	2	0.391	0	0:00:15.165326
1398	7	-1	0.0	0	0:00:15.162884
1399	2	6	0.391	0	0:00:15.164109
1400	5	5	0.0542	1	0:00:15.165327
1401	4	6	0.141	0	0:00:15.164349
1402	7	9	0.00346	0	0:00:15.163916
1403	6	6	0.169	1	0:00:15.165485
1404	1	1	0.391	1	0:00:15.166453
1405	1	9	0.19	0	0:00:15.164479
1406	9	9	0.391	1	0:00:15.165036
1407	8	8	0.391	1	0:00:15.165943
1408	1	1	0.391	1	0:00:15.164143
1409	0	0	0.109	1	0:00:15.164656
1410	1	1	0.391	1	0:00:15.165491
1411	3	5	0.298	0	0:00:15.163889
1412	1	1	0.391	1	0:00:15.165761
1413	1	1	0.391	1	0:00:15.165121
1414	1	9	0.0326	0	0:00:15.164833
1415	7	7	0.391	1	0:00:15.163350
1416	3	5	0.0887	0	0:00:15.166335
1417	9	9	0.273	1	0:00:15.163502
1418	6	6	0.391	1	0:00:15.163893
1419	8	8	0.391	1	0:00:15.162296
1420	4	7	0.286	0	0:00:15.165402
1421	6	6	0.391	1	0:00:15.162933
1422	8	0	0.0227	0	0:00:15.165178
1423	4	6	0.289	0	0:00:15.165171
1424	9	9	0.0634	1	0:00:15.163525
1425	4	5	0.391	0	0:00:15.162926
1426	7	7	0.391	1	0:00:15.164405
1427	9	9	0.391	1	0:00:15.166545
1428	7	7	0.303	1	0:00:15.164010
1429	6	5	0.391	0	0:00:15.163652
1430	8	8	0.376	1	0:00:15.164087
1431	4	6	0.391	0	0:00:15.165433
1432	9	9	0.391	1	0:00:15.164183
1433	7	7	0.391	1	0:00:15.164103
1434	0	3	0.254	0	0:00:15.163845
1435	1	1	0.391	1	0:00:15.163215
1436	6	6	0.391	1	0:00:15.163832
1437	1	1	0.391	1	0:00:15.164885
1438	5	3	0.114	0	0:00:15.163211
1439	9	1	0.238	0	0:00:15.162785
1440	0	0	0.143	1	0:00:15.164976
1441	4	6	0.391	0	0:00:15.162893
1442	3	9	0.217	0	0:00:15.164656
1443	4	6	0.391	0	0:00:15.165251
1444	1	1	0.272	1	0:00:15.163433
1445	3	5	0.391	0	0:00:15.163461
1446	0	0	0.391	1	0:00:15.164452
1447	8	8	0.201	1	0:00:15.163482
1448	4	-1	0.0	0	0:00:15.164054
1449	6	6	0.391	1	0:00:15.162619
1450	2	6	0.391	0	0:00:15.163867
1451	2	6	0.344	0	0:00:15.164810
1452	6	9	0.362	0	0:00:15.163934
1453	5	5	0.171	1	0:00:15.164472
1454	3	6	0.376	0	0:00:15.163111
1455	6	5	0.0109	0	0:00:15.165360
1456	2	6	0.391	0	0:00:15.163757
1457	1	1	0.202	1	0:00:15.163045
1458	1	8	0.145	0	0:00:15.162555
1459	8	0	0.391	0	0:00:15.162592
1460	6	6	0.391	1	0:00:15.164447
1461	0	0	0.376	1	0:00:15.163588
1462	4	6	0.342	0	0:00:15.162386
1463	0	0	0.257	1	0:00:15.162377
1464	1	1	0.372	1	0:00:15.162591
1465	9	9	0.302	1	0:00:15.164383
1466	7	7	0.391	1	0:00:15.161908
1467	1	1	0.391	1	0:00:15.161105
1468	3	6	0.0463	0	0:00:15.163609
1469	7	7	0.391	1	0:00:15.162679
1470	7	5	0.119	0	0:00:15.164685
1471	8	0	0.356	0	0:00:15.162344
1472	7	7	0.391	1	0:00:15.163070
1473	7	7	0.391	1	0:00:15.163057
1474	3	9	0.391	0	0:00:15.164813
1475	9	9	0.391	1	0:00:15.163958
1476	7	7	0.391	1	0:00:15.164978
1477	7	7	0.142	1	0:00:15.163619
1478	7	9	0.238	0	0:00:15.165415
1479	2	5	0.372	0	0:00:15.166214
1480	1	9	0.391	0	0:00:15.163805
1481	2	6	0.391	0	0:00:15.163487
1482	8	8	0.391	1	0:00:15.164216
1483	6	5	0.0501	0	0:00:15.164815
1484	4	6	0.382	0	0:00:15.163879
1485	0	0	0.24	1	0:00:15.163491
1486	7	7	0.372	1	0:00:15.163136
1487	9	9	0.391	1	0:00:15.166024
1488	8	8	0.391	1	0:00:15.163203
1489	6	6	0.391	1	0:00:15.163323
1490	8	8	0.391	1	0:00:15.162333
1491	4	9	0.18	0	0:00:15.165821
1492	9	9	0.0987	1	0:00:15.164787
1493	1	9	0.0445	0	0:00:15.165125
1494	7	5	0.391	0	0:00:15.162990
1495	2	6	0.391	0	0:00:15.164705
1496	2	6	0.391	0	0:00:15.163745
1497	8	8	0.391	1	0:00:15.165019
1498	5	5	0.391	1	0:00:15.165470
1499	8	8	0.391	1	0:00:15.165264
1500	1	1	0.244	1	0:00:15.163771
1501	2	5	0.174	0	0:00:15.164232
1502	2	6	0.253	0	0:00:15.165849
1503	4	3	0.0984	0	0:00:15.165411
1504	1	1	0.176	1	0:00:15.163877
1505	2	6	0.253	0	0:00:15.166234
1506	5	7	0.391	0	0:00:15.165452
1507	2	9	0.336	0	0:00:15.167282
1508	8	8	0.352	1	0:00:15.165381
1509	1	1	0.181	1	0:00:15.166506
1510	8	6	0.0059	0	0:00:15.162860
1511	1	1	0.391	1	0:00:15.164017
1512	8	8	0.391	1	0:00:15.163649
1513	6	5	0.391	0	0:00:15.165784
1514	0	2	0.18	0	0:00:15.162220
1515	2	6	0.391	0	0:00:15.164011
1516	4	5	0.00929	0	0:00:15.163620
1517	1	1	0.391	1	0:00:15.163371
1518	3	-1	0.0	0	0:00:15.164418
1519	6	6	0.391	1	0:00:15.164179
1520	7	7	0.278	1	0:00:15.162076
1521	7	7	0.208	1	0:00:15.164329
1522	4	6	0.391	0	0:00:15.164872
1523	4	5	0.372	0	0:00:15.166264
1524	3	5	0.391	0	0:00:15.162453
1525	3	3	0.163	1	0:00:15.164778
1526	4	5	0.168	0	0:00:15.162480
1527	5	9	0.283	0	0:00:15.163626
1528	2	6	0.391	0	0:00:15.161902
1529	4	5	0.273	0	0:00:15.164406
1530	3	9	0.0446	0	0:00:15.162963
1531	7	5	0.0712	0	0:00:15.164159
1532	8	0	0.125	0	0:00:15.163218
1533	4	5	0.342	0	0:00:15.162726
1534	4	5	0.382	0	0:00:15.167705
1535	4	6	0.391	0	0:00:15.164552
1536	5	5	0.391	1	0:00:15.162885
1537	4	7	0.356	0	0:00:15.163892
1538	3	9	0.391	0	0:00:15.163407
1539	2	6	0.391	0	0:00:15.165147
1540	8	8	0.382	1	0:00:15.164330
1541	4	6	0.391	0	0:00:15.165061
1542	5	5	0.391	1	0:00:15.164860
1543	5	6	0.295	0	0:00:15.164959
1544	4	6	0.331	0	0:00:15.162337
1545	1	9	0.391	0	0:00:15.165177
1546	4	5	0.0336	0	0:00:15.163507
1547	2	6	0.391	0	0:00:15.166645
1548	5	3	0.149	0	0:00:15.163799
1549	1	1	0.14	1	0:00:15.165895
1550	6	6	0.0841	1	0:00:15.163878
1551	4	6	0.391	0	0:00:15.164195
1552	3	5	0.189	0	0:00:15.165684
1553	4	6	0.391	0	0:00:15.169390
1554	4	6	0.224	0	0:00:15.163111
1555	0	-1	0.0	0	0:00:15.164690
1556	8	3	0.014	0	0:00:15.163822
1557	8	8	0.207	1	0:00:15.163994
1558	4	6	0.391	0	0:00:15.164230
1559	5	5	0.0782	1	0:00:15.164579
1560	7	7	0.391	1	0:00:15.164138
1561	5	5	0.391	1	0:00:15.164664
1562	6	6	0.391	1	0:00:15.163294
1563	9	9	0.391	1	0:00:15.164105
1564	1	1	0.351	1	0:00:15.162423
1565	6	6	0.391	1	0:00:15.163888
1566	7	7	0.391	1	0:00:15.163742
1567	2	5	0.391	0	0:00:15.163419
1568	0	0	0.346	1	0:00:15.163026
1569	1	1	0.391	1	0:00:15.164487
1570	4	9	0.391	0	0:00:15.166148
1571	5	5	0.348	1	0:00:15.165087
1572	6	5	0.08	0	0:00:15.166362
1573	0	9	0.167	0	0:00:15.164073
1574	0	9	0.391	0	0:00:15.164421
1575	2	6	0.391	0	0:00:15.167237
1576	7	5	0.289	0	0:00:15.165004
1577	5	6	0.391	0	0:00:15.164463
1578	6	6	0.198	1	0:00:15.166340
1579	0	2	0.391	0	0:00:15.164492
1580	6	1	0.306	0	0:00:15.164749
1581	2	9	0.391	0	0:00:15.167021
1582	9	9	0.391	1	0:00:15.166331
1583	1	1	0.115	1	0:00:15.165172
1584	7	-1	0.0	0	0:00:15.165095
1585	7	7	0.391	1	0:00:15.165290
1586	5	5	0.343	1	0:00:15.163791
1587	2	6	0.199	0	0:00:15.165525
1588	5	3	0.00416	0	0:00:15.165152
1589	6	6	0.391	1	0:00:15.163116
1590	4	2	0.391	0	0:00:15.164079
1591	1	1	0.391	1	0:00:15.164479
1592	4	6	0.391	0	0:00:15.164092
1593	3	5	0.271	0	0:00:15.164231
1594	3	6	0.391	0	0:00:15.165367
1595	3	1	0.222	0	0:00:15.164292
1596	0	0	0.152	1	0:00:15.164378
1597	3	5	0.391	0	0:00:15.164074
1598	5	5	0.304	1	0:00:15.164433
1599	5	9	0.1	0	0:00:15.165160
1600	8	2	0.0188	0	0:00:15.165336
1601	9	9	0.391	1	0:00:15.163009
1602	7	5	0.106	0	0:00:15.164756
1603	3	6	0.187	0	0:00:15.164403
1604	1	1	0.391	1	0:00:15.164282
1605	3	5	0.368	0	0:00:15.162921
1606	3	5	0.194	0	0:00:15.165373
1607	3	9	0.325	0	0:00:15.163645
1608	4	6	0.391	0	0:00:15.164126
1609	4	5	0.391	0	0:00:15.163646
1610	2	0	0.1	0	0:00:15.163272
1611	3	6	0.0755	0	0:00:15.165476
1612	3	5	0.013	0	0:00:15.165691
1613	8	8	0.226	1	0:00:15.164281
1614	1	1	0.391	1	0:00:15.164656
1615	7	6	0.0531	0	0:00:15.163833
1616	7	5	0.297	0	0:00:15.165581
1617	0	2	0.391	0	0:00:15.163091
1618	7	3	0.186	0	0:00:15.167534
1619	4	5	0.286	0	0:00:15.164170
1620	5	9	0.265	0	0:00:15.164680
1621	1	1	0.391	1	0:00:15.164089
1622	4	6	0.391	0	0:00:15.165207
1623	2	6	0.129	0	0:00:15.164590
1624	4	3	0.224	0	0:00:15.165870
1625	3	5	0.231	0	0:00:15.165035
1626	9	0	0.263	0	0:00:15.163701
1627	9	9	0.391	1	0:00:15.163592
1628	4	6	0.0502	0	0:00:15.166214
1629	9	9	0.391	1	0:00:15.162879
1630	9	9	0.356	1	0:00:15.162854
1631	1	9	0.102	0	0:00:15.165411
1632	8	2	0.0396	0	0:00:15.165477
1633	1	8	0.193	0	0:00:15.164406
1634	6	6	0.391	1	0:00:15.164320
1635	7	7	0.391	1	0:00:15.163557
1636	5	5	0.391	1	0:00:15.164322
1637	5	6	0.391	0	0:00:15.165290
1638	4	6	0.145	0	0:00:15.166062
1639	9	9	0.391	1	0:00:15.164157
1640	7	5	0.153	0	0:00:15.164791
1641	6	6	0.289	1	0:00:15.165200
1642	5	6	0.34	0	0:00:15.165526
1643	9	9	0.391	1	0:00:15.164261
1644	2	6	0.0527	0	0:00:15.163494
1645	4	5	0.0899	0	0:00:15.163556
1646	0	0	0.311	1	0:00:15.163864
1647	7	7	0.391	1	0:00:15.162773
1648	8	8	0.0408	1	0:00:15.165093
1649	5	5	0.0869	1	0:00:15.164177
1650	5	5	0.391	1	0:00:15.163963
1651	0	2	0.391	0	0:00:15.165241
1652	0	0	0.391	1	0:00:15.163765
1653	9	9	0.391	1	0:00:15.165854
1654	9	9	0.391	1	0:00:15.165210
1655	8	8	0.391	1	0:00:15.165557
1656	2	6	0.391	0	0:00:15.165190
1657	5	5	0.177	1	0:00:15.164773
1658	4	6	0.0624	0	0:00:15.164527
1659	8	8	0.0788	1	0:00:15.164001
1660	3	5	0.0677	0	0:00:15.165145
1661	6	6	0.0376	1	0:00:15.165224
1662	3	9	0.391	0	0:00:15.164407
1663	6	6	0.208	1	0:00:15.165311
1664	0	0	0.328	1	0:00:15.166038
1665	6	6	0.391	1	0:00:15.165215
1666	6	6	0.391	1	0:00:15.163615
1667	6	6	0.382	1	0:00:15.165534
1668	9	9	0.391	1	0:00:15.163707
1669	6	6	0.391	1	0:00:15.165190
1670	6	6	0.391	1	0:00:15.163567
1671	8	8	0.391	1	0:00:15.165308
1672	6	6	0.345	1	0:00:15.164110
1673	2	5	0.31	0	0:00:15.165187
1674	4	5	0.159	0	0:00:15.165126
1675	5	5	0.0904	1	0:00:15.165255
1676	8	8	0.196	1	0:00:15.163998
1677	1	1	0.391	1	0:00:15.164556
1678	2	6	0.172	0	0:00:15.165160
1679	7	7	0.391	1	0:00:15.165114
1680	6	5	0.116	0	0:00:15.164152
1681	5	6	0.291	0	0:00:15.164326
1682	7	7	0.376	1	0:00:15.164892
1683	8	8	0.28	1	0:00:15.164021
1684	1	9	0.391	0	0:00:15.165653
1685	8	5	0.376	0	0:00:15.163903
1686	0	8	0.391	0	0:00:15.164344
1687	8	0	0.103	0	0:00:15.166075
1688	6	5	0.145	0	0:00:15.165195
1689	9	9	0.139	1	0:00:15.162485
1690	2	1	0.0667	0	0:00:15.163196
1691	8	0	0.299	0	0:00:15.165171
1692	9	1	0.212	0	0:00:15.165524
1693	4	9	0.391	0	0:00:15.164038
1694	0	0	0.0455	1	0:00:15.166923
1695	9	1	0.141	0	0:00:15.163309
1696	4	2	0.0541	0	0:00:15.164215
1697	9	9	0.0644	1	0:00:15.164622
1698	5	6	0.382	0	0:00:15.163946
1699	7	7	0.391	1	0:00:15.167676
1700	5	6	0.28	0	0:00:15.166099
1701	5	9	0.391	0	0:00:15.164670
1702	9	9	0.391	1	0:00:15.164808
1703	5	5	0.382	1	0:00:15.164341
1704	3	2	0.215	0	0:00:15.164890
1705	0	0	0.391	1	0:00:15.164239
1706	1	1	0.391	1	0:00:15.163691
1707	9	9	0.391	1	0:00:15.165068
1708	7	5	0.1	0	0:00:15.164603
1709	2	6	0.391	0	0:00:15.162979
1710	4	6	0.391	0	0:00:15.166173
1711	1	1	0.319	1	0:00:15.164984
1712	0	0	0.0168	1	0:00:15.164139
1713	8	8	0.286	1	0:00:15.164608
1714	0	2	0.391	0	0:00:15.164670
1715	3	5	0.309	0	0:00:15.165523
1716	1	1	0.391	1	0:00:15.165406
1717	7	7	0.391	1	0:00:15.164028
1718	0	8	0.391	0	0:00:15.163471
1719	0	0	0.391	1	0:00:15.165382
1720	4	6	0.391	0	0:00:15.165330
1721	8	2	0.12	0	0:00:15.164168
1722	6	6	0.391	1	0:00:15.163182
1723	2	3	0.208	0	0:00:15.164862
1724	4	6	0.391	0	0:00:15.163568
1725	0	0	0.391	1	0:00:15.165013
1726	0	2	0.2	0	0:00:15.163532
1727	9	8	0.391	0	0:00:15.164659
1728	0	3	0.0586	0	0:00:15.163363
1729	8	8	0.391	1	0:00:15.164616
1730	4	2	0.0893	0	0:00:15.163540
1731	5	6	0.319	0	0:00:15.162673
1732	9	9	0.0596	1	0:00:15.163597
1733	3	5	0.391	0	0:00:15.166323
1734	9	9	0.391	1	0:00:15.163447
1735	0	0	0.391	1	0:00:15.163307
1736	5	5	0.0187	1	0:00:15.163607
1737	6	9	0.224	0	0:00:15.165726
1738	5	6	0.358	0	0:00:15.163800
1739	0	-1	0.0	0	0:00:15.166088
1740	1	1	0.391	1	0:00:15.164336
1741	4	6	0.391	0	0:00:15.163418
1742	8	8	0.391	1	0:00:15.164505
1743	1	1	0.391	1	0:00:15.163829
1744	0	0	0.391	1	0:00:15.163432
1745	5	5	0.391	1	0:00:15.164799
1746	2	5	0.271	0	0:00:15.165158
1747	1	1	0.391	1	0:00:15.173561
1748	0	2	0.391	0	0:00:15.164290
1749	2	5	0.0118	0	0:00:15.163311
1750	8	8	0.318	1	0:00:15.163437
1751	1	1	0.287	1	0:00:15.164461
1752	5	6	0.391	0	0:00:15.164557
1753	6	5	0.164	0	0:00:15.164312
1754	7	7	0.391	1	0:00:15.163805
1755	7	7	0.391	1	0:00:15.163613
1756	2	9	0.262	0	0:00:15.166516
1757	6	5	0.23	0	0:00:15.163771
1758	2	6	0.391	0	0:00:15.163684
1759	5	6	0.0582	0	0:00:15.164784
1760	0	0	0.391	1	0:00:15.163104
1761	1	1	0.391	1	0:00:15.164149
1762	4	6	0.391	0	0:00:15.161639
1763	2	9	0.289	0	0:00:15.163334
1764	5	9	0.238	0	0:00:15.163951
1765	4	6	0.279	0	0:00:15.164306
1766	6	5	0.391	0	0:00:15.162474
1767	2	6	0.372	0	0:00:15.162576
1768	2	2	0.144	1	0:00:15.162951
1769	1	8	0.291	0	0:00:15.162763
1770	7	7	0.368	1	0:00:15.164082
1771	2	6	0.391	0	0:00:15.161801
1772	8	9	0.391	0	0:00:15.161022
1773	5	3	0.259	0	0:00:15.162502
1774	5	5	0.283	1	0:00:15.164780
1775	3	5	0.0865	0	0:00:15.156009
1776	0	2	0.391	0	0:00:15.161483
1777	4	5	0.356	0	0:00:15.162969
1778	8	0	0.219	0	0:00:15.165137
1779	3	5	0.391	0	0:00:15.161377
1780	7	5	0.376	0	0:00:15.162842
1781	6	6	0.391	1	0:00:15.162471
1782	3	5	0.257	0	0:00:15.161681
1783	8	0	0.0257	0	0:00:15.163793
1784	1	1	0.348	1	0:00:15.166228
1785	0	6	0.391	0	0:00:15.164523
1786	1	9	0.391	0	0:00:15.164182
1787	3	5	0.0914	0	0:00:15.165412
1788	3	6	0.326	0	0:00:15.164858
1789	0	2	0.196	0	0:00:15.164996
1790	7	5	0.391	0	0:00:15.165008
1791	4	5	0.0613	0	0:00:15.163260
1792	9	9	0.391	1	0:00:15.164378
1793	5	5	0.391	1	0:00:15.165957
1794	3	6	0.26	0	0:00:15.164926
1795	6	-1	0.0	0	0:00:15.164904
1796	0	0	0.391	1	0:00:15.163300
1797	1	9	0.00353	0	0:00:15.165240
1798	4	6	0.391	0	0:00:15.167985
1799	4	0	0.0584	0	0:00:15.166258
1800	4	2	0.372	0	0:00:15.164245
1801	4	5	0.391	0	0:00:15.164583
1802	2	6	0.391	0	0:00:15.164786
1803	2	5	0.243	0	0:00:15.167122
1804	5	5	0.0389	1	0:00:15.165338
1805	8	8	0.0284	1	0:00:15.165333
1806	1	1	0.391	1	0:00:15.165144
1807	5	5	0.198	1	0:00:15.166123
1808	9	9	0.246	1	0:00:15.166463
1809	8	0	0.106	0	0:00:15.165378
1810	1	1	0.391	1	0:00:15.166157
1811	1	8	0.391	0	0:00:15.165950
1812	5	5	0.391	1	0:00:15.167038
1813	3	5	0.351	0	0:00:15.166460
1814	9	8	0.101	0	0:00:15.165661
1815	9	9	0.391	1	0:00:15.165971
1816	7	5	0.391	0	0:00:15.164826
1817	6	6	0.391	1	0:00:15.166261
1818	5	5	0.391	1	0:00:15.165745
1819	0	2	0.365	0	0:00:15.164854
1820	8	8	0.0468	1	0:00:15.164783
1821	4	6	0.0788	0	0:00:15.164935
1822	7	5	0.0889	0	0:00:15.165795
1823	0	5	0.3	0	0:00:15.167634
1824	9	9	0.391	1	0:00:15.166097
1825	2	6	0.391	0	0:00:15.164830
1826	8	8	0.391	1	0:00:15.164438
1827	4	3	0.391	0	0:00:15.165757
1828	7	7	0.372	1	0:00:15.168000
1829	1	9	0.391	0	0:00:15.165752
1830	3	5	0.368	0	0:00:15.164512
1831	9	9	0.391	1	0:00:15.165661
1832	6	2	0.155	0	0:00:15.167196
1833	8	8	0.0534	1	0:00:15.166698
1834	9	1	0.214	0	0:00:15.166361
1835	0	5	0.0601	0	0:00:15.169274
1836	4	6	0.391	0	0:00:15.167180
1837	9	9	0.0368	1	0:00:15.166738
1838	6	5	0.0704	0	0:00:15.168734
1839	7	7	0.391	1	0:00:15.166268
1840	8	3	0.00693	0	0:00:15.165635
1841	9	1	0.0128	0	0:00:15.166741
1842	4	5	0.231	0	0:00:15.166394
1843	8	0	0.0277	0	0:00:15.165216
1844	9	9	0.391	1	0:00:15.164872
1845	7	5	0.352	0	0:00:15.165909
1846	2	6	0.391	0	0:00:15.165283
1847	5	6	0.00871	0	0:00:15.166902
1848	3	5	0.152	0	0:00:15.166131
1849	7	7	0.391	1	0:00:15.164860
1850	1	5	0.0866	0	0:00:15.163497
1851	0	2	0.286	0	0:00:15.167016
1852	2	-1	0.0	0	0:00:15.167423
1853	9	9	0.391	1	0:00:15.165236
1854	5	5	0.391	1	0:00:15.165971
1855	5	5	0.391	1	0:00:15.167357
1856	8	8	0.391	1	0:00:15.164952
1857	5	5	0.391	1	0:00:15.165102
1858	4	5	0.17	0	0:00:15.166041
1859	2	5	0.391	0	0:00:15.166765
1860	8	8	0.391	1	0:00:15.165401
1861	3	1	0.251	0	0:00:15.167630
1862	5	5	0.391	1	0:00:15.165644
1863	5	0	0.0693	0	0:00:15.165915
1864	7	7	0.391	1	0:00:15.165322
1865	7	2	0.0957	0	0:00:15.166521
1866	8	8	0.391	1	0:00:15.164441
1867	6	6	0.391	1	0:00:15.165087
1868	2	5	0.000546	0	0:00:15.166489
1869	8	0	0.391	0	0:00:15.164967
1870	2	6	0.391	0	0:00:15.164053
1871	3	5	0.134	0	0:00:15.167216
1872	5	5	0.0641	1	0:00:15.165818
1873	6	5	0.391	0	0:00:15.166170
1874	8	8	0.349	1	0:00:15.163598
1875	0	0	0.391	1	0:00:15.163938
1876	2	7	0.391	0	0:00:15.164883
1877	3	5	0.123	0	0:00:15.167587
1878	7	7	0.0688	1	0:00:15.164650
1879	0	8	0.236	0	0:00:15.164508
1880	1	1	0.32	1	0:00:15.165217
1881	9	9	0.391	1	0:00:15.165034
1882	1	1	0.391	1	0:00:15.164207
1883	3	6	0.391	0	0:00:15.165995
1884	7	5	0.327	0	0:00:15.165346
1885	5	3	0.329	0	0:00:15.163081
1886	8	9	0.391	0	0:00:15.162575
1887	3	5	0.0781	0	0:00:15.159485
1888	2	9	0.0863	0	0:00:15.166341
1889	9	9	0.32	1	0:00:15.162976
1890	6	6	0.391	1	0:00:15.162236
1891	8	8	0.372	1	0:00:15.161646
1892	6	6	0.349	1	0:00:15.164022
1893	9	9	0.391	1	0:00:15.163779
1894	3	5	0.391	0	0:00:15.165009
1895	8	2	0.162	0	0:00:15.161978
1896	9	9	0.391	1	0:00:15.164452
1897	8	8	0.0791	1	0:00:15.163535
1898	0	3	0.0824	0	0:00:15.164626
1899	7	7	0.141	1	0:00:15.163688
1900	8	8	0.391	1	0:00:15.161945
1901	5	5	0.292	1	0:00:15.161668
1902	0	2	0.391	0	0:00:15.164435
1903	0	2	0.169	0	0:00:15.163459
1904	1	1	0.391	1	0:00:15.161896
1905	3	2	0.204	0	0:00:15.161986
1906	9	5	0.0601	0	0:00:15.162317
1907	1	1	0.391	1	0:00:15.163779
1908	5	5	0.391	1	0:00:15.162171
1909	3	5	0.197	0	0:00:15.162492
1910	4	6	0.0869	0	0:00:15.161641
1911	4	6	0.376	0	0:00:15.164234
1912	0	2	0.391	0	0:00:15.160978
1913	9	9	0.391	1	0:00:15.160769
1914	9	9	0.391	1	0:00:15.162471
1915	9	9	0.391	1	0:00:15.162779
