idx	label	predict	radius	correct	time
0	3	9	1.28	0	0:00:15.139580
1	8	9	0.285	0	0:00:15.156026
2	8	9	0.413	0	0:00:15.155441
3	0	-1	0.0	0	0:00:15.156215
4	6	-1	0.0	0	0:00:15.157418
5	6	9	0.474	0	0:00:15.157412
6	1	9	1.15	0	0:00:15.156034
7	6	9	0.103	0	0:00:15.156862
8	3	9	0.141	0	0:00:15.156399
9	1	9	1.53	0	0:00:15.154948
10	0	8	0.000989	0	0:00:15.157136
11	9	9	1.37	1	0:00:15.156494
12	5	9	0.551	0	0:00:15.155500
13	7	7	0.259	1	0:00:15.154271
14	9	9	1.56	1	0:00:15.156470
15	8	0	0.187	0	0:00:15.156239
16	5	9	0.534	0	0:00:15.154971
17	7	9	0.799	0	0:00:15.158607
18	8	9	0.708	0	0:00:15.156156
19	6	-1	0.0	0	0:00:15.155017
20	7	7	1.11	1	0:00:15.156185
21	0	4	0.452	0	0:00:15.156649
22	4	-1	0.0	0	0:00:15.155429
23	9	9	0.99	1	0:00:15.156647
24	5	4	0.351	0	0:00:15.148840
25	2	5	0.175	0	0:00:15.142958
26	4	5	0.247	0	0:00:15.155469
27	0	-1	0.0	0	0:00:15.157553
28	9	9	1.56	1	0:00:15.156734
29	6	9	0.341	0	0:00:15.156217
30	6	9	0.1	0	0:00:15.155251
31	5	9	0.667	0	0:00:15.156658
32	4	8	0.00563	0	0:00:15.154801
33	5	9	0.343	0	0:00:15.156548
34	9	9	1.43	1	0:00:15.157020
35	2	9	0.856	0	0:00:15.155578
36	4	9	0.326	0	0:00:15.154896
37	1	9	0.334	0	0:00:15.156741
38	9	9	1.56	1	0:00:15.154347
39	5	9	0.689	0	0:00:15.156602
40	4	9	0.212	0	0:00:15.155277
41	6	9	0.107	0	0:00:15.156877
42	5	9	0.488	0	0:00:15.156313
43	6	5	0.0484	0	0:00:15.155465
44	0	8	0.285	0	0:00:15.157527
45	9	9	1.42	1	0:00:15.156337
46	3	9	0.762	0	0:00:15.155103
47	9	9	1.28	1	0:00:15.155141
48	7	-1	0.0	0	0:00:15.156161
49	6	-1	0.0	0	0:00:15.152969
50	9	9	0.934	1	0:00:15.153833
51	8	9	0.633	0	0:00:15.157070
52	0	-1	0.0	0	0:00:15.156610
53	3	9	1.32	0	0:00:15.154555
54	8	-1	0.0	0	0:00:15.155802
55	8	9	0.0719	0	0:00:15.155425
56	7	7	0.213	1	0:00:15.154444
57	7	9	1.04	0	0:00:15.154424
58	4	9	0.832	0	0:00:15.156005
59	6	-1	0.0	0	0:00:15.155904
60	7	7	1.43	1	0:00:15.156141
61	3	-1	0.0	0	0:00:15.156019
62	6	9	0.513	0	0:00:15.156404
63	3	9	1.09	0	0:00:15.155925
64	6	9	0.257	0	0:00:15.155842
65	2	-1	0.0	0	0:00:15.155451
66	1	9	0.0506	0	0:00:15.154423
67	2	0	0.0888	0	0:00:15.157273
68	3	9	0.958	0	0:00:15.156794
69	7	9	1.32	0	0:00:15.156460
70	2	-1	0.0	0	0:00:15.155590
71	6	9	0.798	0	0:00:15.156096
72	8	8	0.0934	1	0:00:15.155529
73	8	8	0.164	1	0:00:15.152721
74	0	9	0.229	0	0:00:15.155697
75	2	5	0.11	0	0:00:15.154933
76	9	9	0.658	1	0:00:15.155969
77	3	9	0.758	0	0:00:15.156471
78	3	5	0.2	0	0:00:15.153558
79	8	9	0.241	0	0:00:15.154965
80	8	9	0.15	0	0:00:15.156469
81	1	1	0.49	1	0:00:15.155872
82	1	1	0.0656	1	0:00:15.154955
83	7	7	0.742	1	0:00:15.154879
84	2	5	0.172	0	0:00:15.155559
85	5	7	0.377	0	0:00:15.156043
86	2	9	1.49	0	0:00:15.155167
87	7	9	1.16	0	0:00:15.157648
88	8	9	1.32	0	0:00:15.154676
89	9	9	0.919	1	0:00:15.154912
90	0	9	0.614	0	0:00:15.154668
91	3	9	0.585	0	0:00:15.155118
92	8	1	0.423	0	0:00:15.155411
93	6	9	0.02	0	0:00:15.156439
94	4	-1	0.0	0	0:00:15.155382
95	6	9	0.771	0	0:00:15.155349
96	6	9	0.0942	0	0:00:15.156360
97	0	-1	0.0	0	0:00:15.156202
98	0	4	0.245	0	0:00:15.155792
99	7	9	0.282	0	0:00:15.155402
100	4	9	0.141	0	0:00:15.156452
101	5	9	0.867	0	0:00:15.154636
102	6	9	0.794	0	0:00:15.154995
103	3	9	1.24	0	0:00:15.155324
104	1	1	0.649	1	0:00:15.155904
105	1	1	0.165	1	0:00:15.156188
106	3	9	0.31	0	0:00:15.155518
107	6	9	0.171	0	0:00:15.156763
108	8	9	0.2	0	0:00:15.154593
109	7	9	0.221	0	0:00:15.154581
110	4	4	0.0111	1	0:00:15.155028
111	0	8	0.303	0	0:00:15.155049
112	6	-1	0.0	0	0:00:15.155292
113	2	9	0.579	0	0:00:15.156004
114	1	1	0.679	1	0:00:15.154984
115	3	9	0.816	0	0:00:15.155312
116	0	4	0.124	0	0:00:15.155282
117	4	9	0.492	0	0:00:15.156271
118	2	5	0.39	0	0:00:15.155268
119	7	9	0.159	0	0:00:15.155522
120	8	-1	0.0	0	0:00:15.154103
121	3	5	0.333	0	0:00:15.154397
122	1	1	0.251	1	0:00:15.154796
123	2	5	0.33	0	0:00:15.156030
124	8	9	0.0742	0	0:00:15.156461
125	0	-1	0.0	0	0:00:15.154321
126	8	9	1.01	0	0:00:15.154792
127	3	9	0.693	0	0:00:15.155102
128	5	5	0.282	1	0:00:15.154602
129	2	-1	0.0	0	0:00:15.154819
130	4	4	0.348	1	0:00:15.154787
131	1	9	0.885	0	0:00:15.155102
132	8	9	1.46	0	0:00:15.154787
133	9	9	0.498	1	0:00:15.155371
134	1	9	0.831	0	0:00:15.154677
135	2	9	0.836	0	0:00:15.152105
136	9	9	1.49	1	0:00:15.155445
137	7	9	0.0352	0	0:00:15.155058
138	2	-1	0.0	0	0:00:15.154112
139	9	1	0.14	0	0:00:15.154993
140	6	9	0.0117	0	0:00:15.154642
141	5	5	0.223	1	0:00:15.154084
142	6	9	0.67	0	0:00:15.155874
143	3	9	0.985	0	0:00:15.155512
144	8	-1	0.0	0	0:00:15.155096
145	7	9	0.904	0	0:00:15.154972
146	6	9	0.36	0	0:00:15.155087
147	2	9	0.867	0	0:00:15.155717
148	5	-1	0.0	0	0:00:15.157405
149	2	-1	0.0	0	0:00:15.153293
150	8	9	0.254	0	0:00:15.155766
151	9	9	1.51	1	0:00:15.154912
152	6	9	0.686	0	0:00:15.155459
153	0	9	0.293	0	0:00:15.156641
154	0	9	0.00516	0	0:00:15.155512
155	5	9	0.399	0	0:00:15.155175
156	2	4	0.0412	0	0:00:15.155725
157	9	9	1.42	1	0:00:15.155817
158	5	9	0.385	0	0:00:15.154935
159	4	-1	0.0	0	0:00:15.156381
160	2	4	0.337	0	0:00:15.152474
161	1	9	0.502	0	0:00:15.155066
162	6	9	0.974	0	0:00:15.155028
163	6	9	0.0199	0	0:00:15.154967
164	8	9	0.61	0	0:00:15.155177
165	4	-1	0.0	0	0:00:15.155459
166	8	9	0.372	0	0:00:15.155966
167	4	9	0.292	0	0:00:15.155306
168	5	9	0.476	0	0:00:15.155291
169	0	9	0.626	0	0:00:15.156384
170	9	9	1.11	1	0:00:15.155101
171	9	9	0.0551	1	0:00:15.157149
172	9	9	0.376	1	0:00:15.157570
173	8	9	0.686	0	0:00:15.156946
174	9	9	1.28	1	0:00:15.154292
175	9	9	1.56	1	0:00:15.155899
176	3	9	0.257	0	0:00:15.156213
177	7	9	0.42	0	0:00:15.155344
178	5	9	0.719	0	0:00:15.156309
179	0	9	0.608	0	0:00:15.157692
180	0	-1	0.0	0	0:00:15.156084
181	5	7	0.242	0	0:00:15.155049
182	2	-1	0.0	0	0:00:15.154772
183	2	-1	0.0	0	0:00:15.156011
184	3	4	0.0384	0	0:00:15.156666
185	8	8	0.101	1	0:00:15.155743
186	6	9	0.304	0	0:00:15.155758
187	3	9	0.86	0	0:00:15.154900
188	4	5	0.0655	0	0:00:15.155508
189	0	9	0.738	0	0:00:15.155726
190	5	9	0.656	0	0:00:15.153932
191	8	9	0.707	0	0:00:15.154003
192	0	9	0.534	0	0:00:15.157355
193	1	9	0.336	0	0:00:15.155934
194	7	9	0.995	0	0:00:15.154790
195	2	9	0.0149	0	0:00:15.155734
196	8	8	0.14	1	0:00:15.156271
197	8	8	0.404	1	0:00:15.155484
198	7	7	0.129	1	0:00:15.155570
199	8	8	0.176	1	0:00:15.153942
200	5	9	0.509	0	0:00:15.154747
201	1	9	0.231	0	0:00:15.155318
202	8	9	0.218	0	0:00:15.154145
203	7	7	0.943	1	0:00:15.155553
204	1	1	0.437	1	0:00:15.154129
205	3	9	0.0852	0	0:00:15.155849
206	0	9	0.186	0	0:00:15.156960
207	5	-1	0.0	0	0:00:15.155276
208	7	7	0.903	1	0:00:15.153386
209	9	9	0.695	1	0:00:15.155740
210	7	9	0.248	0	0:00:15.153468
211	4	9	0.931	0	0:00:15.155015
212	5	5	0.591	1	0:00:15.154556
213	9	9	0.873	1	0:00:15.155335
214	8	9	0.188	0	0:00:15.155790
215	0	0	0.311	1	0:00:15.155553
216	7	7	0.898	1	0:00:15.154391
217	9	9	1.11	1	0:00:15.155517
218	8	8	0.119	1	0:00:15.153984
219	2	7	0.366	0	0:00:15.155814
220	7	7	1.53	1	0:00:15.155841
221	6	9	0.462	0	0:00:15.153791
222	9	9	1.56	1	0:00:15.155033
223	4	-1	0.0	0	0:00:15.153176
224	3	9	1.41	0	0:00:15.152258
225	9	9	1.3	1	0:00:15.154125
226	6	9	1.1	0	0:00:15.156120
227	4	-1	0.0	0	0:00:15.152952
228	7	5	0.0202	0	0:00:15.156054
229	6	7	0.137	0	0:00:15.155227
230	5	5	0.297	1	0:00:15.154163
231	1	9	0.462	0	0:00:15.153019
232	5	5	0.423	1	0:00:15.156180
233	8	9	0.0642	0	0:00:15.154770
234	8	9	0.163	0	0:00:15.154365
235	0	0	1.32	1	0:00:15.152910
236	4	-1	0.0	0	0:00:15.154464
237	0	9	1.24	0	0:00:15.154857
238	5	9	0.602	0	0:00:15.156045
239	5	4	0.0263	0	0:00:15.155093
240	1	1	0.022	1	0:00:15.155399
241	1	9	0.967	0	0:00:15.154500
242	8	9	0.608	0	0:00:15.154436
243	9	9	1.51	1	0:00:15.155048
244	0	-1	0.0	0	0:00:15.155766
245	3	9	0.308	0	0:00:15.156649
246	1	1	0.361	1	0:00:15.155624
247	9	9	0.659	1	0:00:15.154781
248	2	9	0.138	0	0:00:15.154638
249	2	0	0.158	0	0:00:15.155537
250	5	9	0.131	0	0:00:15.155388
251	3	9	0.24	0	0:00:15.154282
252	9	9	1.45	1	0:00:15.156709
253	9	9	0.391	1	0:00:15.153359
254	4	5	0.0234	0	0:00:15.154092
255	0	9	0.638	0	0:00:15.155087
256	3	9	0.829	0	0:00:15.154902
257	0	8	0.148	0	0:00:15.154353
258	0	8	0.0604	0	0:00:15.155843
259	9	9	0.928	1	0:00:15.155586
260	8	9	0.122	0	0:00:15.155410
261	1	9	1.02	0	0:00:15.154658
262	5	9	0.00647	0	0:00:15.154221
263	7	9	0.895	0	0:00:15.153380
264	0	0	0.153	1	0:00:15.155055
265	8	9	0.399	0	0:00:15.157041
266	2	9	0.822	0	0:00:15.155481
267	4	9	0.128	0	0:00:15.156399
268	7	9	0.237	0	0:00:15.155442
269	0	4	0.15	0	0:00:15.155288
270	2	-1	0.0	0	0:00:15.154720
271	3	9	0.439	0	0:00:15.155237
272	6	9	0.691	0	0:00:15.155956
273	3	9	0.412	0	0:00:15.154638
274	8	9	0.486	0	0:00:15.155486
275	5	5	0.493	1	0:00:15.154378
276	0	9	1.17	0	0:00:15.154332
277	3	9	0.154	0	0:00:15.155714
278	4	7	0.849	0	0:00:15.156137
279	3	9	0.433	0	0:00:15.154331
280	9	9	1.51	1	0:00:15.156017
281	0	-1	0.0	0	0:00:15.155755
282	6	9	0.333	0	0:00:15.155636
283	1	1	0.296	1	0:00:15.154449
284	0	9	1.17	0	0:00:15.156532
285	9	9	1.51	1	0:00:15.156650
286	1	9	0.206	0	0:00:15.155062
287	0	8	0.0951	0	0:00:15.155943
288	7	7	1.4	1	0:00:15.155608
289	9	9	1.07	1	0:00:15.156363
290	1	1	0.167	1	0:00:15.154649
291	2	-1	0.0	0	0:00:15.153526
292	6	9	0.308	0	0:00:15.157651
293	9	9	0.989	1	0:00:15.156009
294	3	5	0.745	0	0:00:15.156552
295	4	4	0.0149	1	0:00:15.154904
296	6	9	0.254	0	0:00:15.156299
297	0	0	1.2	1	0:00:15.152547
298	0	0	1.29	1	0:00:15.155988
299	6	9	0.213	0	0:00:15.155296
300	6	-1	0.0	0	0:00:15.154832
301	6	9	0.0252	0	0:00:15.155392
302	3	-1	0.0	0	0:00:15.154822
303	2	9	1.21	0	0:00:15.155412
304	6	-1	0.0	0	0:00:15.155330
305	1	9	0.285	0	0:00:15.157169
306	8	9	1.17	0	0:00:15.155260
307	2	-1	0.0	0	0:00:15.155540
308	1	1	0.486	1	0:00:15.156238
309	6	-1	0.0	0	0:00:15.152911
310	8	9	0.294	0	0:00:15.154846
311	6	6	0.0746	1	0:00:15.156172
312	8	8	0.0715	1	0:00:15.156960
313	0	-1	0.0	0	0:00:15.155671
314	4	9	0.217	0	0:00:15.156675
315	0	4	0.382	0	0:00:15.154150
316	7	9	0.759	0	0:00:15.155642
317	7	7	0.0137	1	0:00:15.156236
318	5	9	0.336	0	0:00:15.156771
319	5	9	0.57	0	0:00:15.154741
320	3	-1	0.0	0	0:00:15.156067
321	5	9	1.28	0	0:00:15.156385
322	2	9	0.0346	0	0:00:15.156305
323	3	5	0.259	0	0:00:15.155422
324	4	9	1.03	0	0:00:15.154968
325	1	9	0.54	0	0:00:15.155554
326	7	9	0.133	0	0:00:15.155884
327	5	9	0.819	0	0:00:15.155576
328	4	9	0.907	0	0:00:15.154375
329	6	9	0.492	0	0:00:15.156416
330	1	1	0.903	1	0:00:15.154459
331	9	9	1.56	1	0:00:15.155439
332	3	9	0.191	0	0:00:15.154932
333	6	-1	0.0	0	0:00:15.153901
334	6	9	0.241	0	0:00:15.153336
335	9	9	1.2	1	0:00:15.154472
336	3	9	0.266	0	0:00:15.155493
337	8	9	0.727	0	0:00:15.154006
338	0	4	0.0563	0	0:00:15.156503
339	7	9	0.901	0	0:00:15.152926
340	2	9	0.129	0	0:00:15.153833
341	6	9	0.821	0	0:00:15.155312
342	2	-1	0.0	0	0:00:15.155608
343	5	9	0.386	0	0:00:15.152836
344	8	-1	0.0	0	0:00:15.156658
345	5	5	0.153	1	0:00:15.154678
346	4	7	0.827	0	0:00:15.152204
347	6	9	0.0426	0	0:00:15.154672
348	8	8	1.49	1	0:00:15.154526
349	9	9	1.23	1	0:00:15.153112
350	9	9	0.902	1	0:00:15.153694
351	1	1	0.309	1	0:00:15.155660
352	0	9	0.666	0	0:00:15.153916
353	2	4	0.462	0	0:00:15.151765
354	2	9	0.638	0	0:00:15.154736
355	7	9	0.926	0	0:00:15.154582
356	3	4	0.00884	0	0:00:15.154228
357	2	9	0.229	0	0:00:15.154717
358	8	9	0.0781	0	0:00:15.154869
359	0	9	0.701	0	0:00:15.155107
360	9	9	1.32	1	0:00:15.152704
361	5	9	0.0745	0	0:00:15.154798
362	8	8	0.512	1	0:00:15.154258
363	1	9	0.902	0	0:00:15.155411
364	9	1	0.407	0	0:00:15.154287
365	4	7	0.272	0	0:00:15.154948
366	1	9	0.362	0	0:00:15.154250
367	3	9	0.954	0	0:00:15.155803
368	8	-1	0.0	0	0:00:15.154459
369	1	9	0.236	0	0:00:15.152627
370	4	9	0.221	0	0:00:15.155373
371	7	7	1.16	1	0:00:15.155224
372	9	9	1.47	1	0:00:15.154392
373	4	9	0.471	0	0:00:15.155320
374	2	5	0.0762	0	0:00:15.155237
375	7	9	0.167	0	0:00:15.154415
376	0	9	1.53	0	0:00:15.154208
377	7	9	0.798	0	0:00:15.154323
378	0	9	0.0716	0	0:00:15.154294
379	6	-1	0.0	0	0:00:15.154650
380	6	-1	0.0	0	0:00:15.154143
381	9	9	1.51	1	0:00:15.152743
382	0	0	0.958	1	0:00:15.152634
383	9	9	0.291	1	0:00:15.153288
384	2	9	0.504	0	0:00:15.152796
385	8	0	0.215	0	0:00:15.154962
386	7	7	0.282	1	0:00:15.154561
387	2	5	0.778	0	0:00:15.153489
388	2	9	0.762	0	0:00:15.152554
389	5	9	0.591	0	0:00:15.152357
390	1	9	0.215	0	0:00:15.153821
391	2	0	0.341	0	0:00:15.154900
392	6	-1	0.0	0	0:00:15.152442
393	2	5	0.423	0	0:00:15.152928
394	9	9	1.26	1	0:00:15.155084
395	6	9	0.0521	0	0:00:15.154319
396	2	5	0.301	0	0:00:15.152782
397	3	9	0.369	0	0:00:15.153589
398	0	8	0.0505	0	0:00:15.152857
399	3	9	0.496	0	0:00:15.154195
400	9	9	1.47	1	0:00:15.155240
401	8	1	0.659	0	0:00:15.152755
402	7	7	0.298	1	0:00:15.154601
403	8	9	0.141	0	0:00:15.154600
404	8	9	0.456	0	0:00:15.155250
405	4	5	0.00816	0	0:00:15.153085
406	0	0	0.742	1	0:00:15.152819
407	1	1	0.45	1	0:00:15.155525
408	8	8	0.492	1	0:00:15.154052
409	2	5	0.0424	0	0:00:15.154407
410	7	9	0.789	0	0:00:15.155544
411	9	9	0.306	1	0:00:15.153673
412	3	7	0.315	0	0:00:15.155103
413	6	-1	0.0	0	0:00:15.155246
414	1	9	0.745	0	0:00:15.155478
415	9	9	1.53	1	0:00:15.155838
416	0	4	0.195	0	0:00:15.154832
417	7	9	0.88	0	0:00:15.156005
418	3	9	0.565	0	0:00:15.156257
419	7	9	0.911	0	0:00:15.154274
420	4	9	0.119	0	0:00:15.154718
421	5	9	0.0652	0	0:00:15.155011
422	0	9	0.0746	0	0:00:15.156489
423	0	-1	0.0	0	0:00:15.155124
424	2	-1	0.0	0	0:00:15.156411
425	9	9	1.53	1	0:00:15.153743
426	3	9	1.14	0	0:00:15.155275
427	4	9	0.954	0	0:00:15.155873
428	0	9	0.747	0	0:00:15.154357
429	6	-1	0.0	0	0:00:15.153539
430	2	9	0.6	0	0:00:15.154708
431	5	9	0.254	0	0:00:15.156142
432	3	9	0.329	0	0:00:15.154807
433	7	9	0.358	0	0:00:15.155264
434	3	9	1.27	0	0:00:15.155360
435	7	7	0.595	1	0:00:15.155685
436	2	9	0.832	0	0:00:15.154228
437	5	9	0.101	0	0:00:15.154908
438	3	9	0.202	0	0:00:15.153972
439	1	9	1.39	0	0:00:15.154068
440	1	9	0.628	0	0:00:15.154398
441	4	5	0.0814	0	0:00:15.154629
442	9	9	1.41	1	0:00:15.153666
443	9	9	0.735	1	0:00:15.153925
444	5	9	0.226	0	0:00:15.155312
445	7	9	0.959	0	0:00:15.154517
446	5	9	0.359	0	0:00:15.153929
447	0	0	0.657	1	0:00:15.153023
448	2	4	0.119	0	0:00:15.155693
449	2	4	0.423	0	0:00:15.154887
450	2	-1	0.0	0	0:00:15.154729
451	9	9	0.374	1	0:00:15.153315
452	7	9	0.749	0	0:00:15.153382
453	3	9	0.294	0	0:00:15.154819
454	9	9	0.569	1	0:00:15.154238
455	4	-1	0.0	0	0:00:15.154459
456	3	-1	0.0	0	0:00:15.152763
457	5	9	1.13	0	0:00:15.155445
458	4	-1	0.0	0	0:00:15.154914
459	6	9	1.11	0	0:00:15.153886
460	5	5	0.215	1	0:00:15.155342
461	6	9	0.26	0	0:00:15.154084
462	1	9	0.213	0	0:00:15.152736
463	4	9	0.196	0	0:00:15.153803
464	3	9	0.673	0	0:00:15.154558
465	4	-1	0.0	0	0:00:15.153188
466	4	7	0.567	0	0:00:15.154541
467	3	9	0.914	0	0:00:15.152898
468	7	7	0.564	1	0:00:15.153896
469	8	8	0.697	1	0:00:15.153949
470	3	9	0.246	0	0:00:15.154615
471	7	-1	0.0	0	0:00:15.155245
472	8	-1	0.0	0	0:00:15.154725
473	0	9	0.0871	0	0:00:15.155246
474	5	5	0.463	1	0:00:15.154779
475	7	7	1.1	1	0:00:15.154617
476	6	-1	0.0	0	0:00:15.153006
477	0	9	1.18	0	0:00:15.153573
478	5	-1	0.0	0	0:00:15.154445
479	4	-1	0.0	0	0:00:15.154734
480	8	9	0.893	0	0:00:15.154085
481	6	9	0.119	0	0:00:15.152858
482	8	-1	0.0	0	0:00:15.154271
483	5	9	0.608	0	0:00:15.153822
484	5	9	1.18	0	0:00:15.153774
485	9	9	1.03	1	0:00:15.155042
486	9	9	1.2	1	0:00:15.154006
487	9	9	1.53	1	0:00:15.152887
488	5	9	0.588	0	0:00:15.155115
489	0	9	0.233	0	0:00:15.155312
490	1	1	0.542	1	0:00:15.153307
491	0	7	0.517	0	0:00:15.154884
492	8	-1	0.0	0	0:00:15.155506
493	1	9	0.612	0	0:00:15.155196
494	1	1	0.102	1	0:00:15.154070
495	8	1	0.431	0	0:00:15.153314
496	0	0	0.679	1	0:00:15.152952
497	2	-1	0.0	0	0:00:15.154234
498	2	4	0.103	0	0:00:15.154326
499	0	0	0.65	1	0:00:15.153472
500	4	9	1.11	0	0:00:15.154231
501	6	-1	0.0	0	0:00:15.152822
502	5	5	0.149	1	0:00:15.153132
503	4	9	0.773	0	0:00:15.154560
504	9	9	1.34	1	0:00:15.153480
505	4	9	0.144	0	0:00:15.152816
506	7	9	0.0633	0	0:00:15.153138
507	9	9	1.25	1	0:00:15.150356
508	9	9	0.898	1	0:00:15.151383
509	4	-1	0.0	0	0:00:15.155692
510	5	9	0.357	0	0:00:15.153460
511	6	-1	0.0	0	0:00:15.152194
512	6	-1	0.0	0	0:00:15.153303
513	1	9	0.657	0	0:00:15.153072
514	5	5	0.301	1	0:00:15.153012
515	3	9	1.39	0	0:00:15.154231
516	8	-1	0.0	0	0:00:15.153891
517	9	9	1.56	1	0:00:15.153924
518	5	9	0.456	0	0:00:15.152734
519	8	1	0.0438	0	0:00:15.151501
520	5	9	0.536	0	0:00:15.150901
521	7	7	1.56	1	0:00:15.151687
522	0	8	0.079	0	0:00:15.152393
523	7	7	0.568	1	0:00:15.153857
524	0	8	0.506	0	0:00:15.153719
525	5	9	0.692	0	0:00:15.151726
526	0	9	0.347	0	0:00:15.155226
527	0	0	0.762	1	0:00:15.151557
528	4	9	0.773	0	0:00:15.149537
529	6	-1	0.0	0	0:00:15.152919
530	9	9	1.32	1	0:00:15.152059
531	0	9	0.709	0	0:00:15.152397
532	9	9	0.782	1	0:00:15.153378
533	5	9	0.696	0	0:00:15.151638
534	6	9	0.123	0	0:00:15.151876
535	6	9	0.122	0	0:00:15.153178
536	6	-1	0.0	0	0:00:15.151873
537	2	-1	0.0	0	0:00:15.152498
538	9	9	1.56	1	0:00:15.153146
539	0	9	0.881	0	0:00:15.153364
540	1	9	0.452	0	0:00:15.151441
541	7	9	0.482	0	0:00:15.151501
542	6	9	0.49	0	0:00:15.153525
543	7	7	0.484	1	0:00:15.151725
544	5	9	0.59	0	0:00:15.152719
545	9	9	1.33	1	0:00:15.152224
546	1	9	0.451	0	0:00:15.151228
547	6	9	0.964	0	0:00:15.151628
548	2	9	0.478	0	0:00:15.151400
549	5	8	0.0248	0	0:00:15.153303
550	5	5	0.349	1	0:00:15.151769
551	5	9	0.191	0	0:00:15.151014
552	8	9	0.379	0	0:00:15.151628
553	5	5	0.0209	1	0:00:15.152501
554	9	9	1.07	1	0:00:15.151665
555	4	9	0.242	0	0:00:15.150775
556	6	-1	0.0	0	0:00:15.151700
557	4	9	0.552	0	0:00:15.150902
558	3	9	1.42	0	0:00:15.153303
559	2	-1	0.0	0	0:00:15.152828
560	0	0	0.207	1	0:00:15.153028
561	7	7	0.621	1	0:00:15.151225
562	6	9	0.272	0	0:00:15.152359
563	2	9	0.00153	0	0:00:15.154348
564	2	4	0.0674	0	0:00:15.151629
565	3	9	0.0454	0	0:00:15.152810
566	9	9	1.36	1	0:00:15.153869
567	7	9	1.29	0	0:00:15.151999
568	9	9	1.43	1	0:00:15.151454
569	2	8	0.428	0	0:00:15.153403
570	6	9	0.283	0	0:00:15.152771
571	7	7	1.56	1	0:00:15.154453
572	1	9	1.42	0	0:00:15.154767
573	3	9	0.321	0	0:00:15.151586
574	6	5	0.264	0	0:00:15.153217
575	6	9	0.0111	0	0:00:15.154804
576	8	8	0.652	1	0:00:15.152585
577	9	9	0.681	1	0:00:15.153275
578	7	7	0.22	1	0:00:15.152917
579	5	9	1.37	0	0:00:15.156126
580	4	9	0.188	0	0:00:15.155314
581	0	0	0.0634	1	0:00:15.155731
582	8	8	1.04	1	0:00:15.156006
583	4	9	0.611	0	0:00:15.158687
584	0	9	0.438	0	0:00:15.160099
585	9	9	0.416	1	0:00:15.158018
586	3	9	0.162	0	0:00:15.153511
587	4	9	0.546	0	0:00:15.158247
588	8	9	0.298	0	0:00:15.159031
589	9	9	1.53	1	0:00:15.159187
590	6	9	0.677	0	0:00:15.160079
591	9	9	1.14	1	0:00:15.162088
592	2	4	0.0218	0	0:00:15.164878
593	6	-1	0.0	0	0:00:15.164685
594	1	9	0.0973	0	0:00:15.163310
595	4	9	1.19	0	0:00:15.155433
596	7	-1	0.0	0	0:00:15.158919
597	3	9	1.36	0	0:00:15.159329
598	5	9	0.96	0	0:00:15.157238
599	3	9	0.28	0	0:00:15.157841
600	8	9	0.298	0	0:00:15.156523
601	5	9	0.595	0	0:00:15.156957
602	0	0	0.215	1	0:00:15.157023
603	2	9	0.0481	0	0:00:15.155185
604	1	1	1.13	1	0:00:15.152279
605	6	-1	0.0	0	0:00:15.148928
606	4	9	0.797	0	0:00:15.148224
607	3	9	0.00416	0	0:00:15.153396
608	3	9	1.2	0	0:00:15.153522
609	9	9	1.43	1	0:00:15.150266
610	6	9	0.215	0	0:00:15.148313
611	9	9	1.27	1	0:00:15.149451
612	8	9	0.454	0	0:00:15.150524
613	8	8	0.616	1	0:00:15.154434
614	5	9	0.607	0	0:00:15.154839
615	8	9	1.14	0	0:00:15.153382
616	6	5	0.202	0	0:00:15.152444
617	6	9	0.864	0	0:00:15.154275
618	2	9	0.532	0	0:00:15.155869
619	1	9	0.124	0	0:00:15.153759
620	7	7	0.286	1	0:00:15.153330
621	7	9	0.928	0	0:00:15.153085
622	1	1	0.0841	1	0:00:15.153243
623	2	9	0.567	0	0:00:15.156077
624	7	7	1.02	1	0:00:15.155445
625	9	9	0.98	1	0:00:15.154707
626	9	1	0.0705	0	0:00:15.154797
627	4	-1	0.0	0	0:00:15.153272
628	4	7	1.06	0	0:00:15.155613
629	1	9	0.492	0	0:00:15.155283
630	2	9	0.282	0	0:00:15.153773
631	5	-1	0.0	0	0:00:15.153665
632	6	9	0.575	0	0:00:15.154258
633	8	9	0.00436	0	0:00:15.154057
634	7	7	0.233	1	0:00:15.154976
635	6	9	0.0322	0	0:00:15.152083
636	8	9	0.85	0	0:00:15.154836
637	3	9	0.253	0	0:00:15.153136
638	0	9	1.16	0	0:00:15.154716
639	5	9	0.904	0	0:00:15.153141
640	5	9	0.429	0	0:00:15.153467
641	3	9	0.948	0	0:00:15.155625
642	0	-1	0.0	0	0:00:15.152643
643	7	7	1.21	1	0:00:15.153092
644	9	9	0.538	1	0:00:15.153374
645	1	9	0.648	0	0:00:15.155541
646	3	9	1.15	0	0:00:15.154637
647	4	4	0.325	1	0:00:15.153469
648	4	7	0.0472	0	0:00:15.152937
649	5	5	0.222	1	0:00:15.152973
650	3	9	0.248	0	0:00:15.154319
651	9	9	1.33	1	0:00:15.154428
652	5	9	0.69	0	0:00:15.152827
653	6	9	0.189	0	0:00:15.153657
654	9	9	1.51	1	0:00:15.154703
655	2	9	0.208	0	0:00:15.154683
656	1	9	0.855	0	0:00:15.153905
657	1	9	1.53	0	0:00:15.153212
658	4	9	0.102	0	0:00:15.152778
659	1	1	0.271	1	0:00:15.154136
660	9	9	1.56	1	0:00:15.155569
661	4	7	0.0317	0	0:00:15.156104
662	7	7	1.56	1	0:00:15.154496
663	6	9	0.164	0	0:00:15.155987
664	3	5	0.499	0	0:00:15.156942
665	8	9	0.2	0	0:00:15.154452
666	9	9	0.703	1	0:00:15.154810
667	0	8	0.477	0	0:00:15.155923
668	1	9	0.914	0	0:00:15.156291
669	3	5	0.411	0	0:00:15.154059
670	6	-1	0.0	0	0:00:15.154071
671	3	9	1.04	0	0:00:15.152874
672	6	9	0.143	0	0:00:15.155851
673	3	9	0.768	0	0:00:15.154346
674	2	-1	0.0	0	0:00:15.153305
675	0	-1	0.0	0	0:00:15.154573
676	3	-1	0.0	0	0:00:15.154043
677	1	9	0.157	0	0:00:15.152660
678	0	-1	0.0	0	0:00:15.154190
679	5	9	0.648	0	0:00:15.154271
680	9	9	1.18	1	0:00:15.153799
681	6	9	0.132	0	0:00:15.141280
682	4	9	0.475	0	0:00:15.116735
683	8	1	0.198	0	0:00:15.153110
684	9	9	0.972	1	0:00:15.153646
685	6	4	0.0385	0	0:00:15.154318
686	9	9	0.923	1	0:00:15.172168
687	6	9	1.22	0	0:00:15.163268
688	3	-1	0.0	0	0:00:15.154731
689	0	9	0.563	0	0:00:15.152234
690	3	9	0.8	0	0:00:15.154192
691	2	-1	0.0	0	0:00:15.154990
692	2	4	1.07	0	0:00:15.153014
693	7	7	0.383	1	0:00:15.154584
694	8	9	0.695	0	0:00:15.154433
695	3	9	0.0846	0	0:00:15.154517
696	8	9	0.47	0	0:00:15.154295
697	2	9	0.225	0	0:00:15.155216
698	7	7	0.248	1	0:00:15.155603
699	5	9	0.689	0	0:00:15.154559
700	7	9	0.996	0	0:00:15.154254
701	2	9	0.417	0	0:00:15.157180
702	4	-1	0.0	0	0:00:15.157090
703	8	9	0.38	0	0:00:15.152672
704	7	9	0.284	0	0:00:15.156033
705	4	-1	0.0	0	0:00:15.153916
706	2	-1	0.0	0	0:00:15.155146
707	9	9	1.43	1	0:00:15.154476
708	8	9	0.0596	0	0:00:15.156618
709	8	9	0.0439	0	0:00:15.152681
710	6	-1	0.0	0	0:00:15.153170
711	8	9	0.255	0	0:00:15.153519
712	8	9	0.244	0	0:00:15.153558
713	7	9	0.369	0	0:00:15.154788
714	4	9	0.823	0	0:00:15.155912
715	3	9	1.37	0	0:00:15.154197
716	3	9	0.0644	0	0:00:15.153977
717	8	9	0.895	0	0:00:15.153179
718	4	7	0.507	0	0:00:15.153952
719	9	9	0.49	1	0:00:15.154459
720	4	9	1.07	0	0:00:15.154459
721	8	9	0.167	0	0:00:15.154306
722	8	8	0.291	1	0:00:15.153432
723	1	9	0.449	0	0:00:15.154762
724	8	8	0.773	1	0:00:15.154206
725	2	9	0.391	0	0:00:15.154442
726	1	1	0.514	1	0:00:15.155716
727	3	9	0.341	0	0:00:15.154172
728	6	-1	0.0	0	0:00:15.156521
729	5	9	0.344	0	0:00:15.153145
730	4	9	0.639	0	0:00:15.154516
731	2	0	0.553	0	0:00:15.154594
732	7	7	0.965	1	0:00:15.153597
733	9	9	1.12	1	0:00:15.154480
734	9	9	1.49	1	0:00:15.154678
735	4	4	0.443	1	0:00:15.153762
736	1	9	0.616	0	0:00:15.154274
737	4	4	0.2	1	0:00:15.155409
738	1	1	0.26	1	0:00:15.153406
739	3	7	0.473	0	0:00:15.152502
740	2	-1	0.0	0	0:00:15.155324
741	7	7	1.1	1	0:00:15.153442
742	0	9	0.231	0	0:00:15.153777
743	7	7	0.557	1	0:00:15.153767
744	9	9	1.03	1	0:00:15.154748
745	7	9	0.316	0	0:00:15.153157
746	6	9	0.129	0	0:00:15.155225
747	6	9	0.218	0	0:00:15.153712
748	2	-1	0.0	0	0:00:15.153977
749	5	-1	0.0	0	0:00:15.154529
750	9	9	0.539	1	0:00:15.154967
751	2	0	0.0245	0	0:00:15.155540
752	9	9	1.53	1	0:00:15.153487
753	1	9	0.301	0	0:00:15.155637
754	2	5	0.106	0	0:00:15.154894
755	2	-1	0.0	0	0:00:15.153319
756	6	9	0.104	0	0:00:15.152902
757	8	9	0.184	0	0:00:15.155132
758	2	9	0.55	0	0:00:15.154395
759	1	9	0.0293	0	0:00:15.153550
760	3	9	0.903	0	0:00:15.154889
761	6	9	0.582	0	0:00:15.154080
762	6	9	0.071	0	0:00:15.155144
763	0	7	0.427	0	0:00:15.154421
764	1	9	0.493	0	0:00:15.155300
765	2	4	0.359	0	0:00:15.153228
766	7	9	0.636	0	0:00:15.154648
767	0	9	1.53	0	0:00:15.153862
768	5	9	0.214	0	0:00:15.155723
769	4	-1	0.0	0	0:00:15.154824
770	6	9	0.979	0	0:00:15.155041
771	1	9	0.282	0	0:00:15.154651
772	6	9	0.33	0	0:00:15.154738
773	4	9	0.0354	0	0:00:15.154941
774	0	4	0.0705	0	0:00:15.155766
775	2	5	0.269	0	0:00:15.153886
776	2	9	0.65	0	0:00:15.154484
777	6	9	0.208	0	0:00:15.154853
778	0	-1	0.0	0	0:00:15.155884
779	5	9	0.539	0	0:00:15.154105
780	9	9	0.748	1	0:00:15.153319
781	1	-1	0.0	0	0:00:15.152596
782	7	7	0.363	1	0:00:15.154810
783	6	9	0.59	0	0:00:15.153562
784	7	9	0.327	0	0:00:15.153333
785	0	9	0.0419	0	0:00:15.153615
786	3	9	0.841	0	0:00:15.154183
787	9	9	1.24	1	0:00:15.154137
788	6	9	0.547	0	0:00:15.153337
789	8	8	0.272	1	0:00:15.154420
790	3	0	1.29	0	0:00:15.152730
791	0	0	1.09	1	0:00:15.152978
792	3	7	0.571	0	0:00:15.153128
793	4	9	1.21	0	0:00:15.154792
794	7	7	0.26	1	0:00:15.153116
795	7	7	0.488	1	0:00:15.153559
796	1	9	0.991	0	0:00:15.153041
797	4	9	0.697	0	0:00:15.153706
798	7	-1	0.0	0	0:00:15.152936
799	2	9	0.0234	0	0:00:15.153076
800	7	7	0.082	1	0:00:15.154504
801	1	9	0.439	0	0:00:15.154129
802	4	4	0.454	1	0:00:15.151966
803	7	7	1.05	1	0:00:15.153871
804	4	9	0.486	0	0:00:15.153105
805	4	-1	0.0	0	0:00:15.154406
806	8	9	0.732	0	0:00:15.155694
807	4	-1	0.0	0	0:00:15.154601
808	7	9	0.494	0	0:00:15.154226
809	7	9	0.851	0	0:00:15.160307
810	5	5	0.211	1	0:00:15.174273
811	3	5	0.000889	0	0:00:15.173695
812	7	7	0.615	1	0:00:15.154895
813	2	5	0.0727	0	0:00:15.152964
814	0	9	0.701	0	0:00:15.150438
815	8	9	0.21	0	0:00:15.149896
816	9	9	1.53	1	0:00:15.149701
817	5	5	0.0523	1	0:00:15.152676
818	8	9	0.122	0	0:00:15.152781
819	3	9	0.954	0	0:00:15.152547
820	6	9	0.733	0	0:00:15.153784
821	2	-1	0.0	0	0:00:15.153756
822	0	9	0.0196	0	0:00:15.154489
823	8	1	0.0846	0	0:00:15.153843
824	7	7	0.381	1	0:00:15.152947
825	3	9	0.459	0	0:00:15.152937
826	7	9	0.846	0	0:00:15.151725
827	6	9	0.47	0	0:00:15.155091
828	5	7	1.16	0	0:00:15.152713
829	3	8	0.232	0	0:00:15.152985
830	1	9	0.695	0	0:00:15.152717
831	3	9	0.192	0	0:00:15.149532
832	2	5	0.0685	0	0:00:15.148762
833	2	5	0.014	0	0:00:15.149625
834	5	-1	0.0	0	0:00:15.148667
835	4	9	1.03	0	0:00:15.150845
836	1	9	0.638	0	0:00:15.152298
837	2	-1	0.0	0	0:00:15.150381
838	9	9	0.906	1	0:00:15.150308
839	2	-1	0.0	0	0:00:15.152930
840	7	7	1.56	1	0:00:15.153270
841	0	9	0.51	0	0:00:15.152541
842	7	7	1.26	1	0:00:15.152029
843	2	-1	0.0	0	0:00:15.153559
844	1	9	1.02	0	0:00:15.153211
845	3	9	0.0499	0	0:00:15.152856
846	2	1	0.0474	0	0:00:15.152267
847	0	-1	0.0	0	0:00:15.155809
848	2	-1	0.0	0	0:00:15.153469
849	4	-1	0.0	0	0:00:15.154472
850	7	9	1.13	0	0:00:15.154874
851	9	9	0.363	1	0:00:15.154278
852	8	-1	0.0	0	0:00:15.153252
853	9	9	1.02	1	0:00:15.154338
854	0	-1	0.0	0	0:00:15.152292
855	7	9	0.114	0	0:00:15.153226
856	7	7	0.0845	1	0:00:15.153043
857	0	-1	0.0	0	0:00:15.155097
858	7	7	1.49	1	0:00:15.152062
859	8	9	1.49	0	0:00:15.155056
860	4	-1	0.0	0	0:00:15.154529
861	6	9	0.489	0	0:00:15.153152
862	3	-1	0.0	0	0:00:15.152528
863	3	-1	0.0	0	0:00:15.154652
864	0	8	0.0831	0	0:00:15.153292
865	1	1	0.383	1	0:00:15.149793
866	3	9	0.548	0	0:00:15.150370
867	7	7	0.304	1	0:00:15.154975
868	0	-1	0.0	0	0:00:15.155256
869	1	9	1.09	0	0:00:15.153829
870	3	9	0.789	0	0:00:15.154933
871	1	1	0.842	1	0:00:15.153537
872	4	5	0.386	0	0:00:15.152538
873	2	4	0.21	0	0:00:15.153545
874	3	5	0.133	0	0:00:15.153888
875	8	9	1.27	0	0:00:15.154190
876	4	-1	0.0	0	0:00:15.153512
877	2	5	0.31	0	0:00:15.153968
878	3	9	0.828	0	0:00:15.153573
879	7	7	0.738	1	0:00:15.155675
880	8	9	0.304	0	0:00:15.154196
881	4	8	0.546	0	0:00:15.155649
882	3	9	0.00391	0	0:00:15.155020
883	0	0	0.549	1	0:00:15.154748
884	9	9	1.56	1	0:00:15.155268
885	0	-1	0.0	0	0:00:15.154985
886	0	9	0.318	0	0:00:15.152485
887	1	9	0.614	0	0:00:15.156255
888	0	9	0.0924	0	0:00:15.154926
889	4	-1	0.0	0	0:00:15.155391
890	4	9	1.07	0	0:00:15.155596
891	6	-1	0.0	0	0:00:15.153808
892	7	7	0.686	1	0:00:15.153750
893	6	-1	0.0	0	0:00:15.155511
894	1	9	0.515	0	0:00:15.154138
895	1	9	1.23	0	0:00:15.153094
896	3	9	0.374	0	0:00:15.154457
897	7	7	0.337	1	0:00:15.155123
898	3	9	0.521	0	0:00:15.152608
899	5	5	0.201	1	0:00:15.153236
900	2	5	0.0194	0	0:00:15.153384
901	6	9	0.0491	0	0:00:15.153088
902	6	6	0.0265	1	0:00:15.155123
903	5	9	0.175	0	0:00:15.153046
904	8	9	0.66	0	0:00:15.153556
905	7	9	0.585	0	0:00:15.154352
906	1	9	0.485	0	0:00:15.155793
907	6	5	0.302	0	0:00:15.153946
908	8	9	1.04	0	0:00:15.153796
909	8	9	0.0677	0	0:00:15.153065
910	5	9	0.389	0	0:00:15.155956
911	3	5	0.323	0	0:00:15.154282
912	0	-1	0.0	0	0:00:15.153844
913	4	9	0.507	0	0:00:15.154461
914	0	9	0.575	0	0:00:15.154065
915	1	1	0.464	1	0:00:15.154417
916	3	9	0.703	0	0:00:15.156138
917	8	-1	0.0	0	0:00:15.154778
918	8	-1	0.0	0	0:00:15.157380
919	0	-1	0.0	0	0:00:15.154961
920	6	9	0.288	0	0:00:15.154662
921	9	9	1.51	1	0:00:15.155299
922	9	9	0.995	1	0:00:15.154001
923	9	9	0.705	1	0:00:15.153545
924	5	9	1.49	0	0:00:15.154973
925	5	5	0.231	1	0:00:15.153844
926	8	8	0.322	1	0:00:15.154254
927	6	5	0.203	0	0:00:15.154979
928	0	4	0.229	0	0:00:15.155158
929	0	8	0.272	0	0:00:15.155684
930	4	-1	0.0	0	0:00:15.154305
931	2	9	0.144	0	0:00:15.153685
932	3	9	0.181	0	0:00:15.154075
933	2	9	0.741	0	0:00:15.156204
934	7	7	1.56	1	0:00:15.154290
935	2	5	0.364	0	0:00:15.154033
936	2	9	0.733	0	0:00:15.155000
937	5	9	0.25	0	0:00:15.155441
938	9	9	0.193	1	0:00:15.155256
939	8	8	0.757	1	0:00:15.156406
940	9	9	1.21	1	0:00:15.154699
941	1	9	0.263	0	0:00:15.153936
942	7	9	0.438	0	0:00:15.155581
943	4	-1	0.0	0	0:00:15.155162
944	0	-1	0.0	0	0:00:15.153805
945	3	9	0.288	0	0:00:15.155378
946	0	0	0.943	1	0:00:15.153858
947	1	9	0.102	0	0:00:15.154063
948	3	9	0.323	0	0:00:15.155815
949	8	8	0.186	1	0:00:15.155329
950	3	9	0.323	0	0:00:15.154613
951	9	9	0.318	1	0:00:15.154451
952	6	-1	0.0	0	0:00:15.154122
953	1	9	1.14	0	0:00:15.155911
954	4	-1	0.0	0	0:00:15.153570
955	7	7	0.758	1	0:00:15.153380
956	0	9	0.819	0	0:00:15.156369
957	3	9	1.07	0	0:00:15.152548
958	7	7	0.506	1	0:00:15.153146
959	8	9	0.823	0	0:00:15.155653
960	9	9	1.42	1	0:00:15.153395
961	1	-1	0.0	0	0:00:15.153599
962	1	9	0.453	0	0:00:15.154564
963	6	-1	0.0	0	0:00:15.154885
964	6	9	0.42	0	0:00:15.154495
965	6	-1	0.0	0	0:00:15.153197
966	6	9	0.665	0	0:00:15.154742
967	9	9	0.998	1	0:00:15.154695
968	1	9	0.175	0	0:00:15.154570
969	9	9	0.767	1	0:00:15.153610
970	9	9	1.53	1	0:00:15.153977
971	4	9	0.469	0	0:00:15.153129
972	2	-1	0.0	0	0:00:15.152673
973	1	1	0.486	1	0:00:15.154577
974	7	-1	0.0	0	0:00:15.153461
975	0	0	0.333	1	0:00:15.153314
976	6	9	0.691	0	0:00:15.153631
977	8	-1	0.0	0	0:00:15.153654
978	1	9	0.527	0	0:00:15.152646
979	9	9	0.624	1	0:00:15.153597
980	2	9	0.193	0	0:00:15.153070
981	9	9	1.16	1	0:00:15.152185
982	0	9	1.23	0	0:00:15.154336
983	4	9	0.379	0	0:00:15.152842
984	7	7	0.838	1	0:00:15.151863
985	8	8	0.957	1	0:00:15.152208
986	3	9	0.388	0	0:00:15.154826
987	1	9	0.116	0	0:00:15.152414
988	2	9	0.222	0	0:00:15.153143
989	0	4	0.0423	0	0:00:15.152912
990	1	9	0.657	0	0:00:15.154446
991	5	9	0.749	0	0:00:15.152880
992	8	-1	0.0	0	0:00:15.151978
993	4	7	0.534	0	0:00:15.152502
994	6	9	0.632	0	0:00:15.153778
995	3	9	0.239	0	0:00:15.152745
996	8	9	1.1	0	0:00:15.153383
997	1	9	0.741	0	0:00:15.152918
998	3	9	0.498	0	0:00:15.153205
999	8	9	0.283	0	0:00:15.153953
1000	5	9	0.563	0	0:00:15.153162
1001	0	-1	0.0	0	0:00:15.153960
1002	8	9	1.03	0	0:00:15.153300
1003	4	4	0.3	1	0:00:15.153300
1004	8	9	1.01	0	0:00:15.153412
1005	1	9	1.33	0	0:00:15.154093
1006	1	9	0.194	0	0:00:15.152354
1007	8	9	0.101	0	0:00:15.154335
1008	9	9	0.365	1	0:00:15.153793
1009	6	-1	0.0	0	0:00:15.155768
1010	0	0	0.546	1	0:00:15.153328
1011	8	8	0.0845	1	0:00:15.153629
1012	6	9	0.155	0	0:00:15.154410
1013	1	1	1.19	1	0:00:15.155135
1014	3	9	0.124	0	0:00:15.154358
1015	4	-1	0.0	0	0:00:15.153884
1016	1	1	0.418	1	0:00:15.155078
1017	6	9	0.295	0	0:00:15.155174
1018	0	0	0.289	1	0:00:15.153846
1019	5	9	0.311	0	0:00:15.154669
1020	1	1	0.00917	1	0:00:15.152241
1021	1	8	0.159	0	0:00:15.154020
1022	0	0	0.0377	1	0:00:15.154001
1023	0	9	0.502	0	0:00:15.153509
1024	3	7	0.131	0	0:00:15.151636
1025	5	9	0.33	0	0:00:15.155114
1026	0	-1	0.0	0	0:00:15.153519
1027	0	-1	0.0	0	0:00:15.155223
1028	6	-1	0.0	0	0:00:15.154243
1029	6	-1	0.0	0	0:00:15.155619
1030	3	9	1.37	0	0:00:15.154969
1031	3	8	1.11	0	0:00:15.153198
1032	6	9	0.411	0	0:00:15.153890
1033	3	9	0.223	0	0:00:15.154454
1034	6	-1	0.0	0	0:00:15.154225
1035	6	9	1.15	0	0:00:15.155038
1036	0	9	0.0119	0	0:00:15.155116
1037	7	-1	0.0	0	0:00:15.155198
1038	2	9	0.218	0	0:00:15.153405
1039	2	-1	0.0	0	0:00:15.152289
1040	7	5	0.0931	0	0:00:15.153465
1041	5	9	0.501	0	0:00:15.154248
1042	5	-1	0.0	0	0:00:15.154467
1043	2	9	0.315	0	0:00:15.154115
1044	8	9	0.32	0	0:00:15.152697
1045	5	9	0.895	0	0:00:15.153798
1046	2	4	0.17	0	0:00:15.152760
1047	1	9	0.903	0	0:00:15.152238
1048	1	9	0.808	0	0:00:15.153922
1049	4	9	0.347	0	0:00:15.154979
1050	3	7	1.06	0	0:00:15.154012
1051	2	9	0.119	0	0:00:15.153628
1052	0	9	0.165	0	0:00:15.153339
1053	3	9	0.18	0	0:00:15.154312
1054	1	9	0.3	0	0:00:15.152655
1055	5	9	0.106	0	0:00:15.152906
1056	3	9	0.718	0	0:00:15.154697
1057	7	9	1.31	0	0:00:15.154927
1058	6	9	0.589	0	0:00:15.154997
1059	8	9	0.744	0	0:00:15.152792
1060	9	9	1.56	1	0:00:15.152811
1061	1	9	0.456	0	0:00:15.154685
1062	6	9	0.347	0	0:00:15.155221
1063	4	9	0.452	0	0:00:15.153280
1064	9	9	0.987	1	0:00:15.153371
1065	3	9	1.56	0	0:00:15.156910
1066	9	1	0.131	0	0:00:15.154736
1067	0	-1	0.0	0	0:00:15.154495
1068	9	9	1.3	1	0:00:15.153435
1069	6	9	0.294	0	0:00:15.152710
1070	3	-1	0.0	0	0:00:15.153746
1071	6	9	0.549	0	0:00:15.153582
1072	0	9	0.42	0	0:00:15.153622
1073	7	7	0.842	1	0:00:15.153746
1074	3	9	0.577	0	0:00:15.152670
1075	8	9	0.436	0	0:00:15.155003
1076	0	-1	0.0	0	0:00:15.153652
1077	0	0	0.205	1	0:00:15.154182
1078	0	0	1.53	1	0:00:15.155288
1079	6	9	0.732	0	0:00:15.153336
1080	6	3	0.144	0	0:00:15.153703
1081	6	9	0.726	0	0:00:15.154073
1082	9	9	1.42	1	0:00:15.154415
1083	2	9	0.352	0	0:00:15.153495
1084	5	9	0.121	0	0:00:15.154109
1085	4	-1	0.0	0	0:00:15.156224
1086	4	7	0.117	0	0:00:15.154292
1087	6	9	0.79	0	0:00:15.154961
1088	3	9	0.344	0	0:00:15.153719
1089	6	9	0.502	0	0:00:15.155555
1090	0	8	0.211	0	0:00:15.153178
1091	8	8	0.117	1	0:00:15.153774
1092	6	9	0.699	0	0:00:15.155974
1093	0	-1	0.0	0	0:00:15.155252
1094	6	9	1.02	0	0:00:15.154407
1095	2	9	0.0308	0	0:00:15.154637
1096	7	7	0.278	1	0:00:15.154946
1097	5	9	0.622	0	0:00:15.155152
1098	1	1	0.342	1	0:00:15.155797
1099	2	-1	0.0	0	0:00:15.153206
1100	7	9	1.17	0	0:00:15.154392
1101	8	9	0.136	0	0:00:15.155589
1102	8	9	1.38	0	0:00:15.153105
1103	0	-1	0.0	0	0:00:15.153889
1104	9	9	1.49	1	0:00:15.155531
1105	4	9	0.0766	0	0:00:15.153084
1106	9	9	0.963	1	0:00:15.152785
1107	7	7	0.765	1	0:00:15.153727
1108	2	5	0.0808	0	0:00:15.154828
1109	0	-1	0.0	0	0:00:15.155181
1110	2	-1	0.0	0	0:00:15.153301
1111	8	8	0.448	1	0:00:15.153816
1112	3	5	1.23	0	0:00:15.153925
1113	8	9	0.716	0	0:00:15.153668
1114	9	9	1.56	1	0:00:15.156249
1115	1	9	0.917	0	0:00:15.152531
1116	5	9	0.00273	0	0:00:15.153889
1117	5	9	0.435	0	0:00:15.153686
1118	4	7	0.146	0	0:00:15.155312
1119	7	7	1.33	1	0:00:15.154585
1120	5	9	0.59	0	0:00:15.155308
1121	3	9	0.907	0	0:00:15.153814
1122	8	8	0.0661	1	0:00:15.154241
1123	3	9	1.21	0	0:00:15.153919
1124	3	-1	0.0	0	0:00:15.153860
1125	6	9	0.0731	0	0:00:15.155295
1126	2	0	0.278	0	0:00:15.153814
1127	8	9	0.676	0	0:00:15.154243
1128	4	9	0.663	0	0:00:15.154840
1129	3	-1	0.0	0	0:00:15.154212
1130	7	9	0.655	0	0:00:15.156288
1131	1	9	1.23	0	0:00:15.154876
1132	2	9	0.994	0	0:00:15.154052
1133	4	9	0.141	0	0:00:15.154063
1134	1	9	0.0697	0	0:00:15.156796
1135	6	9	0.0746	0	0:00:15.153745
1136	9	9	1.56	1	0:00:15.154605
1137	0	9	1.0	0	0:00:15.153260
1138	5	9	0.854	0	0:00:15.154086
1139	8	9	0.582	0	0:00:15.153600
1140	6	-1	0.0	0	0:00:15.152215
1141	1	9	0.271	0	0:00:15.154038
1142	8	9	1.46	0	0:00:15.152138
1143	6	9	0.231	0	0:00:15.152013
1144	1	9	0.409	0	0:00:15.153670
1145	4	-1	0.0	0	0:00:15.153939
1146	2	-1	0.0	0	0:00:15.154432
1147	6	9	0.903	0	0:00:15.156092
1148	2	-1	0.0	0	0:00:15.155676
1149	7	9	1.04	0	0:00:15.157264
1150	2	1	0.0912	0	0:00:15.155448
1151	2	-1	0.0	0	0:00:15.155082
1152	0	9	0.644	0	0:00:15.156950
1153	8	9	1.02	0	0:00:15.156723
1154	6	-1	0.0	0	0:00:15.156960
1155	9	9	0.206	1	0:00:15.168338
1156	1	9	0.487	0	0:00:15.171508
1157	7	9	0.309	0	0:00:15.154588
1158	1	9	0.234	0	0:00:15.153803
1159	8	9	1.16	0	0:00:15.153908
1160	8	8	0.279	1	0:00:15.154722
1161	0	0	0.31	1	0:00:15.157089
1162	7	7	0.619	1	0:00:15.155975
1163	3	7	0.161	0	0:00:15.153513
1164	8	8	0.59	1	0:00:15.153663
1165	0	-1	0.0	0	0:00:15.153970
1166	3	9	0.552	0	0:00:15.154794
1167	4	9	0.108	0	0:00:15.153191
1168	3	7	0.831	0	0:00:15.151057
1169	7	7	0.27	1	0:00:15.152601
1170	7	9	0.43	0	0:00:15.152840
1171	9	9	1.47	1	0:00:15.152452
1172	2	5	0.15	0	0:00:15.151932
1173	3	9	0.565	0	0:00:15.153009
1174	1	1	0.368	1	0:00:15.152335
1175	9	9	0.848	1	0:00:15.153943
1176	1	9	0.22	0	0:00:15.152364
1177	9	9	0.061	1	0:00:15.153418
1178	6	-1	0.0	0	0:00:15.153830
1179	3	9	0.323	0	0:00:15.153834
1180	3	9	0.323	0	0:00:15.154067
1181	3	9	0.415	0	0:00:15.152642
1182	1	9	0.303	0	0:00:15.155291
1183	0	8	0.743	0	0:00:15.152127
1184	6	9	0.284	0	0:00:15.154907
1185	1	9	1.11	0	0:00:15.154108
1186	4	-1	0.0	0	0:00:15.153825
1187	1	9	0.586	0	0:00:15.154165
1188	0	0	0.264	1	0:00:15.153659
1189	0	9	0.0171	0	0:00:15.153078
1190	1	1	0.131	1	0:00:15.154113
1191	1	1	0.193	1	0:00:15.152254
1192	6	9	0.462	0	0:00:15.153377
1193	5	-1	0.0	0	0:00:15.139617
1194	4	9	0.956	0	0:00:15.128526
1195	6	9	0.205	0	0:00:15.153371
1196	2	9	0.422	0	0:00:15.153021
1197	0	4	0.311	0	0:00:15.154720
1198	7	7	1.56	1	0:00:15.153347
1199	9	9	0.792	1	0:00:15.152753
1200	8	9	0.423	0	0:00:15.152783
1201	7	7	0.119	1	0:00:15.153033
1202	2	9	0.254	0	0:00:15.153272
1203	0	1	0.0512	0	0:00:15.152958
1204	6	9	0.168	0	0:00:15.153195
1205	8	8	0.468	1	0:00:15.153250
1206	1	9	0.112	0	0:00:15.155062
1207	4	9	0.218	0	0:00:15.152614
1208	3	9	0.688	0	0:00:15.153700
1209	7	7	0.457	1	0:00:15.152887
1210	0	-1	0.0	0	0:00:15.153136
1211	6	9	0.291	0	0:00:15.151291
1212	1	9	0.204	0	0:00:15.149184
1213	8	8	0.611	1	0:00:15.150025
1214	5	9	0.414	0	0:00:15.149748
1215	7	7	1.46	1	0:00:15.153835
1216	8	9	0.383	0	0:00:15.152110
1217	4	9	0.489	0	0:00:15.154258
1218	8	9	0.582	0	0:00:15.152531
1219	3	9	0.362	0	0:00:15.154844
1220	9	9	0.23	1	0:00:15.152022
1221	9	9	1.1	1	0:00:15.152150
1222	9	9	0.826	1	0:00:15.154581
1223	8	0	0.422	0	0:00:15.154425
1224	7	9	0.163	0	0:00:15.153931
1225	6	9	0.098	0	0:00:15.153711
1226	6	9	0.639	0	0:00:15.154047
1227	3	9	1.03	0	0:00:15.153171
1228	5	9	0.534	0	0:00:15.157244
1229	1	9	0.423	0	0:00:15.154695
1230	5	5	0.0505	1	0:00:15.153892
1231	9	9	1.25	1	0:00:15.154255
1232	1	1	0.321	1	0:00:15.154824
1233	4	9	0.0588	0	0:00:15.155331
1234	1	1	0.733	1	0:00:15.152324
1235	5	-1	0.0	0	0:00:15.155459
1236	7	9	0.113	0	0:00:15.153381
1237	0	0	0.31	1	0:00:15.154997
1238	1	9	0.409	0	0:00:15.155792
1239	5	9	0.196	0	0:00:15.154125
1240	2	5	0.086	0	0:00:15.154763
1241	0	8	0.0357	0	0:00:15.161527
1242	8	9	0.96	0	0:00:15.161138
1243	8	8	0.306	1	0:00:15.156468
1244	5	9	0.451	0	0:00:15.154028
1245	6	9	0.654	0	0:00:15.168509
1246	7	9	0.754	0	0:00:15.166609
1247	3	9	0.642	0	0:00:15.153949
1248	2	-1	0.0	0	0:00:15.154852
1249	4	-1	0.0	0	0:00:15.151860
1250	7	7	0.756	1	0:00:15.150047
1251	2	9	0.682	0	0:00:15.150196
1252	5	9	0.32	0	0:00:15.151856
1253	8	1	0.273	0	0:00:15.152165
1254	2	-1	0.0	0	0:00:15.153250
1255	4	-1	0.0	0	0:00:15.153335
1256	9	9	0.489	1	0:00:15.153164
1257	2	9	0.00977	0	0:00:15.151210
1258	1	1	0.22	1	0:00:15.152651
1259	8	9	0.22	0	0:00:15.152082
1260	1	9	0.717	0	0:00:15.152803
1261	9	9	1.01	1	0:00:15.151092
1262	8	8	0.342	1	0:00:15.151986
1263	8	9	0.186	0	0:00:15.151150
1264	8	9	0.149	0	0:00:15.150983
1265	9	9	0.635	1	0:00:15.153362
1266	0	-1	0.0	0	0:00:15.152428
1267	4	7	0.354	0	0:00:15.154540
1268	3	9	0.324	0	0:00:15.152641
1269	3	7	0.108	0	0:00:15.155117
1270	1	9	0.378	0	0:00:15.154368
1271	8	9	0.519	0	0:00:15.152725
1272	4	7	1.25	0	0:00:15.154027
1273	6	-1	0.0	0	0:00:15.152733
1274	3	9	0.0872	0	0:00:15.153870
1275	3	9	1.26	0	0:00:15.154512
1276	5	9	0.298	0	0:00:15.152328
1277	2	9	1.14	0	0:00:15.154920
1278	2	4	0.0252	0	0:00:15.154613
1279	8	9	0.491	0	0:00:15.155192
1280	3	7	0.284	0	0:00:15.153148
1281	8	-1	0.0	0	0:00:15.152638
1282	9	9	1.53	1	0:00:15.155301
1283	5	9	0.488	0	0:00:15.154769
1284	8	9	0.236	0	0:00:15.154458
1285	9	9	0.825	1	0:00:15.156602
1286	8	9	0.0712	0	0:00:15.153238
1287	9	9	0.65	1	0:00:15.152610
1288	1	9	0.752	0	0:00:15.154743
1289	6	9	0.679	0	0:00:15.155191
1290	5	9	1.37	0	0:00:15.154088
1291	9	9	0.753	1	0:00:15.153548
1292	4	9	0.19	0	0:00:15.154542
1293	4	9	1.09	0	0:00:15.153790
1294	8	8	0.0199	1	0:00:15.154113
1295	0	0	0.426	1	0:00:15.154045
1296	7	7	0.845	1	0:00:15.152732
1297	2	-1	0.0	0	0:00:15.154683
1298	9	9	1.56	1	0:00:15.155769
1299	7	9	1.26	0	0:00:15.153056
1300	4	5	0.413	0	0:00:15.151710
1301	1	1	0.669	1	0:00:15.153475
1302	6	9	0.231	0	0:00:15.153105
1303	4	4	0.0309	1	0:00:15.152162
1304	4	9	0.324	0	0:00:15.153363
1305	9	9	1.1	1	0:00:15.153780
1306	1	9	0.577	0	0:00:15.153876
1307	2	4	0.717	0	0:00:15.153427
1308	5	9	0.119	0	0:00:15.152279
1309	6	9	0.278	0	0:00:15.153328
1310	0	0	0.406	1	0:00:15.154536
1311	8	8	0.105	1	0:00:15.152977
1312	6	9	0.187	0	0:00:15.154752
1313	1	9	0.329	0	0:00:15.154821
1314	9	9	1.4	1	0:00:15.154190
1315	4	-1	0.0	0	0:00:15.155029
1316	5	9	1.03	0	0:00:15.152462
1317	9	9	1.56	1	0:00:15.154244
1318	5	9	0.296	0	0:00:15.153631
1319	0	4	0.818	0	0:00:15.153206
1320	7	-1	0.0	0	0:00:15.154510
1321	2	-1	0.0	0	0:00:15.153919
1322	0	9	1.32	0	0:00:15.154212
1323	0	9	1.33	0	0:00:15.152863
1324	4	9	0.799	0	0:00:15.153430
1325	2	-1	0.0	0	0:00:15.152599
1326	6	9	0.335	0	0:00:15.154495
1327	6	-1	0.0	0	0:00:15.153011
1328	5	9	0.761	0	0:00:15.154146
1329	5	7	0.83	0	0:00:15.154055
1330	2	-1	0.0	0	0:00:15.151925
1331	8	8	0.153	1	0:00:15.152970
1332	1	9	0.878	0	0:00:15.152035
1333	7	-1	0.0	0	0:00:15.153607
1334	3	9	0.51	0	0:00:15.154171
1335	1	9	0.643	0	0:00:15.153307
1336	4	-1	0.0	0	0:00:15.153307
1337	5	-1	0.0	0	0:00:15.153080
1338	6	-1	0.0	0	0:00:15.152340
1339	5	9	0.518	0	0:00:15.153611
1340	1	9	1.56	0	0:00:15.153713
1341	4	9	0.0852	0	0:00:15.153255
1342	7	9	1.16	0	0:00:15.153014
1343	0	-1	0.0	0	0:00:15.152834
1344	9	9	1.49	1	0:00:15.151680
1345	4	4	0.228	1	0:00:15.152969
1346	3	9	1.43	0	0:00:15.151848
1347	8	8	0.201	1	0:00:15.152020
1348	2	5	0.117	0	0:00:15.154162
1349	8	9	0.45	0	0:00:15.154504
1350	4	9	0.0455	0	0:00:15.153208
1351	7	7	1.56	1	0:00:15.153031
1352	2	1	0.00576	0	0:00:15.153226
1353	3	9	0.635	0	0:00:15.154123
1354	1	9	0.441	0	0:00:15.153009
1355	5	9	0.684	0	0:00:15.152968
1356	2	9	0.964	0	0:00:15.154553
1357	9	9	1.01	1	0:00:15.153930
1358	8	9	0.117	0	0:00:15.153008
1359	9	9	1.56	1	0:00:15.151551
1360	7	9	0.985	0	0:00:15.153666
1361	9	9	1.18	1	0:00:15.152305
1362	5	9	0.0278	0	0:00:15.154049
1363	1	1	0.679	1	0:00:15.153697
1364	4	9	0.229	0	0:00:15.152869
1365	0	0	1.28	1	0:00:15.153419
1366	8	8	0.0691	1	0:00:15.153387
1367	2	4	0.0807	0	0:00:15.153447
1368	3	5	0.131	0	0:00:15.152610
1369	8	9	0.982	0	0:00:15.153289
1370	9	9	0.784	1	0:00:15.154363
1371	1	9	0.195	0	0:00:15.153168
1372	1	9	0.875	0	0:00:15.153469
1373	3	7	0.24	0	0:00:15.153801
1374	2	0	0.476	0	0:00:15.153687
1375	4	7	0.0597	0	0:00:15.154655
1376	9	9	0.874	1	0:00:15.154572
1377	3	9	0.762	0	0:00:15.152003
1378	1	1	0.598	1	0:00:15.154858
1379	7	7	1.32	1	0:00:15.152623
1380	4	9	0.402	0	0:00:15.154197
1381	6	9	0.416	0	0:00:15.153224
1382	2	0	0.388	0	0:00:15.152707
1383	8	9	0.535	0	0:00:15.154538
1384	9	9	1.07	1	0:00:15.152834
1385	5	9	0.379	0	0:00:15.152781
1386	3	9	0.961	0	0:00:15.152941
1387	9	9	1.49	1	0:00:15.152330
1388	5	9	0.398	0	0:00:15.153802
1389	5	-1	0.0	0	0:00:15.152521
1390	6	9	0.416	0	0:00:15.154030
1391	7	9	0.419	0	0:00:15.154253
1392	2	-1	0.0	0	0:00:15.154337
1393	4	9	0.617	0	0:00:15.153788
1394	6	9	1.31	0	0:00:15.154389
1395	3	9	0.644	0	0:00:15.152735
1396	1	9	0.446	0	0:00:15.154074
1397	0	0	1.28	1	0:00:15.152003
1398	7	9	0.778	0	0:00:15.154903
1399	2	4	0.0167	0	0:00:15.154223
1400	5	-1	0.0	0	0:00:15.154913
1401	4	7	0.0584	0	0:00:15.153188
1402	7	9	0.374	0	0:00:15.154680
1403	6	-1	0.0	0	0:00:15.153573
1404	1	1	1.13	1	0:00:15.155215
1405	1	9	0.998	0	0:00:15.153117
1406	9	9	1.16	1	0:00:15.153795
1407	8	9	0.551	0	0:00:15.153548
1408	1	9	0.17	0	0:00:15.154561
1409	0	-1	0.0	0	0:00:15.154030
1410	1	1	0.671	1	0:00:15.153100
1411	3	9	1.25	0	0:00:15.154242
1412	1	9	0.673	0	0:00:15.154384
1413	1	9	0.78	0	0:00:15.153848
1414	1	9	1.14	0	0:00:15.151894
1415	7	7	0.078	1	0:00:15.153010
1416	3	5	0.496	0	0:00:15.153649
1417	9	9	1.46	1	0:00:15.152320
1418	6	9	0.12	0	0:00:15.153104
1419	8	9	0.139	0	0:00:15.152327
1420	4	7	0.24	0	0:00:15.152725
1421	6	9	0.0961	0	0:00:15.155045
1422	8	9	0.45	0	0:00:15.153004
1423	4	7	0.0791	0	0:00:15.152301
1424	9	9	0.66	1	0:00:15.152479
1425	4	-1	0.0	0	0:00:15.153301
1426	7	7	1.33	1	0:00:15.152324
1427	9	9	1.05	1	0:00:15.152781
1428	7	9	0.285	0	0:00:15.154865
1429	6	9	0.575	0	0:00:15.153997
1430	8	9	0.204	0	0:00:15.154493
1431	4	-1	0.0	0	0:00:15.153730
1432	9	9	1.51	1	0:00:15.153327
1433	7	7	1.2	1	0:00:15.154970
1434	0	-1	0.0	0	0:00:15.155429
1435	1	9	0.0282	0	0:00:15.154922
1436	6	9	0.229	0	0:00:15.152225
1437	1	9	0.587	0	0:00:15.153259
1438	5	-1	0.0	0	0:00:15.154882
1439	9	9	0.21	1	0:00:15.154500
1440	0	8	0.204	0	0:00:15.153708
1441	4	2	0.0556	0	0:00:15.153013
1442	3	9	0.823	0	0:00:15.155035
1443	4	9	0.135	0	0:00:15.155213
1444	1	9	0.117	0	0:00:15.154979
1445	3	9	0.874	0	0:00:15.153650
1446	0	4	0.0838	0	0:00:15.154615
1447	8	9	0.653	0	0:00:15.154734
1448	4	9	0.00757	0	0:00:15.154398
1449	6	-1	0.0	0	0:00:15.152469
1450	2	9	0.017	0	0:00:15.152735
1451	2	-1	0.0	0	0:00:15.154642
1452	6	9	0.518	0	0:00:15.153918
1453	5	9	0.296	0	0:00:15.153552
1454	3	-1	0.0	0	0:00:15.153556
1455	6	5	0.0906	0	0:00:15.154297
1456	2	9	0.118	0	0:00:15.153286
1457	1	1	0.438	1	0:00:15.153545
1458	1	9	0.147	0	0:00:15.155235
1459	8	9	0.276	0	0:00:15.154894
1460	6	9	0.147	0	0:00:15.152900
1461	0	9	0.371	0	0:00:15.154225
1462	4	5	0.0243	0	0:00:15.153228
1463	0	8	0.00212	0	0:00:15.154521
1464	1	9	0.12	0	0:00:15.153979
1465	9	9	0.53	1	0:00:15.152834
1466	7	7	1.07	1	0:00:15.152678
1467	1	1	0.534	1	0:00:15.154812
1468	3	5	0.244	0	0:00:15.152519
1469	7	7	0.942	1	0:00:15.153764
1470	7	7	0.0621	1	0:00:15.155020
1471	8	9	0.449	0	0:00:15.154287
1472	7	9	0.22	0	0:00:15.152723
1473	7	7	1.53	1	0:00:15.153509
1474	3	9	0.138	0	0:00:15.152990
1475	9	9	1.56	1	0:00:15.154484
1476	7	7	1.56	1	0:00:15.153344
1477	7	7	0.812	1	0:00:15.153084
1478	7	9	0.568	0	0:00:15.152335
1479	2	9	1.35	0	0:00:15.154426
1480	1	9	1.03	0	0:00:15.154783
1481	2	-1	0.0	0	0:00:15.153836
1482	8	9	0.929	0	0:00:15.153359
1483	6	-1	0.0	0	0:00:15.153869
1484	4	5	0.112	0	0:00:15.153662
1485	0	0	0.0701	1	0:00:15.153011
1486	7	9	0.0647	0	0:00:15.153652
1487	9	9	1.13	1	0:00:15.156024
1488	8	9	0.0267	0	0:00:15.152685
1489	6	-1	0.0	0	0:00:15.152897
1490	8	8	0.32	1	0:00:15.153012
1491	4	9	0.91	0	0:00:15.154060
1492	9	9	0.676	1	0:00:15.153896
1493	1	9	0.63	0	0:00:15.155029
1494	7	5	0.524	0	0:00:15.155576
1495	2	4	0.654	0	0:00:15.152825
1496	2	4	0.098	0	0:00:15.153151
1497	8	8	1.35	1	0:00:15.153486
1498	5	5	0.349	1	0:00:15.154171
1499	8	9	0.278	0	0:00:15.153252
1500	1	9	1.08	0	0:00:15.154120
1501	2	9	0.54	0	0:00:15.155488
1502	2	5	0.101	0	0:00:15.155018
1503	4	7	0.602	0	0:00:15.156005
1504	1	9	1.04	0	0:00:15.155071
1505	2	-1	0.0	0	0:00:15.154006
1506	5	7	1.51	0	0:00:15.152983
1507	2	9	1.14	0	0:00:15.154235
1508	8	9	0.0958	0	0:00:15.154449
1509	1	1	0.0233	1	0:00:15.152591
1510	8	-1	0.0	0	0:00:15.154101
1511	1	1	0.801	1	0:00:15.154103
1512	8	9	0.739	0	0:00:15.154952
1513	6	9	0.191	0	0:00:15.153507
1514	0	9	0.704	0	0:00:15.153877
1515	2	-1	0.0	0	0:00:15.154398
1516	4	9	0.308	0	0:00:15.154115
1517	1	1	0.255	1	0:00:15.151732
1518	3	-1	0.0	0	0:00:15.154406
1519	6	-1	0.0	0	0:00:15.153733
1520	7	9	0.88	0	0:00:15.153423
1521	7	7	0.449	1	0:00:15.155203
1522	4	-1	0.0	0	0:00:15.152205
1523	4	-1	0.0	0	0:00:15.152750
1524	3	9	0.514	0	0:00:15.152456
1525	3	8	0.0313	0	0:00:15.153692
1526	4	9	0.886	0	0:00:15.152277
1527	5	9	1.08	0	0:00:15.153416
1528	2	5	0.176	0	0:00:15.152312
1529	4	-1	0.0	0	0:00:15.152524
1530	3	9	0.749	0	0:00:15.153805
1531	7	-1	0.0	0	0:00:15.154254
1532	8	-1	0.0	0	0:00:15.151680
1533	4	7	0.316	0	0:00:15.153466
1534	4	9	0.742	0	0:00:15.152035
1535	4	4	0.019	1	0:00:15.150959
1536	5	9	1.15	0	0:00:15.154248
1537	4	7	0.77	0	0:00:15.153488
1538	3	9	1.11	0	0:00:15.154789
1539	2	9	0.0504	0	0:00:15.153133
1540	8	9	0.233	0	0:00:15.154380
1541	4	-1	0.0	0	0:00:15.153697
1542	5	9	0.161	0	0:00:15.154730
1543	5	9	0.0989	0	0:00:15.153024
1544	4	-1	0.0	0	0:00:15.154016
1545	1	9	0.986	0	0:00:15.152669
1546	4	-1	0.0	0	0:00:15.155006
1547	2	4	1.26	0	0:00:15.153709
1548	5	8	0.951	0	0:00:15.153998
1549	1	9	0.499	0	0:00:15.154600
1550	6	9	0.653	0	0:00:15.155456
1551	4	-1	0.0	0	0:00:15.153790
1552	3	-1	0.0	0	0:00:15.152764
1553	4	-1	0.0	0	0:00:15.152141
1554	4	-1	0.0	0	0:00:15.154283
1555	0	8	0.123	0	0:00:15.153767
1556	8	9	1.2	0	0:00:15.154966
1557	8	9	0.482	0	0:00:15.153476
1558	4	9	0.189	0	0:00:15.153874
1559	5	9	0.555	0	0:00:15.153598
1560	7	7	1.56	1	0:00:15.152972
1561	5	-1	0.0	0	0:00:15.155097
1562	6	9	0.621	0	0:00:15.155580
1563	9	9	1.56	1	0:00:15.154075
1564	1	1	0.121	1	0:00:15.152755
1565	6	-1	0.0	0	0:00:15.153186
1566	7	7	0.966	1	0:00:15.156578
1567	2	9	1.4	0	0:00:15.152005
1568	0	9	0.3	0	0:00:15.155213
1569	1	1	0.0461	1	0:00:15.156031
1570	4	9	0.804	0	0:00:15.155536
1571	5	9	0.371	0	0:00:15.154233
1572	6	9	0.95	0	0:00:15.155492
1573	0	9	0.506	0	0:00:15.154057
1574	0	9	1.26	0	0:00:15.157819
1575	2	-1	0.0	0	0:00:15.153689
1576	7	-1	0.0	0	0:00:15.152765
1577	5	9	0.412	0	0:00:15.153585
1578	6	9	0.718	0	0:00:15.154043
1579	0	0	0.786	1	0:00:15.151657
1580	6	9	0.566	0	0:00:15.153838
1581	2	9	1.19	0	0:00:15.151713
1582	9	9	1.56	1	0:00:15.152148
1583	1	9	0.747	0	0:00:15.153335
1584	7	9	0.319	0	0:00:15.154894
1585	7	9	0.3	0	0:00:15.151715
1586	5	5	0.0149	1	0:00:15.153125
1587	2	0	0.397	0	0:00:15.153058
1588	5	9	0.675	0	0:00:15.153723
1589	6	9	0.0175	0	0:00:15.153765
1590	4	4	0.163	1	0:00:15.154855
1591	1	1	0.285	1	0:00:15.152049
1592	4	9	0.124	0	0:00:15.154375
1593	3	9	0.936	0	0:00:15.152105
1594	3	-1	0.0	0	0:00:15.153687
1595	3	-1	0.0	0	0:00:15.153047
1596	0	-1	0.0	0	0:00:15.154878
1597	3	9	0.0788	0	0:00:15.153083
1598	5	9	0.41	0	0:00:15.152498
1599	5	9	1.39	0	0:00:15.153296
1600	8	9	1.05	0	0:00:15.152284
1601	9	9	0.891	1	0:00:15.153550
1602	7	9	1.43	0	0:00:15.154093
1603	3	-1	0.0	0	0:00:15.152296
1604	1	9	0.384	0	0:00:15.153573
1605	3	-1	0.0	0	0:00:15.153430
1606	3	9	0.996	0	0:00:15.153970
1607	3	9	0.168	0	0:00:15.152597
1608	4	-1	0.0	0	0:00:15.154147
1609	4	9	1.15	0	0:00:15.153531
1610	2	9	0.516	0	0:00:15.152011
1611	3	9	0.733	0	0:00:15.152923
1612	3	9	0.823	0	0:00:15.154930
1613	8	9	0.0384	0	0:00:15.153754
1614	1	9	0.51	0	0:00:15.155178
1615	7	9	0.152	0	0:00:15.153966
1616	7	9	0.831	0	0:00:15.152622
1617	0	0	0.197	1	0:00:15.152235
1618	7	9	0.843	0	0:00:15.154527
1619	4	9	0.773	0	0:00:15.152891
1620	5	9	0.767	0	0:00:15.154286
1621	1	1	0.058	1	0:00:15.153724
1622	4	-1	0.0	0	0:00:15.152970
1623	2	9	0.228	0	0:00:15.153076
1624	4	-1	0.0	0	0:00:15.154469
1625	3	9	0.553	0	0:00:15.154174
1626	9	9	0.994	1	0:00:15.152611
1627	9	9	1.56	1	0:00:15.152777
1628	4	-1	0.0	0	0:00:15.155014
1629	9	9	0.626	1	0:00:15.153010
1630	9	9	0.496	1	0:00:15.152225
1631	1	9	0.903	0	0:00:15.154383
1632	8	-1	0.0	0	0:00:15.153531
1633	1	9	1.47	0	0:00:15.154860
1634	6	-1	0.0	0	0:00:15.152802
1635	7	7	1.24	1	0:00:15.153962
1636	5	9	0.56	0	0:00:15.154664
1637	5	9	0.381	0	0:00:15.154172
1638	4	-1	0.0	0	0:00:15.153060
1639	9	9	1.49	1	0:00:15.153915
1640	7	7	0.199	1	0:00:15.153140
1641	6	9	0.847	0	0:00:15.152799
1642	5	-1	0.0	0	0:00:15.153750
1643	9	9	1.21	1	0:00:15.153527
1644	2	9	0.858	0	0:00:15.153108
1645	4	9	0.205	0	0:00:15.155014
1646	0	0	0.455	1	0:00:15.154666
1647	7	7	1.56	1	0:00:15.154162
1648	8	9	0.653	0	0:00:15.154432
1649	5	5	0.221	1	0:00:15.154223
1650	5	9	0.125	0	0:00:15.154628
1651	0	4	0.456	0	0:00:15.155528
1652	0	0	0.176	1	0:00:15.153999
1653	9	9	1.35	1	0:00:15.155755
1654	9	9	1.56	1	0:00:15.154854
1655	8	9	0.334	0	0:00:15.152982
1656	2	9	0.184	0	0:00:15.155165
1657	5	5	0.0458	1	0:00:15.155074
1658	4	-1	0.0	0	0:00:15.154974
1659	8	8	0.14	1	0:00:15.154829
1660	3	-1	0.0	0	0:00:15.153983
1661	6	9	0.654	0	0:00:15.155663
1662	3	9	0.898	0	0:00:15.155696
1663	6	9	0.694	0	0:00:15.154191
1664	0	0	0.979	1	0:00:15.154187
1665	6	6	0.105	1	0:00:15.153890
1666	6	9	0.261	0	0:00:15.153468
1667	6	9	0.034	0	0:00:15.155195
1668	9	9	1.02	1	0:00:15.153581
1669	6	-1	0.0	0	0:00:15.153060
1670	6	-1	0.0	0	0:00:15.151344
1671	8	8	0.83	1	0:00:15.155849
1672	6	9	0.409	0	0:00:15.153558
1673	2	9	0.696	0	0:00:15.153982
1674	4	-1	0.0	0	0:00:15.152882
1675	5	9	0.638	0	0:00:15.153352
1676	8	9	0.106	0	0:00:15.153771
1677	1	1	0.914	1	0:00:15.154028
1678	2	9	0.338	0	0:00:15.152970
1679	7	7	0.409	1	0:00:15.153871
1680	6	-1	0.0	0	0:00:15.152213
1681	5	9	0.382	0	0:00:15.154783
1682	7	7	0.801	1	0:00:15.152418
1683	8	9	0.122	0	0:00:15.152318
1684	1	9	1.25	0	0:00:15.152429
1685	8	9	0.926	0	0:00:15.154741
1686	0	8	0.455	0	0:00:15.152845
1687	8	8	1.08	1	0:00:15.153193
1688	6	9	0.2	0	0:00:15.151815
1689	9	9	0.949	1	0:00:15.154547
1690	2	-1	0.0	0	0:00:15.153975
1691	8	8	0.587	1	0:00:15.155221
1692	9	-1	0.0	0	0:00:15.152311
1693	4	9	1.56	0	0:00:15.153361
1694	0	4	0.0158	0	0:00:15.155357
1695	9	9	0.411	1	0:00:15.155234
1696	4	-1	0.0	0	0:00:15.153240
1697	9	9	0.307	1	0:00:15.154169
1698	5	-1	0.0	0	0:00:15.154150
1699	7	7	1.02	1	0:00:15.154407
1700	5	9	0.165	0	0:00:15.152750
1701	5	9	1.28	0	0:00:15.154413
1702	9	9	1.25	1	0:00:15.154849
1703	5	9	1.06	0	0:00:15.153201
1704	3	4	0.234	0	0:00:15.154799
1705	0	0	1.21	1	0:00:15.152501
1706	1	1	0.22	1	0:00:15.152099
1707	9	9	1.44	1	0:00:15.155543
1708	7	9	1.23	0	0:00:15.153845
1709	2	5	0.176	0	0:00:15.154514
1710	4	-1	0.0	0	0:00:15.154103
1711	1	9	0.529	0	0:00:15.153558
1712	0	-1	0.0	0	0:00:15.154256
1713	8	1	0.525	0	0:00:15.154642
1714	0	4	0.203	0	0:00:15.153458
1715	3	9	0.371	0	0:00:15.153225
1716	1	1	0.0406	1	0:00:15.154172
1717	7	7	0.996	1	0:00:15.152214
1718	0	9	1.03	0	0:00:15.152705
1719	0	9	0.0279	0	0:00:15.155199
1720	4	7	0.317	0	0:00:15.152990
1721	8	9	0.544	0	0:00:15.154200
1722	6	9	0.27	0	0:00:15.154123
1723	2	-1	0.0	0	0:00:15.153677
1724	4	-1	0.0	0	0:00:15.154104
1725	0	0	0.00993	1	0:00:15.154388
1726	0	8	0.315	0	0:00:15.153832
1727	9	-1	0.0	0	0:00:15.154721
1728	0	9	0.901	0	0:00:15.153779
1729	8	8	1.34	1	0:00:15.152658
1730	4	9	0.706	0	0:00:15.154893
1731	5	9	0.217	0	0:00:15.155170
1732	9	-1	0.0	0	0:00:15.153484
1733	3	9	0.225	0	0:00:15.154404
1734	9	9	0.942	1	0:00:15.154345
1735	0	0	0.305	1	0:00:15.152163
1736	5	9	0.717	0	0:00:15.152495
1737	6	9	0.508	0	0:00:15.154098
1738	5	9	0.0211	0	0:00:15.154993
1739	0	9	0.845	0	0:00:15.155645
1740	1	9	0.498	0	0:00:15.153177
1741	4	5	0.0818	0	0:00:15.153389
1742	8	8	0.894	1	0:00:15.151960
1743	1	1	0.189	1	0:00:15.154067
1744	0	0	0.594	1	0:00:15.153719
1745	5	-1	0.0	0	0:00:15.153054
1746	2	-1	0.0	0	0:00:15.152080
1747	1	1	0.436	1	0:00:15.153527
1748	0	0	0.54	1	0:00:15.154314
1749	2	-1	0.0	0	0:00:15.154673
1750	8	9	0.314	0	0:00:15.152357
1751	1	9	0.78	0	0:00:15.154593
1752	5	5	0.26	1	0:00:15.153514
1753	6	9	0.55	0	0:00:15.153169
1754	7	7	1.17	1	0:00:15.154518
1755	7	7	0.212	1	0:00:15.154165
1756	2	9	0.0601	0	0:00:15.155845
1757	6	9	0.89	0	0:00:15.153185
1758	2	4	0.537	0	0:00:15.153011
1759	5	5	0.175	1	0:00:15.155901
1760	0	-1	0.0	0	0:00:15.155519
1761	1	1	0.0943	1	0:00:15.153012
1762	4	4	0.0257	1	0:00:15.152354
1763	2	9	0.955	0	0:00:15.154353
1764	5	9	1.24	0	0:00:15.154002
1765	4	9	0.0272	0	0:00:15.153952
1766	6	9	0.0787	0	0:00:15.153812
1767	2	-1	0.0	0	0:00:15.154905
1768	2	-1	0.0	0	0:00:15.153689
1769	1	9	0.375	0	0:00:15.152609
1770	7	7	0.298	1	0:00:15.155239
1771	2	-1	0.0	0	0:00:15.153784
1772	8	9	1.01	0	0:00:15.152898
1773	5	9	0.433	0	0:00:15.155159
1774	5	9	0.604	0	0:00:15.154405
1775	3	9	0.306	0	0:00:15.153407
1776	0	0	0.43	1	0:00:15.153720
1777	4	9	0.486	0	0:00:15.154164
1778	8	9	0.0832	0	0:00:15.154166
1779	3	5	0.275	0	0:00:15.154058
1780	7	9	0.0631	0	0:00:15.154755
1781	6	-1	0.0	0	0:00:15.154443
1782	3	5	0.0768	0	0:00:15.154485
1783	8	9	0.546	0	0:00:15.155254
1784	1	9	0.67	0	0:00:15.153589
1785	0	0	0.247	1	0:00:15.152446
1786	1	9	1.56	0	0:00:15.154382
1787	3	4	0.153	0	0:00:15.154990
1788	3	-1	0.0	0	0:00:15.152541
1789	0	7	0.386	0	0:00:15.154117
1790	7	9	0.781	0	0:00:15.153038
1791	4	9	0.337	0	0:00:15.152831
1792	9	9	1.56	1	0:00:15.153620
1793	5	5	0.374	1	0:00:15.153776
1794	3	9	0.312	0	0:00:15.154508
1795	6	9	0.526	0	0:00:15.153114
1796	0	9	1.35	0	0:00:15.154109
1797	1	9	0.451	0	0:00:15.153120
1798	4	7	0.129	0	0:00:15.155294
1799	4	9	0.179	0	0:00:15.153076
1800	4	9	0.906	0	0:00:15.153430
1801	4	5	0.3	0	0:00:15.153726
1802	2	-1	0.0	0	0:00:15.152192
1803	2	9	0.582	0	0:00:15.153574
1804	5	9	0.519	0	0:00:15.154459
1805	8	9	0.0193	0	0:00:15.152788
1806	1	1	0.392	1	0:00:15.154156
1807	5	9	0.409	0	0:00:15.152446
1808	9	9	0.871	1	0:00:15.152293
1809	8	9	0.635	0	0:00:15.155135
1810	1	1	0.41	1	0:00:15.154461
1811	1	8	0.0442	0	0:00:15.153821
1812	5	7	0.381	0	0:00:15.151930
1813	3	5	0.0421	0	0:00:15.156048
1814	9	9	0.917	1	0:00:15.161537
1815	9	9	1.21	1	0:00:15.152685
1816	7	9	0.257	0	0:00:15.152236
1817	6	-1	0.0	0	0:00:15.153092
1818	5	9	0.876	0	0:00:15.154808
1819	0	9	0.419	0	0:00:15.154179
1820	8	9	1.0	0	0:00:15.153858
1821	4	9	0.319	0	0:00:15.154064
1822	7	5	0.569	0	0:00:15.152674
1823	0	0	0.265	1	0:00:15.154877
1824	9	9	1.28	1	0:00:15.153062
1825	2	-1	0.0	0	0:00:15.152345
1826	8	8	0.0151	1	0:00:15.152725
1827	4	2	0.0942	0	0:00:15.151454
1828	7	9	0.711	0	0:00:15.153864
1829	1	9	1.1	0	0:00:15.152042
1830	3	9	0.527	0	0:00:15.154005
1831	9	9	0.582	1	0:00:15.150781
1832	6	9	0.339	0	0:00:15.152182
1833	8	9	0.155	0	0:00:15.153770
1834	9	9	1.18	1	0:00:15.151451
1835	0	8	0.0611	0	0:00:15.151729
1836	4	-1	0.0	0	0:00:15.152198
1837	9	9	0.375	1	0:00:15.152513
1838	6	9	0.77	0	0:00:15.152320
1839	7	7	1.56	1	0:00:15.149748
1840	8	9	0.797	0	0:00:15.151123
1841	9	9	1.11	1	0:00:15.152897
1842	4	7	0.232	0	0:00:15.148864
1843	8	9	0.319	0	0:00:15.150647
1844	9	9	1.56	1	0:00:15.153867
1845	7	9	0.352	0	0:00:15.152161
1846	2	9	0.0792	0	0:00:15.149080
1847	5	5	0.107	1	0:00:15.149579
1848	3	9	0.577	0	0:00:15.152609
1849	7	7	1.02	1	0:00:15.153266
1850	1	-1	0.0	0	0:00:15.152965
1851	0	-1	0.0	0	0:00:15.153106
1852	2	9	1.11	0	0:00:15.152844
1853	9	9	1.49	1	0:00:15.151762
1854	5	9	0.865	0	0:00:15.154266
1855	5	9	0.698	0	0:00:15.154197
1856	8	8	0.337	1	0:00:15.153268
1857	5	9	0.476	0	0:00:15.154441
1858	4	5	0.422	0	0:00:15.153067
1859	2	9	0.427	0	0:00:15.154113
1860	8	8	0.926	1	0:00:15.153439
1861	3	1	0.294	0	0:00:15.153264
1862	5	9	0.677	0	0:00:15.151582
1863	5	9	0.417	0	0:00:15.153766
1864	7	7	0.648	1	0:00:15.153848
1865	7	9	0.418	0	0:00:15.154042
1866	8	9	0.0762	0	0:00:15.152406
1867	6	9	0.862	0	0:00:15.153545
1868	2	9	0.404	0	0:00:15.154219
1869	8	8	0.59	1	0:00:15.152205
1870	2	0	0.363	0	0:00:15.151889
1871	3	8	0.0932	0	0:00:15.153367
1872	5	9	0.814	0	0:00:15.152571
1873	6	9	0.162	0	0:00:15.153886
1874	8	-1	0.0	0	0:00:15.153700
1875	0	0	1.29	1	0:00:15.151102
1876	2	7	0.103	0	0:00:15.152976
1877	3	9	0.845	0	0:00:15.155088
1878	7	7	0.95	1	0:00:15.154490
1879	0	-1	0.0	0	0:00:15.154351
1880	1	1	0.507	1	0:00:15.153353
1881	9	9	1.56	1	0:00:15.156014
1882	1	1	0.555	1	0:00:15.153550
1883	3	-1	0.0	0	0:00:15.152880
1884	7	-1	0.0	0	0:00:15.152538
1885	5	-1	0.0	0	0:00:15.153025
1886	8	9	1.56	0	0:00:15.154395
1887	3	9	0.00101	0	0:00:15.155416
1888	2	9	0.354	0	0:00:15.153248
1889	9	9	1.36	1	0:00:15.154001
1890	6	9	0.433	0	0:00:15.153674
1891	8	9	0.0564	0	0:00:15.154701
1892	6	9	0.239	0	0:00:15.153267
1893	9	9	1.16	1	0:00:15.153224
1894	3	9	0.339	0	0:00:15.155801
1895	8	9	1.31	0	0:00:15.154484
1896	9	9	1.42	1	0:00:15.155033
1897	8	9	0.534	0	0:00:15.154757
1898	0	9	1.08	0	0:00:15.154787
1899	7	7	0.484	1	0:00:15.154418
1900	8	8	0.32	1	0:00:15.155349
1901	5	9	0.544	0	0:00:15.152420
1902	0	4	0.261	0	0:00:15.155957
1903	0	9	0.358	0	0:00:15.156131
1904	1	9	0.734	0	0:00:15.155573
1905	3	-1	0.0	0	0:00:15.154429
1906	9	9	0.509	1	0:00:15.154733
1907	1	9	0.135	0	0:00:15.152541
1908	5	5	0.234	1	0:00:15.153775
1909	3	9	1.27	0	0:00:15.153499
1910	4	9	0.602	0	0:00:15.155059
1911	4	9	0.0892	0	0:00:15.153388
1912	0	0	0.166	1	0:00:15.152313
1913	9	9	0.95	1	0:00:15.153205
1914	9	9	1.46	1	0:00:15.154873
1915	9	9	1.56	1	0:00:15.152768
1916	9	9	1.01	1	0:00:15.152141
1917	8	8	0.207	1	0:00:15.153801
1918	2	-1	0.0	0	0:00:15.153620
1919	4	9	0.0126	0	0:00:15.153921
1920	2	4	0.418	0	0:00:15.151355
1921	2	9	0.0184	0	0:00:15.153083
1922	5	9	0.157	0	0:00:15.153941
1923	1	9	0.889	0	0:00:15.155495
1924	9	9	0.743	1	0:00:15.151535
1925	1	9	0.306	0	0:00:15.154980
1926	0	9	1.09	0	0:00:15.154969
1927	9	9	0.159	1	0:00:15.155511
1928	4	9	0.105	0	0:00:15.154013
1929	2	-1	0.0	0	0:00:15.153042
1930	1	9	0.296	0	0:00:15.154483
1931	6	9	0.433	0	0:00:15.154370
1932	0	-1	0.0	0	0:00:15.152917
1933	3	9	0.348	0	0:00:15.154565
1934	7	9	0.978	0	0:00:15.155887
1935	6	5	0.0859	0	0:00:15.153767
1936	3	7	0.5	0	0:00:15.153764
1937	1	9	1.03	0	0:00:15.155229
1938	8	8	0.131	1	0:00:15.153243
1939	6	9	0.141	0	0:00:15.154471
1940	5	9	0.826	0	0:00:15.154095
1941	7	9	0.171	0	0:00:15.153902
1942	2	5	0.281	0	0:00:15.152606
1943	8	8	0.234	1	0:00:15.155488
1944	4	9	0.358	0	0:00:15.154319
1945	4	7	0.633	0	0:00:15.153656
1946	8	-1	0.0	0	0:00:15.153198
1947	3	9	1.39	0	0:00:15.153260
1948	5	9	0.568	0	0:00:15.155386
1949	0	0	0.0459	1	0:00:15.152817
1950	5	9	0.764	0	0:00:15.151576
1951	7	-1	0.0	0	0:00:15.154322
1952	4	9	0.356	0	0:00:15.153912
1953	4	-1	0.0	0	0:00:15.152343
1954	2	-1	0.0	0	0:00:15.151479
1955	2	-1	0.0	0	0:00:15.153571
1956	7	9	0.5	0	0:00:15.152814
1957	3	9	0.983	0	0:00:15.154866
1958	6	9	0.791	0	0:00:15.152826
1959	0	9	0.189	0	0:00:15.152073
1960	2	9	0.687	0	0:00:15.153365
1961	7	9	0.604	0	0:00:15.153278
1962	6	9	0.217	0	0:00:15.152421
1963	2	0	0.314	0	0:00:15.152994
1964	3	9	0.378	0	0:00:15.151479
1965	0	9	0.0798	0	0:00:15.153172
1966	7	7	0.295	1	0:00:15.151852
1967	7	7	0.493	1	0:00:15.150341
1968	8	8	1.26	1	0:00:15.153518
1969	1	9	0.996	0	0:00:15.152442
1970	1	1	0.557	1	0:00:15.152258
1971	4	9	0.585	0	0:00:15.153558
1972	6	9	0.0985	0	0:00:15.153735
1973	0	4	0.331	0	0:00:15.153329
1974	6	6	0.279	1	0:00:15.152705
1975	6	9	0.256	0	0:00:15.152584
1976	5	9	0.808	0	0:00:15.152698
1977	5	9	0.279	0	0:00:15.151469
1978	6	9	0.552	0	0:00:15.151764
1979	3	9	0.215	0	0:00:15.147835
1980	9	9	1.19	1	0:00:15.150203
1981	3	-1	0.0	0	0:00:15.151984
