idx	label	predict	radius	correct	time
0	3	9	0.228	0	0:00:15.441205
1	8	8	0.619	1	0:00:15.156698
2	8	-1	0.0	0	0:00:15.157444
3	0	0	0.545	1	0:00:15.156084
4	6	6	0.719	1	0:00:15.155722
5	6	5	0.0328	0	0:00:15.161135
6	1	9	0.889	0	0:00:15.153730
7	6	2	0.0268	0	0:00:15.156273
8	3	-1	0.0	0	0:00:15.154586
9	1	9	1.02	0	0:00:15.156329
10	0	0	0.233	1	0:00:15.156951
11	9	9	1.04	1	0:00:15.155904
12	5	5	0.00198	1	0:00:15.156364
13	7	7	0.377	1	0:00:15.156471
14	9	9	1.17	1	0:00:15.156585
15	8	0	0.277	0	0:00:15.155884
16	5	5	0.422	1	0:00:15.157125
17	7	9	0.0737	0	0:00:15.156533
18	8	8	0.285	1	0:00:15.156613
19	6	6	0.207	1	0:00:15.155946
20	7	7	0.861	1	0:00:15.157850
21	0	4	0.31	0	0:00:15.158702
22	4	4	0.789	1	0:00:15.157648
23	9	9	0.769	1	0:00:15.154700
24	5	4	0.823	0	0:00:15.157497
25	2	5	0.72	0	0:00:15.157852
26	4	5	0.399	0	0:00:15.157889
27	0	4	0.381	0	0:00:15.153590
28	9	9	1.17	1	0:00:15.155059
29	6	3	0.136	0	0:00:15.158048
30	6	5	0.458	0	0:00:15.156673
31	5	-1	0.0	0	0:00:15.155412
32	4	4	0.0582	1	0:00:15.159960
33	5	5	0.925	1	0:00:15.155233
34	9	9	1.17	1	0:00:15.155450
35	2	9	0.381	0	0:00:15.157696
36	4	-1	0.0	0	0:00:15.157862
37	1	1	0.0675	1	0:00:15.153536
38	9	9	1.13	1	0:00:15.154459
39	5	9	0.445	0	0:00:15.155116
40	4	-1	0.0	0	0:00:15.155240
41	6	3	0.093	0	0:00:15.155147
42	5	5	0.783	1	0:00:15.156462
43	6	6	0.151	1	0:00:15.154616
44	0	8	0.0833	0	0:00:15.154944
45	9	9	1.17	1	0:00:15.157451
46	3	5	0.42	0	0:00:15.155726
47	9	9	0.737	1	0:00:15.156700
48	7	-1	0.0	0	0:00:15.155791
49	6	6	0.331	1	0:00:15.155363
50	9	9	0.251	1	0:00:15.155728
51	8	8	0.0436	1	0:00:15.156840
52	0	-1	0.0	0	0:00:15.157626
53	3	9	0.14	0	0:00:15.155155
54	8	8	1.01	1	0:00:15.152034
55	8	0	0.2	0	0:00:15.158255
56	7	5	0.192	0	0:00:15.155421
57	7	9	0.555	0	0:00:15.152779
58	4	-1	0.0	0	0:00:15.154771
59	6	5	0.163	0	0:00:15.153825
60	7	7	1.17	1	0:00:15.155467
61	3	5	0.589	0	0:00:15.154596
62	6	3	0.0782	0	0:00:15.156184
63	3	9	0.806	0	0:00:15.152978
64	6	5	0.243	0	0:00:15.155310
65	2	-1	0.0	0	0:00:15.156238
66	1	-1	0.0	0	0:00:15.156033
67	2	4	0.17	0	0:00:15.155348
68	3	5	0.0222	0	0:00:15.156766
69	7	9	0.588	0	0:00:15.155632
70	2	4	0.443	0	0:00:15.155156
71	6	-1	0.0	0	0:00:15.150711
72	8	0	0.493	0	0:00:15.157518
73	8	8	0.953	1	0:00:15.152091
74	0	-1	0.0	0	0:00:15.154732
75	2	-1	0.0	0	0:00:15.155198
76	9	9	0.32	1	0:00:15.153990
77	3	5	0.00464	0	0:00:15.154279
78	3	5	0.963	0	0:00:15.155930
79	8	8	0.283	1	0:00:15.155922
80	8	8	0.274	1	0:00:15.156590
81	1	1	0.73	1	0:00:15.157759
82	1	1	0.481	1	0:00:15.155638
83	7	7	0.577	1	0:00:15.153558
84	2	5	0.454	0	0:00:15.153838
85	5	7	0.629	0	0:00:15.153684
86	2	9	0.478	0	0:00:15.153701
87	7	9	0.421	0	0:00:15.151484
88	8	9	0.589	0	0:00:15.153573
89	9	9	0.454	1	0:00:15.154342
90	0	-1	0.0	0	0:00:15.155652
91	3	5	0.0166	0	0:00:15.156124
92	8	8	0.0455	1	0:00:15.152866
93	6	-1	0.0	0	0:00:15.153362
94	4	-1	0.0	0	0:00:15.154929
95	6	5	0.0174	0	0:00:15.155157
96	6	6	0.473	1	0:00:15.152022
97	0	0	0.0243	1	0:00:15.155337
98	0	4	0.0547	0	0:00:15.154620
99	7	7	0.369	1	0:00:15.156525
100	4	-1	0.0	0	0:00:15.153574
101	5	9	0.485	0	0:00:15.154269
102	6	5	0.236	0	0:00:15.154681
103	3	5	0.0783	0	0:00:15.156448
104	1	1	1.17	1	0:00:15.154778
105	1	1	0.998	1	0:00:15.148600
106	3	3	0.498	1	0:00:15.156258
107	6	3	0.00183	0	0:00:15.154878
108	8	8	0.241	1	0:00:15.156550
109	7	5	0.526	0	0:00:15.155599
110	4	4	0.588	1	0:00:15.156401
111	0	0	0.162	1	0:00:15.154975
112	6	-1	0.0	0	0:00:15.154774
113	2	4	0.257	0	0:00:15.154474
114	1	1	1.15	1	0:00:15.155211
115	3	5	0.137	0	0:00:15.157295
116	0	4	0.223	0	0:00:15.154915
117	4	5	0.246	0	0:00:15.155552
118	2	5	0.172	0	0:00:15.155621
119	7	5	0.413	0	0:00:15.154728
120	8	8	0.548	1	0:00:15.151862
121	3	-1	0.0	0	0:00:15.153910
122	1	1	0.961	1	0:00:15.153065
123	2	5	0.194	0	0:00:15.154807
124	8	8	0.269	1	0:00:15.156061
125	0	4	0.34	0	0:00:15.155024
126	8	9	0.237	0	0:00:15.152570
127	3	5	0.257	0	0:00:15.153266
128	5	5	0.713	1	0:00:15.156728
129	2	4	0.267	0	0:00:15.155948
130	4	4	0.911	1	0:00:15.153895
131	1	9	0.276	0	0:00:15.156840
132	8	9	1.06	0	0:00:15.153098
133	9	-1	0.0	0	0:00:15.156533
134	1	9	0.0311	0	0:00:15.155062
135	2	5	0.263	0	0:00:15.153839
136	9	9	1.02	1	0:00:15.153401
137	7	7	0.142	1	0:00:15.156127
138	2	-1	0.0	0	0:00:15.150719
139	9	8	0.45	0	0:00:15.155926
140	6	-1	0.0	0	0:00:15.153927
141	5	5	1.08	1	0:00:15.155833
142	6	-1	0.0	0	0:00:15.154347
143	3	9	0.626	0	0:00:15.154989
144	8	8	0.459	1	0:00:15.155602
145	7	9	0.367	0	0:00:15.156132
146	6	5	0.188	0	0:00:15.154352
147	2	9	0.154	0	0:00:15.157181
148	5	5	0.0791	1	0:00:15.153955
149	2	3	0.125	0	0:00:15.156294
150	8	8	0.0907	1	0:00:15.154205
151	9	9	1.17	1	0:00:15.156623
152	6	-1	0.0	0	0:00:15.154273
153	0	-1	0.0	0	0:00:15.157107
154	0	4	0.204	0	0:00:15.157996
155	5	-1	0.0	0	0:00:15.152035
156	2	4	0.13	0	0:00:15.152132
157	9	9	1.15	1	0:00:15.159297
158	5	4	0.00723	0	0:00:15.154971
159	4	4	0.174	1	0:00:15.157328
160	2	4	0.924	0	0:00:15.156292
161	1	1	0.137	1	0:00:15.155738
162	6	9	0.419	0	0:00:15.156045
163	6	6	0.354	1	0:00:15.156497
164	8	8	0.113	1	0:00:15.155583
165	4	7	0.0985	0	0:00:15.152612
166	8	8	0.742	1	0:00:15.153127
167	4	-1	0.0	0	0:00:15.153218
168	5	9	0.322	0	0:00:15.153448
169	0	8	0.273	0	0:00:15.154620
170	9	9	0.733	1	0:00:15.152954
171	9	7	0.187	0	0:00:15.154083
172	9	-1	0.0	0	0:00:15.155851
173	8	-1	0.0	0	0:00:15.157000
174	9	9	1.1	1	0:00:15.157235
175	9	9	1.17	1	0:00:15.156147
176	3	5	0.0247	0	0:00:15.155461
177	7	7	0.102	1	0:00:15.156604
178	5	5	0.135	1	0:00:15.156328
179	0	-1	0.0	0	0:00:15.157126
180	0	4	0.348	0	0:00:15.155165
181	5	5	0.108	1	0:00:15.157957
182	2	6	0.293	0	0:00:15.155199
183	2	4	0.419	0	0:00:15.155296
184	3	4	0.361	0	0:00:15.156292
185	8	8	1.06	1	0:00:15.153277
186	6	3	0.0806	0	0:00:15.155403
187	3	9	0.0861	0	0:00:15.156768
188	4	5	0.853	0	0:00:15.154799
189	0	8	0.564	0	0:00:15.155766
190	5	-1	0.0	0	0:00:15.156234
191	8	9	0.402	0	0:00:15.156526
192	0	-1	0.0	0	0:00:15.155107
193	1	1	0.238	1	0:00:15.154200
194	7	9	0.378	0	0:00:15.158491
195	2	4	0.197	0	0:00:15.158037
196	8	8	0.462	1	0:00:15.156340
197	8	8	0.347	1	0:00:15.158925
198	7	-1	0.0	0	0:00:15.155275
199	8	8	0.443	1	0:00:15.154387
200	5	5	0.235	1	0:00:15.152880
201	1	8	0.233	0	0:00:15.152204
202	8	8	0.0732	1	0:00:15.158573
203	7	7	0.909	1	0:00:15.156336
204	1	1	0.714	1	0:00:15.155608
205	3	-1	0.0	0	0:00:15.154563
206	0	0	0.146	1	0:00:15.156641
207	5	4	0.264	0	0:00:15.159423
208	7	7	1.17	1	0:00:15.156594
209	9	9	0.389	1	0:00:15.158827
210	7	5	0.64	0	0:00:15.157752
211	4	9	0.64	0	0:00:15.157007
212	5	5	1.17	1	0:00:15.156302
213	9	9	0.463	1	0:00:15.157640
214	8	-1	0.0	0	0:00:15.156293
215	0	0	0.438	1	0:00:15.151896
216	7	7	1.15	1	0:00:15.156002
217	9	9	0.92	1	0:00:15.157907
218	8	4	0.148	0	0:00:15.156540
219	2	-1	0.0	0	0:00:15.154931
220	7	7	1.17	1	0:00:15.151982
221	6	5	0.19	0	0:00:15.153183
222	9	9	1.17	1	0:00:15.154255
223	4	5	0.234	0	0:00:15.154399
224	3	9	0.583	0	0:00:15.153170
225	9	9	0.709	1	0:00:15.154005
226	6	9	0.0166	0	0:00:15.156424
227	4	6	0.121	0	0:00:15.155740
228	7	5	0.618	0	0:00:15.154526
229	6	5	0.185	0	0:00:15.153696
230	5	5	0.697	1	0:00:15.155468
231	1	1	0.144	1	0:00:15.154966
232	5	5	0.991	1	0:00:15.151045
233	8	8	0.00569	1	0:00:15.154759
234	8	8	0.471	1	0:00:15.156396
235	0	0	1.17	1	0:00:15.156123
236	4	-1	0.0	0	0:00:15.156629
237	0	9	0.457	0	0:00:15.158270
238	5	9	0.0897	0	0:00:15.155547
239	5	4	0.462	0	0:00:15.155057
240	1	1	0.627	1	0:00:15.155360
241	1	9	0.339	0	0:00:15.154030
242	8	-1	0.0	0	0:00:15.155442
243	9	9	1.15	1	0:00:15.156617
244	0	0	0.0764	1	0:00:15.154821
245	3	3	0.00404	1	0:00:15.155751
246	1	1	0.957	1	0:00:15.154114
247	9	8	0.357	0	0:00:15.156856
248	2	4	0.289	0	0:00:15.151411
249	2	4	0.221	0	0:00:15.158333
250	5	5	0.188	1	0:00:15.154777
251	3	5	0.658	0	0:00:15.153665
252	9	9	1.17	1	0:00:15.154808
253	9	1	0.133	0	0:00:15.158260
254	4	2	0.245	0	0:00:15.153071
255	0	9	0.133	0	0:00:15.156382
256	3	5	0.0334	0	0:00:15.156562
257	0	0	0.47	1	0:00:15.154513
258	0	8	0.136	0	0:00:15.156967
259	9	9	0.735	1	0:00:15.157292
260	8	8	0.373	1	0:00:15.154428
261	1	9	0.587	0	0:00:15.155265
262	5	5	0.219	1	0:00:15.156074
263	7	5	0.298	0	0:00:15.155384
264	0	-1	0.0	0	0:00:15.155891
265	8	8	0.801	1	0:00:15.148001
266	2	-1	0.0	0	0:00:15.156077
267	4	5	0.201	0	0:00:15.157497
268	7	7	0.233	1	0:00:15.154717
269	0	4	0.513	0	0:00:15.157189
270	2	4	0.305	0	0:00:15.156981
271	3	5	0.445	0	0:00:15.155995
272	6	-1	0.0	0	0:00:15.156963
273	3	5	0.616	0	0:00:15.156080
274	8	-1	0.0	0	0:00:15.153645
275	5	5	0.332	1	0:00:15.157910
276	0	9	0.677	0	0:00:15.157206
277	3	5	0.0387	0	0:00:15.158660
278	4	-1	0.0	0	0:00:15.158276
279	3	5	0.0408	0	0:00:15.157516
280	9	9	1.17	1	0:00:15.153590
281	0	-1	0.0	0	0:00:15.158603
282	6	3	0.034	0	0:00:15.157282
283	1	1	0.983	1	0:00:15.157578
284	0	9	0.631	0	0:00:15.157114
285	9	9	1.15	1	0:00:15.157478
286	1	1	0.408	1	0:00:15.156231
287	0	8	0.577	0	0:00:15.153410
288	7	7	1.15	1	0:00:15.153926
289	9	9	1.17	1	0:00:15.157370
290	1	1	0.739	1	0:00:15.158261
291	2	4	0.504	0	0:00:15.153368
292	6	6	0.0167	1	0:00:15.154095
293	9	9	0.653	1	0:00:15.155412
294	3	5	0.527	0	0:00:15.154973
295	4	-1	0.0	0	0:00:15.152739
296	6	-1	0.0	0	0:00:15.155151
297	0	0	1.17	1	0:00:15.154811
298	0	0	1.17	1	0:00:15.151605
299	6	-1	0.0	0	0:00:15.152567
300	6	-1	0.0	0	0:00:15.154067
301	6	6	0.282	1	0:00:15.154322
302	3	5	0.424	0	0:00:15.152522
303	2	9	0.434	0	0:00:15.156027
304	6	4	0.123	0	0:00:15.157184
305	1	1	0.139	1	0:00:15.154810
306	8	9	0.671	0	0:00:15.156755
307	2	4	0.383	0	0:00:15.156027
308	1	1	0.887	1	0:00:15.153708
309	6	2	0.0263	0	0:00:15.156035
310	8	8	0.271	1	0:00:15.156356
311	6	6	1.02	1	0:00:15.152378
312	8	0	0.385	0	0:00:15.152561
313	0	4	0.575	0	0:00:15.155867
314	4	5	0.301	0	0:00:15.154490
315	0	4	0.34	0	0:00:15.152868
316	7	5	0.319	0	0:00:15.155098
317	7	7	0.0599	1	0:00:15.153901
318	5	5	0.568	1	0:00:15.152722
319	5	5	0.16	1	0:00:15.155553
320	3	3	0.000419	1	0:00:15.153207
321	5	9	0.303	0	0:00:15.154765
322	2	5	0.158	0	0:00:15.154345
323	3	2	0.149	0	0:00:15.154442
324	4	9	0.44	0	0:00:15.155959
325	1	9	0.00313	0	0:00:15.155101
326	7	4	0.476	0	0:00:15.156026
327	5	5	0.0631	1	0:00:15.155663
328	4	9	0.319	0	0:00:15.155058
329	6	3	0.0457	0	0:00:15.155184
330	1	1	0.989	1	0:00:15.148636
331	9	9	1.17	1	0:00:15.158793
332	3	-1	0.0	0	0:00:15.155768
333	6	6	0.302	1	0:00:15.155417
334	6	6	0.166	1	0:00:15.157706
335	9	9	0.83	1	0:00:15.156733
336	3	-1	0.0	0	0:00:15.154460
337	8	8	0.074	1	0:00:15.156655
338	0	4	0.267	0	0:00:15.153818
339	7	9	0.593	0	0:00:15.155442
340	2	-1	0.0	0	0:00:15.152986
341	6	-1	0.0	0	0:00:15.155807
342	2	4	0.249	0	0:00:15.157761
343	5	-1	0.0	0	0:00:15.155889
344	8	0	0.526	0	0:00:15.153164
345	5	5	0.896	1	0:00:15.156409
346	4	7	0.525	0	0:00:15.151239
347	6	3	0.189	0	0:00:15.157360
348	8	8	1.17	1	0:00:15.155309
349	9	9	0.85	1	0:00:15.158511
350	9	9	0.47	1	0:00:15.154327
351	1	1	0.734	1	0:00:15.157922
352	0	8	0.467	0	0:00:15.158124
353	2	4	0.896	0	0:00:15.156762
354	2	-1	0.0	0	0:00:15.156323
355	7	9	0.101	0	0:00:15.157253
356	3	4	0.934	0	0:00:15.156952
357	2	5	0.297	0	0:00:15.156742
358	8	1	0.0715	0	0:00:15.156430
359	0	0	0.129	1	0:00:15.159852
360	9	9	0.958	1	0:00:15.157831
361	5	5	0.925	1	0:00:15.153362
362	8	8	1.13	1	0:00:15.154923
363	1	9	0.189	0	0:00:15.155223
364	9	1	0.504	0	0:00:15.153113
365	4	4	0.00213	1	0:00:15.155634
366	1	1	0.228	1	0:00:15.155444
367	3	9	0.341	0	0:00:15.157804
368	8	0	0.253	0	0:00:15.155967
369	1	1	0.156	1	0:00:15.156723
370	4	-1	0.0	0	0:00:15.154361
371	7	7	1.17	1	0:00:15.154499
372	9	9	1.13	1	0:00:15.157140
373	4	4	0.0903	1	0:00:15.155550
374	2	3	0.102	0	0:00:15.155481
375	7	7	0.172	1	0:00:15.155975
376	0	9	0.776	0	0:00:15.155227
377	7	5	0.159	0	0:00:15.151904
378	0	4	0.186	0	0:00:15.153817
379	6	6	0.588	1	0:00:15.156277
380	6	6	0.501	1	0:00:15.155371
381	9	9	1.17	1	0:00:15.155353
382	0	0	0.979	1	0:00:15.156084
383	9	8	0.111	0	0:00:15.155836
384	2	-1	0.0	0	0:00:15.154792
385	8	0	0.609	0	0:00:15.156861
386	7	7	0.586	1	0:00:15.155337
387	2	5	0.508	0	0:00:15.156407
388	2	5	0.122	0	0:00:15.155929
389	5	9	0.0533	0	0:00:15.157318
390	1	1	0.498	1	0:00:15.153492
391	2	4	0.196	0	0:00:15.156739
392	6	6	0.46	1	0:00:15.155433
393	2	5	0.889	0	0:00:15.152816
394	9	9	1.12	1	0:00:15.154337
395	6	2	0.0112	0	0:00:15.156039
396	2	-1	0.0	0	0:00:15.155421
397	3	5	0.456	0	0:00:15.154901
398	0	8	0.688	0	0:00:15.155803
399	3	1	0.0875	0	0:00:15.156294
400	9	9	1.1	1	0:00:15.154395
401	8	1	0.702	0	0:00:15.153758
402	7	7	0.408	1	0:00:15.157554
403	8	8	0.377	1	0:00:15.157302
404	8	8	0.17	1	0:00:15.156523
405	4	-1	0.0	0	0:00:15.156909
406	0	0	1.17	1	0:00:15.154357
407	1	1	0.621	1	0:00:15.155892
408	8	8	0.328	1	0:00:15.155498
409	2	5	0.0616	0	0:00:15.154156
410	7	-1	0.0	0	0:00:15.155091
411	9	8	0.569	0	0:00:15.155597
412	3	5	0.38	0	0:00:15.154642
413	6	6	0.432	1	0:00:15.156613
414	1	9	0.166	0	0:00:15.155347
415	9	9	1.17	1	0:00:15.157512
416	0	4	0.677	0	0:00:15.156543
417	7	5	0.0196	0	0:00:15.158162
418	3	5	0.199	0	0:00:15.155559
419	7	5	0.103	0	0:00:15.156178
420	4	5	0.425	0	0:00:15.155504
421	5	5	0.159	1	0:00:15.158178
422	0	0	0.15	1	0:00:15.158152
423	0	4	0.17	0	0:00:15.157557
424	2	4	0.602	0	0:00:15.153625
425	9	9	1.17	1	0:00:15.156283
426	3	9	0.0762	0	0:00:15.155481
427	4	5	0.156	0	0:00:15.156751
428	0	9	0.183	0	0:00:15.156948
429	6	-1	0.0	0	0:00:15.156997
430	2	5	0.377	0	0:00:15.156394
431	5	5	0.0531	1	0:00:15.153819
432	3	-1	0.0	0	0:00:15.156139
433	7	5	0.0103	0	0:00:15.156499
434	3	9	0.91	0	0:00:15.156229
435	7	7	0.313	1	0:00:15.155281
436	2	5	0.396	0	0:00:15.155902
437	5	-1	0.0	0	0:00:15.156121
438	3	5	0.45	0	0:00:15.156277
439	1	9	1.08	0	0:00:15.155832
440	1	-1	0.0	0	0:00:15.153467
441	4	4	0.367	1	0:00:15.149974
442	9	9	1.17	1	0:00:15.157932
443	9	9	0.687	1	0:00:15.155674
444	5	-1	0.0	0	0:00:15.157517
445	7	9	0.0311	0	0:00:15.155334
446	5	4	0.091	0	0:00:15.155446
447	0	0	0.616	1	0:00:15.155731
448	2	4	0.448	0	0:00:15.157490
449	2	4	0.637	0	0:00:15.156743
450	2	-1	0.0	0	0:00:15.157915
451	9	1	0.238	0	0:00:15.158268
452	7	9	0.0379	0	0:00:15.156134
453	3	5	0.0912	0	0:00:15.155005
454	9	9	0.267	1	0:00:15.158413
455	4	5	0.12	0	0:00:15.157704
456	3	2	0.246	0	0:00:15.153139
457	5	9	0.573	0	0:00:15.157446
458	4	6	0.128	0	0:00:15.155670
459	6	9	0.632	0	0:00:15.155583
460	5	5	0.901	1	0:00:15.156270
461	6	3	0.00519	0	0:00:15.155579
462	1	1	0.34	1	0:00:15.156840
463	4	5	0.0335	0	0:00:15.154707
464	3	9	0.172	0	0:00:15.156348
465	4	-1	0.0	0	0:00:15.155125
466	4	-1	0.0	0	0:00:15.155772
467	3	5	0.135	0	0:00:15.155991
468	7	7	0.767	1	0:00:15.158970
469	8	8	1.04	1	0:00:15.156635
470	3	5	0.18	0	0:00:15.158631
471	7	7	0.0517	1	0:00:15.157989
472	8	8	0.936	1	0:00:15.157103
473	0	-1	0.0	0	0:00:15.154922
474	5	5	0.876	1	0:00:15.153033
475	7	7	1.17	1	0:00:15.159414
476	6	4	0.182	0	0:00:15.157862
477	0	9	0.0963	0	0:00:15.157514
478	5	5	0.494	1	0:00:15.158953
479	4	4	0.267	1	0:00:15.158083
480	8	9	0.498	0	0:00:15.155782
481	6	6	0.575	1	0:00:15.155305
482	8	0	0.159	0	0:00:15.158602
483	5	5	0.165	1	0:00:15.157026
484	5	9	0.658	0	0:00:15.157201
485	9	9	0.0862	1	0:00:15.158297
486	9	9	0.674	1	0:00:15.156367
487	9	9	1.17	1	0:00:15.154453
488	5	-1	0.0	0	0:00:15.157656
489	0	-1	0.0	0	0:00:15.153533
490	1	1	0.993	1	0:00:15.154069
491	0	4	0.164	0	0:00:15.155079
492	8	0	0.493	0	0:00:15.156217
493	1	-1	0.0	0	0:00:15.155083
494	1	1	0.15	1	0:00:15.155619
495	8	8	0.123	1	0:00:15.153688
496	0	0	1.12	1	0:00:15.155480
497	2	4	0.872	0	0:00:15.153661
498	2	4	1.0	0	0:00:15.154090
499	0	0	0.179	1	0:00:15.154665
500	4	9	0.242	0	0:00:15.155082
501	6	2	0.0374	0	0:00:15.155389
502	5	5	0.454	1	0:00:15.157399
503	4	-1	0.0	0	0:00:15.155182
504	9	9	0.81	1	0:00:15.155814
505	4	4	0.247	1	0:00:15.153438
506	7	7	0.537	1	0:00:15.152296
507	9	9	0.963	1	0:00:15.155117
508	9	9	0.0712	1	0:00:15.155057
509	4	-1	0.0	0	0:00:15.154750
510	5	5	0.345	1	0:00:15.156162
511	6	6	0.805	1	0:00:15.156152
512	6	6	0.478	1	0:00:15.155437
513	1	9	0.0426	0	0:00:15.156983
514	5	5	0.797	1	0:00:15.155276
515	3	9	0.203	0	0:00:15.156908
516	8	0	0.2	0	0:00:15.154686
517	9	9	1.08	1	0:00:15.157336
518	5	7	0.288	0	0:00:15.156338
519	8	1	0.318	0	0:00:15.154808
520	5	5	0.564	1	0:00:15.154439
521	7	7	1.17	1	0:00:15.155770
522	0	8	0.136	0	0:00:15.153549
523	7	7	0.902	1	0:00:15.154608
524	0	8	0.0402	0	0:00:15.155342
525	5	3	0.108	0	0:00:15.155082
526	0	4	0.438	0	0:00:15.153841
527	0	0	1.17	1	0:00:15.156590
528	4	8	0.0696	0	0:00:15.155293
529	6	6	0.21	1	0:00:15.153767
530	9	9	0.502	1	0:00:15.156132
531	0	9	0.0353	0	0:00:15.155942
532	9	9	0.245	1	0:00:15.153194
533	5	5	0.432	1	0:00:15.154430
534	6	-1	0.0	0	0:00:15.154927
535	6	-1	0.0	0	0:00:15.154296
536	6	6	0.685	1	0:00:15.154685
537	2	-1	0.0	0	0:00:15.156667
538	9	9	0.989	1	0:00:15.156352
539	0	9	0.346	0	0:00:15.154696
540	1	1	0.0579	1	0:00:15.152169
541	7	-1	0.0	0	0:00:15.155835
542	6	-1	0.0	0	0:00:15.154735
543	7	7	0.618	1	0:00:15.157563
544	5	5	0.631	1	0:00:15.154168
545	9	9	1.13	1	0:00:15.157094
546	1	1	0.25	1	0:00:15.153909
547	6	-1	0.0	0	0:00:15.153972
548	2	-1	0.0	0	0:00:15.153356
549	5	-1	0.0	0	0:00:15.152670
550	5	5	0.797	1	0:00:15.154314
551	5	5	0.224	1	0:00:15.155045
552	8	9	0.334	0	0:00:15.154435
553	5	5	0.442	1	0:00:15.155003
554	9	9	0.584	1	0:00:15.154421
555	4	4	0.291	1	0:00:15.155254
556	6	2	0.15	0	0:00:15.154850
557	4	5	0.115	0	0:00:15.149767
558	3	9	0.888	0	0:00:15.158100
559	2	4	0.371	0	0:00:15.155790
560	0	0	0.523	1	0:00:15.153821
561	7	7	0.432	1	0:00:15.155231
562	6	5	0.438	0	0:00:15.156287
563	2	4	0.0548	0	0:00:15.155572
564	2	-1	0.0	0	0:00:15.154815
565	3	3	0.131	1	0:00:15.154391
566	9	9	0.7	1	0:00:15.155566
567	7	9	0.34	0	0:00:15.156836
568	9	9	0.814	1	0:00:15.154483
569	2	-1	0.0	0	0:00:15.158828
570	6	5	0.0847	0	0:00:15.157989
571	7	7	1.17	1	0:00:15.156625
572	1	9	0.671	0	0:00:15.152976
573	3	1	0.181	0	0:00:15.154891
574	6	5	0.381	0	0:00:15.157054
575	6	6	0.254	1	0:00:15.158852
576	8	8	1.02	1	0:00:15.155990
577	9	9	0.305	1	0:00:15.153783
578	7	7	0.241	1	0:00:15.158774
579	5	9	0.483	0	0:00:15.158171
580	4	-1	0.0	0	0:00:15.157578
581	0	0	0.373	1	0:00:15.154645
582	8	8	1.17	1	0:00:15.157163
583	4	-1	0.0	0	0:00:15.157203
584	0	0	0.141	1	0:00:15.158783
585	9	9	0.00929	1	0:00:15.157601
586	3	-1	0.0	0	0:00:15.159789
587	4	4	0.0942	1	0:00:15.164418
588	8	8	0.591	1	0:00:15.165298
589	9	9	1.15	1	0:00:15.164529
590	6	5	0.175	0	0:00:15.157916
591	9	9	0.911	1	0:00:15.165593
592	2	4	0.606	0	0:00:15.161989
593	6	6	0.196	1	0:00:15.161902
594	1	1	0.254	1	0:00:15.163540
595	4	9	0.763	0	0:00:15.163707
596	7	7	0.247	1	0:00:15.159751
597	3	9	0.544	0	0:00:15.161998
598	5	9	0.421	0	0:00:15.162182
599	3	5	0.192	0	0:00:15.156063
600	8	8	0.205	1	0:00:15.156911
601	5	5	0.392	1	0:00:15.158188
602	0	0	0.51	1	0:00:15.156758
603	2	2	0.0576	1	0:00:15.154049
604	1	1	1.17	1	0:00:15.149660
605	6	6	0.744	1	0:00:15.150268
606	4	5	0.0117	0	0:00:15.151946
607	3	5	0.683	0	0:00:15.156491
608	3	9	0.183	0	0:00:15.154718
609	9	9	1.05	1	0:00:15.155121
610	6	6	0.213	1	0:00:15.155620
611	9	9	0.94	1	0:00:15.156245
612	8	1	0.213	0	0:00:15.155479
613	8	8	0.896	1	0:00:15.157739
614	5	5	0.187	1	0:00:15.156475
615	8	9	0.391	0	0:00:15.157720
616	6	3	0.155	0	0:00:15.156976
617	6	5	0.017	0	0:00:15.158289
618	2	5	0.383	0	0:00:15.154020
619	1	1	0.576	1	0:00:15.155860
620	7	7	0.227	1	0:00:15.156819
621	7	9	0.351	0	0:00:15.156747
622	1	1	0.514	1	0:00:15.151475
623	2	9	0.0591	0	0:00:15.161396
624	7	7	0.617	1	0:00:15.155314
625	9	9	0.53	1	0:00:15.155285
626	9	1	0.441	0	0:00:15.157577
627	4	4	0.0121	1	0:00:15.155002
628	4	7	0.653	0	0:00:15.155067
629	1	-1	0.0	0	0:00:15.153789
630	2	4	0.11	0	0:00:15.154995
631	5	5	0.807	1	0:00:15.155491
632	6	5	0.191	0	0:00:15.153931
633	8	4	0.0437	0	0:00:15.153812
634	7	5	0.465	0	0:00:15.154302
635	6	-1	0.0	0	0:00:15.154957
636	8	9	0.578	0	0:00:15.155047
637	3	-1	0.0	0	0:00:15.155016
638	0	9	0.203	0	0:00:15.153112
639	5	9	0.136	0	0:00:15.154169
640	5	5	1.02	1	0:00:15.154890
641	3	5	0.109	0	0:00:15.154009
642	0	8	0.0456	0	0:00:15.155430
643	7	7	1.04	1	0:00:15.155321
644	9	9	0.31	1	0:00:15.156537
645	1	9	0.161	0	0:00:15.156949
646	3	9	0.0596	0	0:00:15.158171
647	4	4	1.02	1	0:00:15.156504
648	4	7	0.114	0	0:00:15.155008
649	5	5	0.566	1	0:00:15.156420
650	3	5	0.429	0	0:00:15.157181
651	9	9	0.993	1	0:00:15.156512
652	5	9	0.379	0	0:00:15.156968
653	6	3	0.156	0	0:00:15.157030
654	9	9	1.02	1	0:00:15.156041
655	2	3	0.0548	0	0:00:15.156379
656	1	9	0.154	0	0:00:15.157002
657	1	9	1.07	0	0:00:15.153739
658	4	4	0.219	1	0:00:15.155229
659	1	1	0.947	1	0:00:15.160289
660	9	9	1.17	1	0:00:15.160799
661	4	-1	0.0	0	0:00:15.157291
662	7	7	1.17	1	0:00:15.157051
663	6	-1	0.0	0	0:00:15.157266
664	3	5	0.224	0	0:00:15.156285
665	8	8	0.457	1	0:00:15.156398
666	9	9	0.326	1	0:00:15.156182
667	0	8	0.416	0	0:00:15.155991
668	1	9	0.114	0	0:00:15.155519
669	3	5	0.723	0	0:00:15.156170
670	6	6	0.323	1	0:00:15.154044
671	3	9	0.424	0	0:00:15.155709
672	6	-1	0.0	0	0:00:15.155094
673	3	5	0.256	0	0:00:15.155672
674	2	4	0.0499	0	0:00:15.158623
675	0	8	0.165	0	0:00:15.158079
676	3	2	0.075	0	0:00:15.156885
677	1	1	0.258	1	0:00:15.155744
678	0	-1	0.0	0	0:00:15.156204
679	5	5	0.294	1	0:00:15.158417
680	9	9	0.726	1	0:00:15.154194
681	6	-1	0.0	0	0:00:15.151645
682	4	-1	0.0	0	0:00:15.151062
683	8	8	0.0927	1	0:00:15.152977
684	9	9	0.583	1	0:00:15.154429
685	6	4	0.627	0	0:00:15.155604
686	9	9	0.159	1	0:00:15.155904
687	6	9	0.28	0	0:00:15.157691
688	3	2	0.136	0	0:00:15.157532
689	0	-1	0.0	0	0:00:15.153507
690	3	5	0.244	0	0:00:15.156337
691	2	5	0.397	0	0:00:15.155999
692	2	4	1.13	0	0:00:15.154757
693	7	7	0.648	1	0:00:15.157033
694	8	-1	0.0	0	0:00:15.158069
695	3	5	0.201	0	0:00:15.156018
696	8	8	0.392	1	0:00:15.156431
697	2	-1	0.0	0	0:00:15.155852
698	7	7	0.317	1	0:00:15.159335
699	5	5	0.152	1	0:00:15.158993
700	7	9	0.521	0	0:00:15.157469
701	2	-1	0.0	0	0:00:15.159663
702	4	5	0.355	0	0:00:15.159760
703	8	4	0.0418	0	0:00:15.158098
704	7	5	0.0451	0	0:00:15.156297
705	4	4	0.0533	1	0:00:15.152797
706	2	0	0.144	0	0:00:15.159190
707	9	9	1.01	1	0:00:15.153871
708	8	8	0.287	1	0:00:15.155463
709	8	8	0.341	1	0:00:15.155165
710	6	4	0.274	0	0:00:15.154109
711	8	8	0.112	1	0:00:15.155728
712	8	8	0.0624	1	0:00:15.154835
713	7	-1	0.0	0	0:00:15.153540
714	4	5	0.202	0	0:00:15.154258
715	3	9	0.41	0	0:00:15.152424
716	3	2	0.15	0	0:00:15.152816
717	8	9	0.355	0	0:00:15.151134
718	4	5	0.127	0	0:00:15.154160
719	9	-1	0.0	0	0:00:15.154140
720	4	9	0.639	0	0:00:15.149712
721	8	8	0.584	1	0:00:15.156197
722	8	8	0.989	1	0:00:15.154495
723	1	1	0.0576	1	0:00:15.189348
724	8	8	1.13	1	0:00:15.155352
725	2	-1	0.0	0	0:00:15.155367
726	1	1	1.17	1	0:00:15.155330
727	3	5	0.401	0	0:00:15.155885
728	6	-1	0.0	0	0:00:15.156033
729	5	-1	0.0	0	0:00:15.153850
730	4	9	0.255	0	0:00:15.156720
731	2	0	0.384	0	0:00:15.157795
732	7	7	1.17	1	0:00:15.157674
733	9	9	0.456	1	0:00:15.157510
734	9	9	1.17	1	0:00:15.157286
735	4	4	0.499	1	0:00:15.156478
736	1	9	0.296	0	0:00:15.155747
737	4	4	0.919	1	0:00:15.150875
738	1	1	0.509	1	0:00:15.157976
739	3	5	0.186	0	0:00:15.156246
740	2	5	0.819	0	0:00:15.155763
741	7	7	1.17	1	0:00:15.158165
742	0	8	0.149	0	0:00:15.155608
743	7	7	0.979	1	0:00:15.154716
744	9	9	0.291	1	0:00:15.154730
745	7	7	0.0379	1	0:00:15.159702
746	6	-1	0.0	0	0:00:15.155735
747	6	5	0.0243	0	0:00:15.156144
748	2	4	0.385	0	0:00:15.155303
749	5	5	1.05	1	0:00:15.155921
750	9	9	0.211	1	0:00:15.154998
751	2	4	0.415	0	0:00:15.156076
752	9	9	1.13	1	0:00:15.155175
753	1	1	0.32	1	0:00:15.155192
754	2	4	0.1	0	0:00:15.152702
755	2	4	0.401	0	0:00:15.157606
756	6	-1	0.0	0	0:00:15.155708
757	8	8	0.125	1	0:00:15.157225
758	2	-1	0.0	0	0:00:15.157943
759	1	1	0.601	1	0:00:15.155381
760	3	9	0.562	0	0:00:15.157291
761	6	5	0.0507	0	0:00:15.158777
762	6	-1	0.0	0	0:00:15.157411
763	0	4	0.161	0	0:00:15.155838
764	1	1	0.261	1	0:00:15.155667
765	2	2	0.27	1	0:00:15.157566
766	7	-1	0.0	0	0:00:15.155727
767	0	9	1.1	0	0:00:15.155658
768	5	5	0.771	1	0:00:15.154793
769	4	0	0.0348	0	0:00:15.154589
770	6	9	0.511	0	0:00:15.153043
771	1	1	0.166	1	0:00:15.155102
772	6	-1	0.0	0	0:00:15.153170
773	4	3	0.0117	0	0:00:15.155813
774	0	0	0.34	1	0:00:15.155735
775	2	5	0.00301	0	0:00:15.152816
776	2	5	0.479	0	0:00:15.155166
777	6	-1	0.0	0	0:00:15.152024
778	0	4	0.0447	0	0:00:15.156454
779	5	9	0.181	0	0:00:15.155219
780	9	9	0.384	1	0:00:15.156340
781	1	1	0.503	1	0:00:15.157004
782	7	7	0.327	1	0:00:15.157358
783	6	-1	0.0	0	0:00:15.156556
784	7	3	0.169	0	0:00:15.157886
785	0	8	0.169	0	0:00:15.159033
786	3	-1	0.0	0	0:00:15.155651
787	9	9	0.788	1	0:00:15.151901
788	6	-1	0.0	0	0:00:15.156458
789	8	8	0.0639	1	0:00:15.155124
790	3	0	1.15	0	0:00:15.152559
791	0	0	1.17	1	0:00:15.154294
792	3	7	0.0995	0	0:00:15.154845
793	4	9	0.221	0	0:00:15.154616
794	7	7	0.491	1	0:00:15.158307
795	7	7	0.381	1	0:00:15.156062
796	1	9	0.315	0	0:00:15.155794
797	4	5	0.262	0	0:00:15.155651
798	7	5	0.161	0	0:00:15.154214
799	2	4	0.44	0	0:00:15.153647
800	7	7	0.513	1	0:00:15.151514
801	1	9	0.0248	0	0:00:15.154956
802	4	4	1.06	1	0:00:15.153006
803	7	7	1.17	1	0:00:15.153458
804	4	-1	0.0	0	0:00:15.161485
805	4	2	0.473	0	0:00:15.161307
806	8	-1	0.0	0	0:00:15.162244
807	4	2	0.0165	0	0:00:15.155304
808	7	9	0.0475	0	0:00:15.171498
809	7	9	0.279	0	0:00:15.178437
810	5	5	0.395	1	0:00:15.156277
811	3	5	0.733	0	0:00:15.157081
812	7	7	1.07	1	0:00:15.154601
813	2	3	0.263	0	0:00:15.151424
814	0	9	0.337	0	0:00:15.149953
815	8	8	0.311	1	0:00:15.150574
816	9	9	1.15	1	0:00:15.151425
817	5	5	0.436	1	0:00:15.155088
818	8	-1	0.0	0	0:00:15.155533
819	3	9	0.0357	0	0:00:15.157065
820	6	5	0.229	0	0:00:15.155442
821	2	5	0.117	0	0:00:15.151348
822	0	0	0.0288	1	0:00:15.157794
823	8	8	0.907	1	0:00:15.158583
824	7	7	0.925	1	0:00:15.158135
825	3	-1	0.0	0	0:00:15.157712
826	7	9	0.0173	0	0:00:15.157518
827	6	-1	0.0	0	0:00:15.157064
828	5	7	0.409	0	0:00:15.155391
829	3	-1	0.0	0	0:00:15.151387
830	1	9	0.294	0	0:00:15.147150
831	3	-1	0.0	0	0:00:15.149361
832	2	4	0.201	0	0:00:15.147222
833	2	5	0.947	0	0:00:15.150765
834	5	3	0.0594	0	0:00:15.154546
835	4	9	0.602	0	0:00:15.156513
836	1	-1	0.0	0	0:00:15.155325
837	2	4	0.124	0	0:00:15.149678
838	9	9	0.678	1	0:00:15.158675
839	2	4	0.803	0	0:00:15.157025
840	7	7	1.17	1	0:00:15.156700
841	0	0	0.124	1	0:00:15.156860
842	7	7	1.17	1	0:00:15.156479
843	2	4	0.201	0	0:00:15.158295
844	1	9	0.516	0	0:00:15.157186
845	3	3	0.104	1	0:00:15.157182
846	2	3	0.157	0	0:00:15.157250
847	0	0	0.252	1	0:00:15.156440
848	2	6	0.17	0	0:00:15.155717
849	4	4	0.309	1	0:00:15.156953
850	7	9	0.0965	0	0:00:15.156481
851	9	1	0.0877	0	0:00:15.157204
852	8	8	0.46	1	0:00:15.156435
853	9	9	0.59	1	0:00:15.156393
854	0	4	0.0628	0	0:00:15.153180
855	7	7	0.425	1	0:00:15.157373
856	7	7	0.418	1	0:00:15.156724
857	0	4	0.115	0	0:00:15.157001
858	7	7	1.17	1	0:00:15.157101
859	8	9	0.523	0	0:00:15.154640
860	4	4	0.292	1	0:00:15.156596
861	6	3	0.0569	0	0:00:15.155885
862	3	6	0.243	0	0:00:15.155407
863	3	4	0.129	0	0:00:15.153893
864	0	0	0.912	1	0:00:15.152664
865	1	1	0.831	1	0:00:15.150961
866	3	9	0.11	0	0:00:15.155899
867	7	7	0.526	1	0:00:15.154756
868	0	0	0.878	1	0:00:15.154626
869	1	9	0.681	0	0:00:15.156101
870	3	-1	0.0	0	0:00:15.157507
871	1	1	1.15	1	0:00:15.155169
872	4	3	0.322	0	0:00:15.154211
873	2	4	1.12	0	0:00:15.152978
874	3	5	0.977	0	0:00:15.155541
875	8	9	0.288	0	0:00:15.153153
876	4	4	0.344	1	0:00:15.158085
877	2	5	1.1	0	0:00:15.154620
878	3	5	0.0527	0	0:00:15.154322
879	7	7	0.895	1	0:00:15.154452
880	8	8	0.754	1	0:00:15.156606
881	4	8	0.0206	0	0:00:15.156860
882	3	4	0.0798	0	0:00:15.158218
883	0	0	0.181	1	0:00:15.157165
884	9	9	1.17	1	0:00:15.157447
885	0	4	0.0928	0	0:00:15.157365
886	0	1	0.0566	0	0:00:15.157780
887	1	1	0.0285	1	0:00:15.154952
888	0	8	0.0469	0	0:00:15.154217
889	4	4	0.0988	1	0:00:15.157055
890	4	9	0.398	0	0:00:15.158401
891	6	6	0.152	1	0:00:15.156553
892	7	7	0.0314	1	0:00:15.156879
893	6	5	0.285	0	0:00:15.156235
894	1	9	0.316	0	0:00:15.154963
895	1	9	0.709	0	0:00:15.156213
896	3	-1	0.0	0	0:00:15.157643
897	7	7	0.456	1	0:00:15.154940
898	3	5	0.0426	0	0:00:15.158454
899	5	5	1.0	1	0:00:15.158463
900	2	2	0.307	1	0:00:15.158092
901	6	-1	0.0	0	0:00:15.157661
902	6	6	0.889	1	0:00:15.158464
903	5	-1	0.0	0	0:00:15.156202
904	8	8	0.517	1	0:00:15.154013
905	7	5	0.059	0	0:00:15.156823
906	1	1	0.162	1	0:00:15.158193
907	6	3	0.224	0	0:00:15.156244
908	8	-1	0.0	0	0:00:15.159234
909	8	8	0.181	1	0:00:15.157759
910	5	5	0.0594	1	0:00:15.156533
911	3	5	1.15	0	0:00:15.154134
912	0	4	0.195	0	0:00:15.156271
913	4	5	0.321	0	0:00:15.155371
914	0	3	0.155	0	0:00:15.158926
915	1	1	1.05	1	0:00:15.158049
916	3	5	0.0516	0	0:00:15.157660
917	8	8	0.42	1	0:00:15.156952
918	8	8	0.531	1	0:00:15.158974
919	0	4	0.401	0	0:00:15.153734
920	6	-1	0.0	0	0:00:15.157307
921	9	9	1.17	1	0:00:15.153354
922	9	9	0.266	1	0:00:15.156159
923	9	9	0.69	1	0:00:15.155246
924	5	9	0.983	0	0:00:15.155825
925	5	5	0.744	1	0:00:15.156378
926	8	8	0.637	1	0:00:15.157466
927	6	3	0.0567	0	0:00:15.154183
928	0	4	0.563	0	0:00:15.157592
929	0	8	0.805	0	0:00:15.157093
930	4	4	0.16	1	0:00:15.156803
931	2	5	0.378	0	0:00:15.156046
932	3	5	0.17	0	0:00:15.156192
933	2	5	0.332	0	0:00:15.156675
934	7	7	1.17	1	0:00:15.157051
935	2	5	0.0594	0	0:00:15.156849
936	2	4	0.0472	0	0:00:15.153243
937	5	-1	0.0	0	0:00:15.155552
938	9	1	0.338	0	0:00:15.157454
939	8	8	1.17	1	0:00:15.154346
940	9	9	0.963	1	0:00:15.153620
941	1	1	0.381	1	0:00:15.155686
942	7	-1	0.0	0	0:00:15.159374
943	4	2	0.454	0	0:00:15.156703
944	0	0	0.3	1	0:00:15.158320
945	3	5	0.613	0	0:00:15.157203
946	0	0	1.15	1	0:00:15.154212
947	1	1	0.165	1	0:00:15.155028
948	3	5	0.301	0	0:00:15.158199
949	8	8	0.384	1	0:00:15.156202
950	3	5	0.115	0	0:00:15.155496
951	9	1	0.036	0	0:00:15.157358
952	6	6	0.357	1	0:00:15.150987
953	1	9	0.673	0	0:00:15.158574
954	4	4	0.462	1	0:00:15.155960
955	7	7	0.967	1	0:00:15.157089
956	0	9	0.0593	0	0:00:15.159199
957	3	9	0.0383	0	0:00:15.155988
958	7	7	1.02	1	0:00:15.157913
959	8	9	0.0763	0	0:00:15.158107
960	9	9	1.15	1	0:00:15.157678
961	1	1	0.327	1	0:00:15.157678
962	1	1	0.32	1	0:00:15.154696
963	6	6	0.379	1	0:00:15.155079
964	6	5	0.108	0	0:00:15.156253
965	6	4	0.253	0	0:00:15.156763
966	6	9	0.283	0	0:00:15.155463
967	9	9	0.932	1	0:00:15.154907
968	1	1	0.721	1	0:00:15.156362
969	9	9	0.53	1	0:00:15.155817
970	9	9	1.12	1	0:00:15.155635
971	4	5	0.0009	0	0:00:15.155295
972	2	5	0.533	0	0:00:15.155488
973	1	1	1.1	1	0:00:15.157094
974	7	4	0.799	0	0:00:15.155570
975	0	0	0.881	1	0:00:15.153685
976	6	-1	0.0	0	0:00:15.157215
977	8	8	0.529	1	0:00:15.155380
978	1	9	0.0755	0	0:00:15.157147
979	9	1	0.033	0	0:00:15.155719
980	2	-1	0.0	0	0:00:15.156894
981	9	9	0.628	1	0:00:15.157904
982	0	9	0.282	0	0:00:15.155450
983	4	4	0.0724	1	0:00:15.155638
984	7	7	0.817	1	0:00:15.156112
985	8	8	1.17	1	0:00:15.154412
986	3	5	0.161	0	0:00:15.157671
987	1	1	0.408	1	0:00:15.157314
988	2	5	0.368	0	0:00:15.157866
989	0	4	0.433	0	0:00:15.156497
990	1	9	0.242	0	0:00:15.157322
991	5	5	0.0858	1	0:00:15.157099
992	8	8	0.534	1	0:00:15.157453
993	4	7	0.156	0	0:00:15.156007
994	6	-1	0.0	0	0:00:15.157122
995	3	5	0.0698	0	0:00:15.157404
996	8	-1	0.0	0	0:00:15.158540
997	1	9	0.105	0	0:00:15.156726
998	3	5	0.354	0	0:00:15.159009
999	8	8	0.1	1	0:00:15.157438
1000	5	5	0.67	1	0:00:15.157639
1001	0	8	0.00587	0	0:00:15.156172
1002	8	9	0.338	0	0:00:15.156214
1003	4	4	0.617	1	0:00:15.156416
1004	8	8	0.162	1	0:00:15.156509
1005	1	9	0.909	0	0:00:15.156885
1006	1	1	0.431	1	0:00:15.157748
1007	8	-1	0.0	0	0:00:15.158564
1008	9	9	0.283	1	0:00:15.158015
1009	6	-1	0.0	0	0:00:15.156299
1010	0	0	1.17	1	0:00:15.155842
1011	8	-1	0.0	0	0:00:15.158571
1012	6	3	0.0507	0	0:00:15.156155
1013	1	1	1.17	1	0:00:15.156179
1014	3	5	0.103	0	0:00:15.158096
1015	4	4	0.175	1	0:00:15.157375
1016	1	1	0.889	1	0:00:15.157323
1017	6	-1	0.0	0	0:00:15.156346
1018	0	0	0.457	1	0:00:15.156119
1019	5	-1	0.0	0	0:00:15.153505
1020	1	1	0.628	1	0:00:15.155662
1021	1	8	0.194	0	0:00:15.158967
1022	0	0	0.634	1	0:00:15.157065
1023	0	-1	0.0	0	0:00:15.157045
1024	3	5	0.174	0	0:00:15.158060
1025	5	5	0.0361	1	0:00:15.157837
1026	0	0	0.359	1	0:00:15.154980
1027	0	-1	0.0	0	0:00:15.155221
1028	6	6	0.69	1	0:00:15.156935
1029	6	6	0.66	1	0:00:15.154501
1030	3	9	0.822	0	0:00:15.156134
1031	3	8	0.269	0	0:00:15.156571
1032	6	5	0.259	0	0:00:15.152862
1033	3	3	0.016	1	0:00:15.156847
1034	6	5	0.712	0	0:00:15.153954
1035	6	5	0.0752	0	0:00:15.154939
1036	0	-1	0.0	0	0:00:15.151744
1037	7	7	0.167	1	0:00:15.157437
1038	2	-1	0.0	0	0:00:15.155196
1039	2	2	0.246	1	0:00:15.156198
1040	7	5	0.745	0	0:00:15.154059
1041	5	-1	0.0	0	0:00:15.155951
1042	5	5	0.0833	1	0:00:15.154882
1043	2	4	0.315	0	0:00:15.156502
1044	8	8	0.372	1	0:00:15.155681
1045	5	5	0.196	1	0:00:15.156326
1046	2	4	0.386	0	0:00:15.155154
1047	1	9	0.0291	0	0:00:15.156748
1048	1	-1	0.0	0	0:00:15.155450
1049	4	5	0.324	0	0:00:15.156629
1050	3	7	0.54	0	0:00:15.153211
1051	2	4	0.0699	0	0:00:15.155467
1052	0	-1	0.0	0	0:00:15.157406
1053	3	-1	0.0	0	0:00:15.152887
1054	1	9	0.0946	0	0:00:15.156884
1055	5	5	0.0772	1	0:00:15.156401
1056	3	9	0.224	0	0:00:15.156195
1057	7	9	0.393	0	0:00:15.156952
1058	6	9	0.00495	0	0:00:15.155810
1059	8	-1	0.0	0	0:00:15.155311
1060	9	9	1.17	1	0:00:15.158440
1061	1	9	0.0353	0	0:00:15.157999
1062	6	-1	0.0	0	0:00:15.155896
1063	4	5	0.219	0	0:00:15.156725
1064	9	9	0.147	1	0:00:15.155465
1065	3	9	1.15	0	0:00:15.154125
1066	9	1	0.778	0	0:00:15.155516
1067	0	0	0.551	1	0:00:15.158131
1068	9	9	0.811	1	0:00:15.154872
1069	6	-1	0.0	0	0:00:15.156277
1070	3	5	0.822	0	0:00:15.157304
1071	6	-1	0.0	0	0:00:15.154947
1072	0	8	0.226	0	0:00:15.156577
1073	7	7	1.13	1	0:00:15.155601
1074	3	5	0.39	0	0:00:15.154953
1075	8	8	0.0255	1	0:00:15.155260
1076	0	8	0.101	0	0:00:15.154861
1077	0	0	1.06	1	0:00:15.157237
1078	0	0	1.17	1	0:00:15.155808
1079	6	9	0.366	0	0:00:15.155887
1080	6	3	0.614	0	0:00:15.155780
1081	6	-1	0.0	0	0:00:15.156837
1082	9	9	0.966	1	0:00:15.156757
1083	2	3	0.0227	0	0:00:15.156904
1084	5	4	0.414	0	0:00:15.157858
1085	4	4	0.119	1	0:00:15.155199
1086	4	5	0.25	0	0:00:15.156391
1087	6	9	0.279	0	0:00:15.156279
1088	3	5	0.561	0	0:00:15.154718
1089	6	-1	0.0	0	0:00:15.154737
1090	0	0	0.47	1	0:00:15.156678
1091	8	8	0.787	1	0:00:15.155250
1092	6	-1	0.0	0	0:00:15.154302
1093	0	4	0.391	0	0:00:15.155255
1094	6	5	0.109	0	0:00:15.156847
1095	2	4	0.345	0	0:00:15.155071
1096	7	7	0.794	1	0:00:15.154691
1097	5	9	0.288	0	0:00:15.157312
1098	1	1	0.913	1	0:00:15.157896
1099	2	4	0.122	0	0:00:15.156779
1100	7	9	0.607	0	0:00:15.159346
1101	8	8	0.245	1	0:00:15.152094
1102	8	9	0.47	0	0:00:15.158454
1103	0	0	0.452	1	0:00:15.152932
1104	9	9	1.17	1	0:00:15.156847
1105	4	-1	0.0	0	0:00:15.155167
1106	9	9	0.646	1	0:00:15.156359
1107	7	7	0.998	1	0:00:15.157257
1108	2	5	0.00397	0	0:00:15.156724
1109	0	1	0.352	0	0:00:15.156484
1110	2	4	0.25	0	0:00:15.156802
1111	8	8	0.993	1	0:00:15.156529
1112	3	5	0.129	0	0:00:15.157045
1113	8	8	0.0454	1	0:00:15.157096
1114	9	9	1.17	1	0:00:15.155894
1115	1	9	0.202	0	0:00:15.156221
1116	5	5	0.346	1	0:00:15.153591
1117	5	-1	0.0	0	0:00:15.158538
1118	4	7	0.113	0	0:00:15.159036
1119	7	7	1.17	1	0:00:15.157276
1120	5	5	0.374	1	0:00:15.159468
1121	3	5	0.154	0	0:00:15.155158
1122	8	0	0.526	0	0:00:15.154422
1123	3	5	0.0952	0	0:00:15.158220
1124	3	4	0.621	0	0:00:15.156675
1125	6	6	0.0334	1	0:00:15.155267
1126	2	4	0.158	0	0:00:15.155960
1127	8	8	0.186	1	0:00:15.155960
1128	4	9	0.167	0	0:00:15.156663
1129	3	-1	0.0	0	0:00:15.155305
1130	7	9	0.565	0	0:00:15.156004
1131	1	9	0.74	0	0:00:15.156141
1132	2	9	0.538	0	0:00:15.151711
1133	4	-1	0.0	0	0:00:15.154874
1134	1	1	0.375	1	0:00:15.155770
1135	6	5	0.401	0	0:00:15.156103
1136	9	9	1.17	1	0:00:15.156709
1137	0	9	0.563	0	0:00:15.157854
1138	5	9	0.0494	0	0:00:15.157592
1139	8	8	0.411	1	0:00:15.158082
1140	6	2	0.197	0	0:00:15.157055
1141	1	1	0.0329	1	0:00:15.157628
1142	8	9	0.455	0	0:00:15.159260
1143	6	-1	0.0	0	0:00:15.157242
1144	1	8	0.501	0	0:00:15.156035
1145	4	4	0.0786	1	0:00:15.158457
1146	2	4	0.539	0	0:00:15.161361
1147	6	-1	0.0	0	0:00:15.161238
1148	2	-1	0.0	0	0:00:15.153716
1149	7	9	0.463	0	0:00:15.158576
1150	2	1	0.136	0	0:00:15.165452
1151	2	-1	0.0	0	0:00:15.161959
1152	0	-1	0.0	0	0:00:15.161861
1153	8	9	0.203	0	0:00:15.162012
1154	6	6	0.624	1	0:00:15.158586
1155	9	1	0.305	0	0:00:15.157732
1156	1	9	0.0765	0	0:00:15.158601
1157	7	-1	0.0	0	0:00:15.158335
1158	1	1	0.321	1	0:00:15.157928
1159	8	9	0.448	0	0:00:15.161046
1160	8	8	0.489	1	0:00:15.163014
1161	0	0	0.674	1	0:00:15.159549
1162	7	7	0.679	1	0:00:15.156885
1163	3	5	0.455	0	0:00:15.157217
1164	8	8	0.623	1	0:00:15.158015
1165	0	0	0.216	1	0:00:15.154396
1166	3	-1	0.0	0	0:00:15.156163
1167	4	5	0.239	0	0:00:15.152342
1168	3	7	0.428	0	0:00:15.154311
1169	7	7	0.709	1	0:00:15.153739
1170	7	-1	0.0	0	0:00:15.156655
1171	9	9	1.01	1	0:00:15.154330
1172	2	5	0.24	0	0:00:15.153015
1173	3	9	0.182	0	0:00:15.156938
1174	1	1	0.872	1	0:00:15.158385
1175	9	9	0.389	1	0:00:15.156343
1176	1	1	0.161	1	0:00:15.156951
1177	9	1	0.498	0	0:00:15.156075
1178	6	3	0.323	0	0:00:15.157245
1179	3	5	0.583	0	0:00:15.156621
1180	3	3	0.199	1	0:00:15.155743
1181	3	5	0.237	0	0:00:15.156401
1182	1	1	0.462	1	0:00:15.150428
1183	0	0	0.179	1	0:00:15.160136
1184	6	3	0.0325	0	0:00:15.156080
1185	1	9	0.798	0	0:00:15.157544
1186	4	4	0.395	1	0:00:15.157459
1187	1	9	0.209	0	0:00:15.156028
1188	0	0	0.00435	1	0:00:15.156147
1189	0	0	0.454	1	0:00:15.154681
1190	1	1	0.706	1	0:00:15.154405
1191	1	1	0.8	1	0:00:15.154435
1192	6	-1	0.0	0	0:00:15.155476
1193	5	5	0.166	1	0:00:15.157659
1194	4	-1	0.0	0	0:00:15.154912
1195	6	-1	0.0	0	0:00:15.154364
1196	2	-1	0.0	0	0:00:15.156868
1197	0	4	0.343	0	0:00:15.157042
1198	7	7	1.17	1	0:00:15.155836
1199	9	9	0.36	1	0:00:15.154937
1200	8	8	0.122	1	0:00:15.157787
1201	7	7	0.599	1	0:00:15.155142
1202	2	5	0.6	0	0:00:15.155183
1203	0	8	0.163	0	0:00:15.156411
1204	6	6	0.00217	1	0:00:15.155557
1205	8	8	0.916	1	0:00:15.148971
1206	1	1	0.507	1	0:00:15.146528
1207	4	1	0.276	0	0:00:15.148464
1208	3	-1	0.0	0	0:00:15.148369
1209	7	7	0.803	1	0:00:15.153234
1210	0	0	0.253	1	0:00:15.150769
1211	6	-1	0.0	0	0:00:15.150956
1212	1	1	0.0828	1	0:00:15.152329
1213	8	8	1.05	1	0:00:15.152244
1214	5	9	0.173	0	0:00:15.151804
1215	7	7	1.17	1	0:00:15.153684
1216	8	1	0.358	0	0:00:15.151189
1217	4	5	0.549	0	0:00:15.151421
1218	8	8	0.233	1	0:00:15.156276
1219	3	5	0.462	0	0:00:15.154008
1220	9	5	0.0644	0	0:00:15.157161
1221	9	9	0.834	1	0:00:15.155832
1222	9	9	0.369	1	0:00:15.154885
1223	8	0	0.786	0	0:00:15.157150
1224	7	4	0.108	0	0:00:15.157818
1225	6	-1	0.0	0	0:00:15.157272
1226	6	-1	0.0	0	0:00:15.154767
1227	3	9	0.235	0	0:00:15.155872
1228	5	5	0.234	1	0:00:15.155580
1229	1	1	0.1	1	0:00:15.155419
1230	5	5	0.521	1	0:00:15.161804
1231	9	9	1.08	1	0:00:15.154928
1232	1	1	0.782	1	0:00:15.149729
1233	4	4	0.491	1	0:00:15.159186
1234	1	1	1.17	1	0:00:15.159226
1235	5	4	0.187	0	0:00:15.155612
1236	7	5	0.543	0	0:00:15.155952
1237	0	0	0.278	1	0:00:15.156827
1238	1	1	0.315	1	0:00:15.155715
1239	5	5	0.0268	1	0:00:15.160825
1240	2	-1	0.0	0	0:00:15.163952
1241	0	8	0.589	0	0:00:15.157552
1242	8	9	0.532	0	0:00:15.155005
1243	8	8	0.246	1	0:00:15.163719
1244	5	5	0.488	1	0:00:15.173313
1245	6	-1	0.0	0	0:00:15.159217
1246	7	9	0.171	0	0:00:15.154391
1247	3	5	0.444	0	0:00:15.153956
1248	2	4	0.938	0	0:00:15.148909
1249	4	-1	0.0	0	0:00:15.149951
1250	7	7	1.06	1	0:00:15.152292
1251	2	9	0.437	0	0:00:15.149922
1252	5	5	0.667	1	0:00:15.151678
1253	8	1	0.37	0	0:00:15.150160
1254	2	0	0.0565	0	0:00:15.150071
1255	4	4	0.752	1	0:00:15.153499
1256	9	8	0.422	0	0:00:15.154506
1257	2	-1	0.0	0	0:00:15.152723
1258	1	1	0.705	1	0:00:15.155825
1259	8	8	0.526	1	0:00:15.152911
1260	1	9	0.133	0	0:00:15.154957
1261	9	9	0.412	1	0:00:15.154331
1262	8	8	0.998	1	0:00:15.155116
1263	8	8	0.192	1	0:00:15.153620
1264	8	8	0.152	1	0:00:15.151653
1265	9	9	0.201	1	0:00:15.155901
1266	0	8	0.546	0	0:00:15.157434
1267	4	7	0.0452	0	0:00:15.157775
1268	3	5	0.0541	0	0:00:15.155512
1269	3	5	0.268	0	0:00:15.154193
1270	1	1	0.148	1	0:00:15.156785
1271	8	-1	0.0	0	0:00:15.158480
1272	4	7	0.861	0	0:00:15.156085
1273	6	-1	0.0	0	0:00:15.156136
1274	3	-1	0.0	0	0:00:15.156561
1275	3	9	0.14	0	0:00:15.156399
1276	5	-1	0.0	0	0:00:15.154049
1277	2	9	0.197	0	0:00:15.155952
1278	2	4	0.421	0	0:00:15.155834
1279	8	8	0.116	1	0:00:15.154620
1280	3	7	0.0861	0	0:00:15.150318
1281	8	8	0.732	1	0:00:15.157569
1282	9	9	1.08	1	0:00:15.157521
1283	5	5	0.664	1	0:00:15.155338
1284	8	8	0.275	1	0:00:15.155072
1285	9	9	0.663	1	0:00:15.155320
1286	8	8	0.188	1	0:00:15.157697
1287	9	9	0.641	1	0:00:15.158288
1288	1	9	0.266	0	0:00:15.154716
1289	6	-1	0.0	0	0:00:15.157107
1290	5	9	0.55	0	0:00:15.156444
1291	9	9	0.25	1	0:00:15.156015
1292	4	-1	0.0	0	0:00:15.157305
1293	4	5	0.256	0	0:00:15.155693
1294	8	8	0.32	1	0:00:15.156729
1295	0	0	1.09	1	0:00:15.156937
1296	7	7	1.12	1	0:00:15.157144
1297	2	4	0.279	0	0:00:15.153226
1298	9	9	1.17	1	0:00:15.154272
1299	7	9	1.04	0	0:00:15.155312
1300	4	3	0.149	0	0:00:15.155945
1301	1	1	1.15	1	0:00:15.155700
1302	6	5	0.26	0	0:00:15.155618
1303	4	2	0.714	0	0:00:15.155883
1304	4	0	0.216	0	0:00:15.157053
1305	9	9	0.832	1	0:00:15.155954
1306	1	5	0.00396	0	0:00:15.156419
1307	2	4	1.15	0	0:00:15.156919
1308	5	2	0.0513	0	0:00:15.154524
1309	6	3	0.021	0	0:00:15.155680
1310	0	0	1.03	1	0:00:15.152850
1311	8	8	1.04	1	0:00:15.155947
1312	6	-1	0.0	0	0:00:15.155686
1313	1	1	0.307	1	0:00:15.150774
1314	9	9	1.1	1	0:00:15.155891
1315	4	4	0.497	1	0:00:15.152999
1316	5	5	0.148	1	0:00:15.154085
1317	9	9	1.17	1	0:00:15.156684
1318	5	5	0.242	1	0:00:15.157893
1319	0	4	0.856	0	0:00:15.156654
1320	7	4	0.397	0	0:00:15.154326
1321	2	4	0.0129	0	0:00:15.153952
1322	0	9	0.625	0	0:00:15.154727
1323	0	9	0.288	0	0:00:15.157095
1324	4	9	0.349	0	0:00:15.159052
1325	2	4	0.0234	0	0:00:15.156090
1326	6	-1	0.0	0	0:00:15.156653
1327	6	6	0.197	1	0:00:15.158086
1328	5	5	0.215	1	0:00:15.151015
1329	5	7	0.753	0	0:00:15.156436
1330	2	5	0.522	0	0:00:15.154881
1331	8	8	0.764	1	0:00:15.153309
1332	1	9	0.352	0	0:00:15.154911
1333	7	4	0.456	0	0:00:15.155332
1334	3	4	0.0837	0	0:00:15.155625
1335	1	1	0.0495	1	0:00:15.154655
1336	4	4	0.149	1	0:00:15.153872
1337	5	4	0.18	0	0:00:15.155413
1338	6	6	0.131	1	0:00:15.155114
1339	5	9	0.163	0	0:00:15.156996
1340	1	9	1.17	0	0:00:15.154120
1341	4	-1	0.0	0	0:00:15.154527
1342	7	9	0.821	0	0:00:15.153676
1343	0	0	0.192	1	0:00:15.155353
1344	9	9	1.17	1	0:00:15.155128
1345	4	4	0.604	1	0:00:15.150178
1346	3	9	0.31	0	0:00:15.157489
1347	8	8	0.0891	1	0:00:15.155143
1348	2	5	0.338	0	0:00:15.154435
1349	8	8	0.253	1	0:00:15.154866
1350	4	6	0.0555	0	0:00:15.155042
1351	7	7	1.17	1	0:00:15.153938
1352	2	1	0.0383	0	0:00:15.153299
1353	3	9	0.186	0	0:00:15.155247
1354	1	9	0.25	0	0:00:15.153961
1355	5	5	0.462	1	0:00:15.153517
1356	2	9	0.132	0	0:00:15.155986
1357	9	9	0.614	1	0:00:15.156723
1358	8	1	0.534	0	0:00:15.154555
1359	9	9	1.17	1	0:00:15.153026
1360	7	-1	0.0	0	0:00:15.155117
1361	9	9	0.91	1	0:00:15.151734
1362	5	4	0.438	0	0:00:15.150587
1363	1	1	1.1	1	0:00:15.156585
1364	4	4	0.584	1	0:00:15.155752
1365	0	0	1.13	1	0:00:15.154008
1366	8	8	0.763	1	0:00:15.155212
1367	2	4	0.165	0	0:00:15.155743
1368	3	5	0.652	0	0:00:15.153734
1369	8	8	0.109	1	0:00:15.154599
1370	9	9	0.296	1	0:00:15.157022
1371	1	1	0.407	1	0:00:15.151984
1372	1	9	0.463	0	0:00:15.153784
1373	3	5	0.0274	0	0:00:15.157306
1374	2	4	0.188	0	0:00:15.154845
1375	4	7	0.0059	0	0:00:15.155452
1376	9	9	0.442	1	0:00:15.155926
1377	3	-1	0.0	0	0:00:15.153870
1378	1	1	1.13	1	0:00:15.152920
1379	7	7	1.17	1	0:00:15.152587
1380	4	-1	0.0	0	0:00:15.153875
1381	6	-1	0.0	0	0:00:15.153232
1382	2	0	0.693	0	0:00:15.154659
1383	8	-1	0.0	0	0:00:15.155297
1384	9	9	0.559	1	0:00:15.155909
1385	5	-1	0.0	0	0:00:15.154562
1386	3	9	0.193	0	0:00:15.155813
1387	9	9	1.12	1	0:00:15.155078
1388	5	5	0.807	1	0:00:15.155330
1389	5	4	0.387	0	0:00:15.154245
1390	6	6	0.203	1	0:00:15.154169
1391	7	-1	0.0	0	0:00:15.152835
1392	2	-1	0.0	0	0:00:15.152046
1393	4	5	0.197	0	0:00:15.154277
1394	6	9	0.0892	0	0:00:15.151412
1395	3	-1	0.0	0	0:00:15.154941
1396	1	-1	0.0	0	0:00:15.155032
1397	0	0	1.01	1	0:00:15.154825
1398	7	9	0.0317	0	0:00:15.154052
1399	2	4	0.953	0	0:00:15.154515
1400	5	-1	0.0	0	0:00:15.154265
1401	4	5	0.236	0	0:00:15.155962
1402	7	9	0.0686	0	0:00:15.156175
1403	6	4	0.0347	0	0:00:15.155945
1404	1	1	1.17	1	0:00:15.153870
1405	1	9	0.685	0	0:00:15.152593
1406	9	9	0.793	1	0:00:15.155921
1407	8	-1	0.0	0	0:00:15.153769
1408	1	1	0.264	1	0:00:15.154755
1409	0	0	0.0294	1	0:00:15.155056
1410	1	1	1.1	1	0:00:15.154122
1411	3	9	0.274	0	0:00:15.152651
1412	1	9	0.0506	0	0:00:15.154603
1413	1	9	0.213	0	0:00:15.156043
1414	1	9	0.676	0	0:00:15.156350
1415	7	7	0.354	1	0:00:15.154664
1416	3	5	0.958	0	0:00:15.155197
1417	9	9	0.712	1	0:00:15.154430
1418	6	3	0.118	0	0:00:15.156204
1419	8	8	0.675	1	0:00:15.154419
1420	4	7	0.613	0	0:00:15.153544
1421	6	6	0.448	1	0:00:15.154117
1422	8	-1	0.0	0	0:00:15.154862
1423	4	4	0.327	1	0:00:15.159424
1424	9	9	0.168	1	0:00:15.152919
1425	4	5	0.162	0	0:00:15.154402
1426	7	7	1.17	1	0:00:15.153220
1427	9	9	0.658	1	0:00:15.150491
1428	7	-1	0.0	0	0:00:15.155217
1429	6	5	0.138	0	0:00:15.154531
1430	8	-1	0.0	0	0:00:15.153206
1431	4	2	0.0277	0	0:00:15.154428
1432	9	9	1.17	1	0:00:15.155267
1433	7	7	0.905	1	0:00:15.155564
1434	0	4	0.283	0	0:00:15.154056
1435	1	1	0.604	1	0:00:15.152298
1436	6	-1	0.0	0	0:00:15.152800
1437	1	1	0.0644	1	0:00:15.153220
1438	5	3	0.516	0	0:00:15.151729
1439	9	1	0.112	0	0:00:15.152954
1440	0	8	0.0733	0	0:00:15.155015
1441	4	2	0.511	0	0:00:15.155954
1442	3	9	0.111	0	0:00:15.155043
1443	4	-1	0.0	0	0:00:15.153364
1444	1	1	0.684	1	0:00:15.149707
1445	3	5	0.162	0	0:00:15.154982
1446	0	4	0.381	0	0:00:15.154688
1447	8	-1	0.0	0	0:00:15.154316
1448	4	4	0.525	1	0:00:15.154736
1449	6	6	0.841	1	0:00:15.152695
1450	2	4	0.00814	0	0:00:15.153046
1451	2	4	0.0552	0	0:00:15.153694
1452	6	9	0.151	0	0:00:15.155687
1453	5	5	0.205	1	0:00:15.153945
1454	3	3	0.404	1	0:00:15.155620
1455	6	3	0.0593	0	0:00:15.153527
1456	2	-1	0.0	0	0:00:15.155092
1457	1	1	0.689	1	0:00:15.154811
1458	1	1	0.47	1	0:00:15.156409
1459	8	8	0.708	1	0:00:15.156092
1460	6	6	0.027	1	0:00:15.154674
1461	0	0	0.037	1	0:00:15.154691
1462	4	-1	0.0	0	0:00:15.153465
1463	0	8	0.0274	0	0:00:15.154222
1464	1	1	0.498	1	0:00:15.155520
1465	9	-1	0.0	0	0:00:15.153968
1466	7	7	1.17	1	0:00:15.155371
1467	1	1	1.04	1	0:00:15.152601
1468	3	5	1.12	0	0:00:15.153476
1469	7	7	1.1	1	0:00:15.154741
1470	7	-1	0.0	0	0:00:15.154783
1471	8	8	0.0246	1	0:00:15.155687
1472	7	-1	0.0	0	0:00:15.158284
1473	7	7	1.17	1	0:00:15.154966
1474	3	-1	0.0	0	0:00:15.155985
1475	9	9	1.09	1	0:00:15.157166
1476	7	7	1.17	1	0:00:15.156217
1477	7	7	1.06	1	0:00:15.151428
1478	7	9	0.0548	0	0:00:15.156029
1479	2	9	0.227	0	0:00:15.155151
1480	1	9	0.67	0	0:00:15.155161
1481	2	4	0.301	0	0:00:15.154305
1482	8	-1	0.0	0	0:00:15.154837
1483	6	6	0.268	1	0:00:15.155829
1484	4	2	0.147	0	0:00:15.153384
1485	0	0	0.115	1	0:00:15.156777
1486	7	7	0.18	1	0:00:15.156521
1487	9	9	0.663	1	0:00:15.157091
1488	8	8	0.00421	1	0:00:15.154011
1489	6	6	0.249	1	0:00:15.154372
1490	8	8	0.772	1	0:00:15.155170
1491	4	9	0.402	0	0:00:15.157107
1492	9	9	0.368	1	0:00:15.151530
1493	1	9	0.28	0	0:00:15.155397
1494	7	5	0.598	0	0:00:15.154970
1495	2	4	1.17	0	0:00:15.154333
1496	2	2	0.335	1	0:00:15.152836
1497	8	8	1.17	1	0:00:15.156159
1498	5	5	0.629	1	0:00:15.154943
1499	8	8	0.306	1	0:00:15.154801
1500	1	9	0.556	0	0:00:15.153777
1501	2	-1	0.0	0	0:00:15.152681
1502	2	2	0.272	1	0:00:15.155965
1503	4	5	0.358	0	0:00:15.155311
1504	1	9	0.51	0	0:00:15.152804
1505	2	2	0.000547	1	0:00:15.153898
1506	5	7	1.17	0	0:00:15.152159
1507	2	9	0.521	0	0:00:15.155960
1508	8	8	0.649	1	0:00:15.153968
1509	1	1	0.489	1	0:00:15.154116
1510	8	4	0.122	0	0:00:15.152690
1511	1	1	1.17	1	0:00:15.152252
1512	8	9	0.000148	0	0:00:15.155393
1513	6	5	0.338	0	0:00:15.151648
1514	0	8	0.0188	0	0:00:15.154252
1515	2	4	0.0611	0	0:00:15.154969
1516	4	4	0.059	1	0:00:15.151877
1517	1	1	0.644	1	0:00:15.155446
1518	3	5	0.465	0	0:00:15.154708
1519	6	6	0.292	1	0:00:15.153649
1520	7	-1	0.0	0	0:00:15.153558
1521	7	7	0.245	1	0:00:15.154921
1522	4	2	0.261	0	0:00:15.152546
1523	4	-1	0.0	0	0:00:15.152877
1524	3	5	0.147	0	0:00:15.152701
1525	3	8	0.0496	0	0:00:15.153916
1526	4	5	0.0911	0	0:00:15.151189
1527	5	9	0.669	0	0:00:15.153805
1528	2	5	0.471	0	0:00:15.154074
1529	4	5	0.25	0	0:00:15.155019
1530	3	5	0.117	0	0:00:15.154610
1531	7	4	0.169	0	0:00:15.151104
1532	8	8	0.238	1	0:00:15.151876
1533	4	7	0.0913	0	0:00:15.151644
1534	4	5	0.11	0	0:00:15.154334
1535	4	4	0.456	1	0:00:15.152701
1536	5	9	0.456	0	0:00:15.152176
1537	4	7	0.347	0	0:00:15.157245
1538	3	9	0.253	0	0:00:15.154496
1539	2	-1	0.0	0	0:00:15.151658
1540	8	8	0.0332	1	0:00:15.152406
1541	4	2	0.424	0	0:00:15.153696
1542	5	5	0.575	1	0:00:15.151198
1543	5	5	0.206	1	0:00:15.154918
1544	4	4	0.0421	1	0:00:15.154926
1545	1	9	0.563	0	0:00:15.151919
1546	4	-1	0.0	0	0:00:15.151803
1547	2	4	1.17	0	0:00:15.153646
1548	5	-1	0.0	0	0:00:15.153634
1549	1	9	0.106	0	0:00:15.150750
1550	6	5	0.0248	0	0:00:15.152377
1551	4	-1	0.0	0	0:00:15.153179
1552	3	5	0.284	0	0:00:15.152801
1553	4	-1	0.0	0	0:00:15.152411
1554	4	-1	0.0	0	0:00:15.156249
1555	0	0	0.231	1	0:00:15.156660
1556	8	9	0.545	0	0:00:15.155063
1557	8	8	0.489	1	0:00:15.156123
1558	4	5	0.243	0	0:00:15.153100
1559	5	9	0.0649	0	0:00:15.151237
1560	7	7	1.17	1	0:00:15.154271
1561	5	5	0.384	1	0:00:15.155416
1562	6	6	0.194	1	0:00:15.155436
1563	9	9	1.17	1	0:00:15.154646
1564	1	1	0.656	1	0:00:15.155459
1565	6	6	0.383	1	0:00:15.157036
1566	7	7	0.764	1	0:00:15.153835
1567	2	9	0.837	0	0:00:15.153937
1568	0	-1	0.0	0	0:00:15.157522
1569	1	1	0.624	1	0:00:15.157602
1570	4	9	0.517	0	0:00:15.157515
1571	5	5	0.288	1	0:00:15.158891
1572	6	9	0.466	0	0:00:15.160208
1573	0	8	0.0111	0	0:00:15.159516
1574	0	9	0.803	0	0:00:15.149682
1575	2	-1	0.0	0	0:00:15.172871
1576	7	5	0.204	0	0:00:15.171499
1577	5	-1	0.0	0	0:00:15.171949
1578	6	-1	0.0	0	0:00:15.174544
1579	0	0	0.689	1	0:00:15.171454
1580	6	1	0.0193	0	0:00:15.170752
1581	2	9	0.867	0	0:00:15.174024
1582	9	9	1.17	1	0:00:15.171328
1583	1	9	0.362	0	0:00:15.170632
1584	7	-1	0.0	0	0:00:15.171581
1585	7	7	0.501	1	0:00:15.148258
1586	5	5	0.88	1	0:00:15.145682
1587	2	4	0.366	0	0:00:15.143082
1588	5	5	0.161	1	0:00:15.143740
1589	6	6	0.495	1	0:00:15.144725
1590	4	4	0.731	1	0:00:15.143216
1591	1	1	0.954	1	0:00:15.143667
1592	4	5	0.361	0	0:00:15.144635
1593	3	9	0.172	0	0:00:15.145283
1594	3	4	0.399	0	0:00:15.152897
1595	3	9	0.101	0	0:00:15.161408
1596	0	0	0.198	1	0:00:15.162498
1597	3	5	0.372	0	0:00:15.152272
1598	5	5	0.165	1	0:00:15.150616
1599	5	9	0.496	0	0:00:15.149813
1600	8	9	0.18	0	0:00:15.151259
1601	9	9	0.415	1	0:00:15.159323
1602	7	-1	0.0	0	0:00:15.160935
1603	3	4	0.148	0	0:00:15.156932
1604	1	1	0.445	1	0:00:15.149093
1605	3	4	0.161	0	0:00:15.147271
1606	3	9	0.194	0	0:00:15.149203
1607	3	9	0.261	0	0:00:15.157555
1608	4	4	0.0636	1	0:00:15.160920
1609	4	5	0.0247	0	0:00:15.161717
1610	2	3	0.0436	0	0:00:15.150880
1611	3	5	0.183	0	0:00:15.149157
1612	3	-1	0.0	0	0:00:15.149199
1613	8	1	0.408	0	0:00:15.151112
1614	1	1	0.126	1	0:00:15.162936
1615	7	7	0.594	1	0:00:15.154872
1616	7	-1	0.0	0	0:00:15.152369
1617	0	0	0.539	1	0:00:15.152506
1618	7	-1	0.0	0	0:00:15.155540
1619	4	9	0.125	0	0:00:15.153783
1620	5	9	0.384	0	0:00:15.154435
1621	1	1	0.617	1	0:00:15.155513
1622	4	4	0.365	1	0:00:15.154495
1623	2	-1	0.0	0	0:00:15.152075
1624	4	4	0.262	1	0:00:15.153223
1625	3	5	0.0777	0	0:00:15.154108
1626	9	9	0.533	1	0:00:15.152642
1627	9	9	1.17	1	0:00:15.155717
1628	4	4	0.0539	1	0:00:15.155858
1629	9	9	0.337	1	0:00:15.157272
1630	9	9	0.392	1	0:00:15.155490
1631	1	9	0.509	0	0:00:15.156171
1632	8	-1	0.0	0	0:00:15.153615
1633	1	9	0.722	0	0:00:15.154844
1634	6	6	0.299	1	0:00:15.154138
1635	7	7	1.17	1	0:00:15.154799
1636	5	5	0.778	1	0:00:15.153629
1637	5	5	0.205	1	0:00:15.155289
1638	4	4	0.462	1	0:00:15.155476
1639	9	9	1.06	1	0:00:15.155646
1640	7	5	0.249	0	0:00:15.154090
1641	6	9	0.292	0	0:00:15.155732
1642	5	4	0.156	0	0:00:15.152397
1643	9	9	0.774	1	0:00:15.156350
1644	2	-1	0.0	0	0:00:15.154036
1645	4	5	0.531	0	0:00:15.153817
1646	0	0	0.26	1	0:00:15.155980
1647	7	7	1.17	1	0:00:15.156331
1648	8	-1	0.0	0	0:00:15.154101
1649	5	5	0.0994	1	0:00:15.153626
1650	5	5	0.966	1	0:00:15.154865
1651	0	4	0.489	0	0:00:15.161239
1652	0	0	0.516	1	0:00:15.152946
1653	9	9	0.79	1	0:00:15.150624
1654	9	9	1.17	1	0:00:15.155476
1655	8	8	0.274	1	0:00:15.155638
1656	2	4	0.558	0	0:00:15.154038
1657	5	5	0.654	1	0:00:15.153177
1658	4	4	0.447	1	0:00:15.153199
1659	8	0	0.101	0	0:00:15.154357
1660	3	5	0.267	0	0:00:15.152578
1661	6	-1	0.0	0	0:00:15.153592
1662	3	9	0.68	0	0:00:15.152876
1663	6	-1	0.0	0	0:00:15.153585
1664	0	0	0.91	1	0:00:15.154007
1665	6	6	0.927	1	0:00:15.153763
1666	6	6	0.0623	1	0:00:15.153375
1667	6	-1	0.0	0	0:00:15.152593
1668	9	9	0.699	1	0:00:15.153610
1669	6	6	0.522	1	0:00:15.152783
1670	6	-1	0.0	0	0:00:15.154458
1671	8	8	1.17	1	0:00:15.153262
1672	6	-1	0.0	0	0:00:15.154719
1673	2	5	0.138	0	0:00:15.154810
1674	4	4	0.142	1	0:00:15.151938
1675	5	5	0.198	1	0:00:15.154635
1676	8	8	0.594	1	0:00:15.154006
1677	1	1	1.15	1	0:00:15.154796
1678	2	-1	0.0	0	0:00:15.153366
1679	7	7	0.736	1	0:00:15.153103
1680	6	3	0.234	0	0:00:15.155066
1681	5	-1	0.0	0	0:00:15.153241
1682	7	7	0.903	1	0:00:15.154986
1683	8	8	0.492	1	0:00:15.153218
1684	1	9	0.77	0	0:00:15.153494
1685	8	-1	0.0	0	0:00:15.153823
1686	0	8	1.1	0	0:00:15.153763
1687	8	8	0.592	1	0:00:15.154071
1688	6	1	0.0583	0	0:00:15.153532
1689	9	9	0.449	1	0:00:15.154313
1690	2	1	0.0906	0	0:00:15.154881
1691	8	8	1.13	1	0:00:15.153118
1692	9	1	0.399	0	0:00:15.153430
1693	4	9	1.17	0	0:00:15.155822
1694	0	0	0.192	1	0:00:15.152725
1695	9	1	0.219	0	0:00:15.155772
1696	4	-1	0.0	0	0:00:15.154526
1697	9	1	0.189	0	0:00:15.155293
1698	5	-1	0.0	0	0:00:15.151416
1699	7	7	1.1	1	0:00:15.152074
1700	5	-1	0.0	0	0:00:15.153022
1701	5	9	0.821	0	0:00:15.154106
1702	9	9	0.73	1	0:00:15.153218
1703	5	5	0.12	1	0:00:15.154160
1704	3	4	0.406	0	0:00:15.151951
1705	0	0	1.17	1	0:00:15.153264
1706	1	1	0.814	1	0:00:15.152095
1707	9	9	0.987	1	0:00:15.154582
1708	7	9	0.546	0	0:00:15.151958
1709	2	2	0.0997	1	0:00:15.151730
1710	4	6	0.126	0	0:00:15.151287
1711	1	9	0.014	0	0:00:15.151724
1712	0	0	0.892	1	0:00:15.149814
1713	8	1	0.801	0	0:00:15.152378
1714	0	4	0.0747	0	0:00:15.149819
1715	3	5	0.269	0	0:00:15.153687
1716	1	1	0.537	1	0:00:15.150329
1717	7	7	0.866	1	0:00:15.153388
1718	0	9	0.252	0	0:00:15.153836
1719	0	0	0.0835	1	0:00:15.155764
1720	4	5	0.264	0	0:00:15.154284
1721	8	-1	0.0	0	0:00:15.153573
1722	6	6	0.219	1	0:00:15.153266
1723	2	5	0.0226	0	0:00:15.154031
1724	4	4	0.0414	1	0:00:15.154440
1725	0	0	1.15	1	0:00:15.154392
1726	0	0	0.732	1	0:00:15.153746
1727	9	8	0.201	0	0:00:15.153841
1728	0	9	0.000238	0	0:00:15.153554
1729	8	8	1.17	1	0:00:15.151220
1730	4	-1	0.0	0	0:00:15.153047
1731	5	6	0.0204	0	0:00:15.151549
1732	9	1	0.412	0	0:00:15.154978
1733	3	5	0.825	0	0:00:15.149918
1734	9	9	0.65	1	0:00:15.151340
1735	0	0	0.84	1	0:00:15.153056
1736	5	9	0.129	0	0:00:15.152032
1737	6	9	0.185	0	0:00:15.153060
1738	5	5	0.891	1	0:00:15.152433
1739	0	9	0.357	0	0:00:15.153622
1740	1	1	0.0495	1	0:00:15.153861
1741	4	5	0.663	0	0:00:15.154983
1742	8	8	1.17	1	0:00:15.149559
1743	1	1	0.778	1	0:00:15.151500
1744	0	0	0.706	1	0:00:15.149606
1745	5	5	0.376	1	0:00:15.152073
1746	2	4	0.082	0	0:00:15.150856
1747	1	1	1.0	1	0:00:15.150708
1748	0	0	0.437	1	0:00:15.152233
1749	2	4	0.196	0	0:00:15.151411
1750	8	8	0.239	1	0:00:15.152382
1751	1	9	0.111	0	0:00:15.151365
1752	5	5	0.509	1	0:00:15.150172
1753	6	-1	0.0	0	0:00:15.153167
1754	7	7	1.03	1	0:00:15.151933
1755	7	7	0.0652	1	0:00:15.150507
1756	2	-1	0.0	0	0:00:15.152054
1757	6	9	0.015	0	0:00:15.153162
1758	2	4	0.675	0	0:00:15.152532
1759	5	5	0.566	1	0:00:15.151710
1760	0	0	0.158	1	0:00:15.151640
1761	1	1	0.724	1	0:00:15.151246
1762	4	6	0.218	0	0:00:15.151258
1763	2	9	0.508	0	0:00:15.151696
1764	5	9	0.782	0	0:00:15.149706
1765	4	4	0.125	1	0:00:15.152164
1766	6	-1	0.0	0	0:00:15.151962
1767	2	2	0.049	1	0:00:15.151511
1768	2	4	0.1	0	0:00:15.150899
1769	1	1	0.00389	1	0:00:15.151203
1770	7	7	0.471	1	0:00:15.152349
1771	2	4	0.11	0	0:00:15.152247
1772	8	9	0.595	0	0:00:15.152292
1773	5	9	0.239	0	0:00:15.149727
1774	5	5	0.398	1	0:00:15.153791
1775	3	5	0.13	0	0:00:15.152876
1776	0	0	0.442	1	0:00:15.152253
1777	4	-1	0.0	0	0:00:15.153962
1778	8	8	0.416	1	0:00:15.154415
1779	3	5	0.907	0	0:00:15.152480
1780	7	7	0.147	1	0:00:15.152779
1781	6	6	0.517	1	0:00:15.152192
1782	3	5	0.424	0	0:00:15.154400
1783	8	8	0.583	1	0:00:15.151801
1784	1	9	0.0871	0	0:00:15.152021
1785	0	4	0.186	0	0:00:15.150798
1786	1	9	1.15	0	0:00:15.152352
1787	3	4	0.415	0	0:00:15.152125
1788	3	5	0.0379	0	0:00:15.153296
1789	0	4	0.415	0	0:00:15.152950
1790	7	5	0.0892	0	0:00:15.154089
1791	4	-1	0.0	0	0:00:15.147421
1792	9	9	1.17	1	0:00:15.153234
1793	5	5	0.846	1	0:00:15.151799
1794	3	5	0.459	0	0:00:15.153532
1795	6	-1	0.0	0	0:00:15.150054
1796	0	9	0.397	0	0:00:15.151920
1797	1	-1	0.0	0	0:00:15.151941
1798	4	4	0.3	1	0:00:15.152412
1799	4	-1	0.0	0	0:00:15.152954
1800	4	-1	0.0	0	0:00:15.153528
1801	4	-1	0.0	0	0:00:15.149984
1802	2	4	0.739	0	0:00:15.150956
1803	2	5	0.171	0	0:00:15.153442
1804	5	1	0.0103	0	0:00:15.150265
1805	8	8	0.481	1	0:00:15.150673
1806	1	1	0.918	1	0:00:15.152423
1807	5	-1	0.0	0	0:00:15.152418
1808	9	9	0.427	1	0:00:15.150653
1809	8	8	0.0552	1	0:00:15.152800
1810	1	1	1.02	1	0:00:15.152631
1811	1	8	0.406	0	0:00:15.153263
1812	5	5	0.0722	1	0:00:15.150631
1813	3	3	0.285	1	0:00:15.153814
1814	9	9	0.29	1	0:00:15.151503
1815	9	9	0.921	1	0:00:15.153472
1816	7	7	0.0889	1	0:00:15.151976
1817	6	2	0.026	0	0:00:15.151994
1818	5	5	0.352	1	0:00:15.153742
1819	0	0	0.106	1	0:00:15.152531
1820	8	9	0.637	0	0:00:15.154348
1821	4	5	0.27	0	0:00:15.153085
1822	7	5	0.356	0	0:00:15.151335
1823	0	0	0.142	1	0:00:15.151701
1824	9	9	0.981	1	0:00:15.151404
1825	2	4	0.803	0	0:00:15.153260
1826	8	8	0.932	1	0:00:15.151791
1827	4	2	0.0478	0	0:00:15.150764
1828	7	9	0.179	0	0:00:15.152397
1829	1	9	0.685	0	0:00:15.151742
1830	3	-1	0.0	0	0:00:15.152292
1831	9	-1	0.0	0	0:00:15.150196
1832	6	-1	0.0	0	0:00:15.151325
1833	8	8	0.595	1	0:00:15.149876
1834	9	9	0.681	1	0:00:15.151529
1835	0	-1	0.0	0	0:00:15.153630
1836	4	4	0.332	1	0:00:15.154056
1837	9	9	0.0294	1	0:00:15.152863
1838	6	-1	0.0	0	0:00:15.154402
1839	7	7	1.17	1	0:00:15.155639
1840	8	9	0.394	0	0:00:15.151525
1841	9	9	0.517	1	0:00:15.138793
1842	4	-1	0.0	0	0:00:15.150697
1843	8	-1	0.0	0	0:00:15.151105
1844	9	9	0.909	1	0:00:15.152186
1845	7	7	0.0392	1	0:00:15.148533
1846	2	6	0.0383	0	0:00:15.149740
1847	5	5	0.292	1	0:00:15.153002
1848	3	5	0.378	0	0:00:15.151230
1849	7	7	1.05	1	0:00:15.151889
1850	1	4	0.222	0	0:00:15.150606
1851	0	0	0.0371	1	0:00:15.152955
1852	2	9	0.716	0	0:00:15.148475
1853	9	9	1.01	1	0:00:15.150908
1854	5	5	0.106	1	0:00:15.151828
1855	5	5	0.677	1	0:00:15.153363
1856	8	8	1.17	1	0:00:15.150391
1857	5	5	0.167	1	0:00:15.152168
1858	4	5	0.285	0	0:00:15.159343
1859	2	5	0.348	0	0:00:15.153686
1860	8	8	1.17	1	0:00:15.152981
1861	3	1	0.229	0	0:00:15.152736
1862	5	5	0.281	1	0:00:15.153421
1863	5	-1	0.0	0	0:00:15.152210
1864	7	7	1.1	1	0:00:15.152676
1865	7	9	0.0635	0	0:00:15.152752
1866	8	8	0.849	1	0:00:15.153143
1867	6	5	0.112	0	0:00:15.151570
1868	2	7	0.247	0	0:00:15.152369
1869	8	8	0.506	1	0:00:15.152978
1870	2	4	0.394	0	0:00:15.156414
1871	3	-1	0.0	0	0:00:15.153857
1872	5	9	0.191	0	0:00:15.150132
1873	6	4	0.142	0	0:00:15.150580
1874	8	8	0.0196	1	0:00:15.155324
1875	0	0	1.17	1	0:00:15.152416
1876	2	7	0.255	0	0:00:15.154549
1877	3	5	0.396	0	0:00:15.153024
1878	7	7	1.08	1	0:00:15.152215
1879	0	8	0.00607	0	0:00:15.152938
1880	1	1	0.819	1	0:00:15.153370
1881	9	9	1.17	1	0:00:15.154880
1882	1	1	0.993	1	0:00:15.153999
1883	3	2	0.136	0	0:00:15.154157
1884	7	4	0.00325	0	0:00:15.153130
1885	5	-1	0.0	0	0:00:15.153847
1886	8	9	1.17	0	0:00:15.153252
1887	3	2	0.0256	0	0:00:15.153309
1888	2	-1	0.0	0	0:00:15.156864
1889	9	9	0.831	1	0:00:15.153098
1890	6	-1	0.0	0	0:00:15.154055
1891	8	8	0.307	1	0:00:15.151656
1892	6	-1	0.0	0	0:00:15.153817
1893	9	9	0.95	1	0:00:15.154165
1894	3	5	0.448	0	0:00:15.152899
1895	8	9	0.256	0	0:00:15.153312
1896	9	9	0.861	1	0:00:15.153465
1897	8	9	0.101	0	0:00:15.158646
1898	0	9	0.315	0	0:00:15.156009
1899	7	7	0.666	1	0:00:15.155886
1900	8	8	0.97	1	0:00:15.155238
1901	5	5	0.341	1	0:00:15.155884
1902	0	4	0.373	0	0:00:15.156322
1903	0	0	0.25	1	0:00:15.155750
1904	1	9	0.0538	0	0:00:15.154132
1905	3	0	0.357	0	0:00:15.156601
1906	9	9	0.0184	1	0:00:15.155705
1907	1	1	0.482	1	0:00:15.157916
1908	5	5	1.07	1	0:00:15.154685
1909	3	9	0.415	0	0:00:15.151072
1910	4	-1	0.0	0	0:00:15.158149
1911	4	4	0.356	1	0:00:15.154923
1912	0	0	0.668	1	0:00:15.154097
1913	9	9	0.717	1	0:00:15.156150
1914	9	9	0.976	1	0:00:15.153384
1915	9	9	1.17	1	0:00:15.155422
1916	9	9	0.294	1	0:00:15.154565
1917	8	8	0.686	1	0:00:15.153929
1918	2	4	0.112	0	0:00:15.150709
1919	4	4	0.397	1	0:00:15.153704
1920	2	4	1.04	0	0:00:15.154519
1921	2	4	0.479	0	0:00:15.155938
1922	5	5	0.681	1	0:00:15.153985
1923	1	9	0.197	0	0:00:15.152991
1924	9	9	0.178	1	0:00:15.153436
1925	1	1	0.618	1	0:00:15.155889
1926	0	9	0.255	0	0:00:15.157031
1927	9	1	0.187	0	0:00:15.154224
1928	4	5	0.145	0	0:00:15.151776
1929	2	4	0.498	0	0:00:15.154444
1930	1	1	0.38	1	0:00:15.155387
1931	6	5	0.392	0	0:00:15.154253
1932	0	0	0.15	1	0:00:15.154446
1933	3	5	0.418	0	0:00:15.151703
1934	7	9	0.437	0	0:00:15.155896
1935	6	4	0.186	0	0:00:15.152848
1936	3	7	0.35	0	0:00:15.154471
1937	1	9	0.745	0	0:00:15.152972
1938	8	8	0.164	1	0:00:15.155163
1939	6	5	0.28	0	0:00:15.152974
1940	5	5	0.413	1	0:00:15.154624
1941	7	-1	0.0	0	0:00:15.152931
1942	2	2	0.0162	1	0:00:15.154842
1943	8	8	0.995	1	0:00:15.155641
1944	4	-1	0.0	0	0:00:15.153426
1945	4	7	0.622	0	0:00:15.155880
1946	8	4	0.518	0	0:00:15.156598
1947	3	9	0.914	0	0:00:15.149840
1948	5	5	0.229	1	0:00:15.151095
1949	0	0	0.487	1	0:00:15.152406
1950	5	5	0.254	1	0:00:15.155803
1951	7	7	0.0306	1	0:00:15.153228
1952	4	-1	0.0	0	0:00:15.149575
1953	4	-1	0.0	0	0:00:15.150582
1954	2	0	0.387	0	0:00:15.155232
1955	2	4	0.593	0	0:00:15.155014
1956	7	7	0.181	1	0:00:15.150473
1957	3	9	0.0523	0	0:00:15.150012
1958	6	-1	0.0	0	0:00:15.153641
1959	0	4	0.263	0	0:00:15.154764
1960	2	5	0.385	0	0:00:15.151034
1961	7	-1	0.0	0	0:00:15.151926
1962	6	6	0.0186	1	0:00:15.153117
1963	2	0	0.615	0	0:00:15.153481
1964	3	5	0.77	0	0:00:15.151069
1965	0	-1	0.0	0	0:00:15.152845
1966	7	7	0.167	1	0:00:15.151324
1967	7	7	0.697	1	0:00:15.150648
1968	8	8	1.17	1	0:00:15.151471
1969	1	9	0.892	0	0:00:15.152685
1970	1	1	0.966	1	0:00:15.153816
1971	4	5	0.32	0	0:00:15.152900
1972	6	3	0.122	0	0:00:15.152630
1973	0	4	0.622	0	0:00:15.152765
1974	6	6	1.17	1	0:00:15.150909
1975	6	9	0.166	0	0:00:15.152082
1976	5	9	0.119	0	0:00:15.150902
1977	5	5	0.454	1	0:00:15.151586
1978	6	-1	0.0	0	0:00:15.147848
1979	3	-1	0.0	0	0:00:15.149372
1980	9	9	0.79	1	0:00:15.153406
