idx	label	predict	radius	correct	time
0	3	9	1.8	0	0:00:15.419058
1	8	9	2.35	0	0:00:15.153714
2	8	9	2.26	0	0:00:15.153082
3	0	9	2.01	0	0:00:15.152642
4	6	9	1.09	0	0:00:15.150497
5	6	9	0.951	0	0:00:15.154455
6	1	9	1.24	0	0:00:15.152512
7	6	9	1.78	0	0:00:15.154407
8	3	9	1.33	0	0:00:15.156200
9	1	9	1.88	0	0:00:15.154009
10	0	9	1.47	0	0:00:15.153019
11	9	9	2.35	1	0:00:15.153206
12	5	9	1.57	0	0:00:15.154813
13	7	9	0.634	0	0:00:15.152928
14	9	9	1.66	1	0:00:15.154213
15	8	9	0.873	0	0:00:15.138026
16	5	9	1.55	0	0:00:15.153615
17	7	9	1.12	0	0:00:15.155243
18	8	9	2.15	0	0:00:15.153502
19	6	9	0.926	0	0:00:15.153271
20	7	7	0.671	1	0:00:15.153290
21	0	4	0.274	0	0:00:15.152953
22	4	9	1.54	0	0:00:15.155209
23	9	9	1.61	1	0:00:15.151155
24	5	9	0.459	0	0:00:15.156270
25	2	9	1.25	0	0:00:15.152979
26	4	9	1.06	0	0:00:15.155955
27	0	9	0.743	0	0:00:15.153781
28	9	9	1.73	1	0:00:15.150346
29	6	9	1.95	0	0:00:15.156613
30	6	9	0.749	0	0:00:15.154441
31	5	9	1.79	0	0:00:15.153248
32	4	9	1.44	0	0:00:15.154325
33	5	9	0.712	0	0:00:15.154897
34	9	9	1.0	1	0:00:15.156528
35	2	9	1.8	0	0:00:15.153479
36	4	9	1.02	0	0:00:15.154437
37	1	9	1.99	0	0:00:15.151114
38	9	9	1.82	1	0:00:15.153581
39	5	9	1.79	0	0:00:15.152537
40	4	9	1.21	0	0:00:15.153607
41	6	9	1.5	0	0:00:15.152430
42	5	9	0.907	0	0:00:15.151867
43	6	9	1.14	0	0:00:15.150162
44	0	9	1.76	0	0:00:15.153720
45	9	9	1.56	1	0:00:15.150512
46	3	9	1.33	0	0:00:15.154504
47	9	9	1.2	1	0:00:15.153610
48	7	9	1.1	0	0:00:15.155329
49	6	9	1.07	0	0:00:15.155013
50	9	9	1.31	1	0:00:15.157349
51	8	9	2.11	0	0:00:15.155306
52	0	9	1.75	0	0:00:15.155845
53	3	9	2.04	0	0:00:15.152139
54	8	9	2.35	0	0:00:15.154232
55	8	9	2.06	0	0:00:15.154497
56	7	7	0.165	1	0:00:15.154208
57	7	9	2.26	0	0:00:15.151350
58	4	9	1.62	0	0:00:15.155242
59	6	9	0.897	0	0:00:15.155664
60	7	7	0.537	1	0:00:15.154697
61	3	9	0.449	0	0:00:15.152391
62	6	9	1.7	0	0:00:15.152755
63	3	9	1.46	0	0:00:15.154011
64	6	9	0.538	0	0:00:15.153941
65	2	9	0.898	0	0:00:15.154698
66	1	9	1.52	0	0:00:15.155126
67	2	9	1.3	0	0:00:15.153518
68	3	9	1.1	0	0:00:15.154683
69	7	9	1.75	0	0:00:15.155707
70	2	9	1.23	0	0:00:15.156581
71	6	9	1.6	0	0:00:15.155420
72	8	9	1.78	0	0:00:15.155308
73	8	9	1.85	0	0:00:15.154320
74	0	9	0.679	0	0:00:15.156322
75	2	9	0.782	0	0:00:15.155401
76	9	9	0.947	1	0:00:15.155262
77	3	9	2.06	0	0:00:15.154103
78	3	9	0.715	0	0:00:15.156443
79	8	9	1.43	0	0:00:15.152661
80	8	9	1.88	0	0:00:15.157173
81	1	9	1.21	0	0:00:15.154597
82	1	9	1.52	0	0:00:15.155529
83	7	9	0.154	0	0:00:15.155021
84	2	9	0.771	0	0:00:15.154800
85	5	7	0.0983	0	0:00:15.154872
86	2	9	2.04	0	0:00:15.155256
87	7	9	2.17	0	0:00:15.153569
88	8	9	1.74	0	0:00:15.156464
89	9	9	2.23	1	0:00:15.156402
90	0	9	2.35	0	0:00:15.155546
91	3	9	1.48	0	0:00:15.155213
92	8	9	1.77	0	0:00:15.155502
93	6	9	0.867	0	0:00:15.153346
94	4	9	0.714	0	0:00:15.153744
95	6	9	1.08	0	0:00:15.154600
96	6	9	1.25	0	0:00:15.152332
97	0	9	1.74	0	0:00:15.150726
98	0	4	0.417	0	0:00:15.154875
99	7	9	0.892	0	0:00:15.155675
100	4	9	0.676	0	0:00:15.152968
101	5	9	1.25	0	0:00:15.153578
102	6	9	1.85	0	0:00:15.153326
103	3	9	1.67	0	0:00:15.154442
104	1	9	1.17	0	0:00:15.154335
105	1	9	2.05	0	0:00:15.157441
106	3	9	1.76	0	0:00:15.153284
107	6	9	2.09	0	0:00:15.156546
108	8	9	1.63	0	0:00:15.155528
109	7	9	1.76	0	0:00:15.154872
110	4	-1	0.0	0	0:00:15.156086
111	0	9	1.03	0	0:00:15.156797
112	6	9	1.18	0	0:00:15.157996
113	2	9	1.96	0	0:00:15.153430
114	1	9	0.865	0	0:00:15.154335
115	3	9	0.853	0	0:00:15.156456
116	0	9	0.309	0	0:00:15.155689
117	4	9	0.924	0	0:00:15.154416
118	2	9	1.46	0	0:00:15.155406
119	7	9	1.02	0	0:00:15.153142
120	8	9	2.03	0	0:00:15.154284
121	3	9	0.27	0	0:00:15.157157
122	1	9	1.97	0	0:00:15.156556
123	2	9	0.659	0	0:00:15.154623
124	8	9	0.718	0	0:00:15.153632
125	0	9	1.59	0	0:00:15.154326
126	8	9	2.0	0	0:00:15.152817
127	3	9	1.58	0	0:00:15.154049
128	5	-1	0.0	0	0:00:15.155354
129	2	9	1.58	0	0:00:15.152424
130	4	9	0.73	0	0:00:15.152901
131	1	9	1.72	0	0:00:15.148865
132	8	9	0.972	0	0:00:15.156927
133	9	9	0.859	1	0:00:15.153903
134	1	9	0.991	0	0:00:15.153728
135	2	9	1.16	0	0:00:15.153396
136	9	9	2.29	1	0:00:15.154162
137	7	9	0.698	0	0:00:15.152903
138	2	9	1.55	0	0:00:15.152915
139	9	9	1.91	1	0:00:15.152871
140	6	9	1.1	0	0:00:15.152205
141	5	9	0.675	0	0:00:15.154486
142	6	9	1.52	0	0:00:15.154066
143	3	9	2.04	0	0:00:15.154108
144	8	9	1.72	0	0:00:15.154036
145	7	9	1.02	0	0:00:15.152485
146	6	9	1.44	0	0:00:15.153712
147	2	9	1.74	0	0:00:15.154049
148	5	9	0.674	0	0:00:15.150707
149	2	9	1.72	0	0:00:15.154280
150	8	9	1.31	0	0:00:15.149647
151	9	9	1.21	1	0:00:15.153930
152	6	9	1.13	0	0:00:15.153194
153	0	9	0.713	0	0:00:15.153360
154	0	9	1.19	0	0:00:15.155880
155	5	9	1.95	0	0:00:15.153603
156	2	9	1.29	0	0:00:15.154126
157	9	9	1.79	1	0:00:15.154249
158	5	9	0.684	0	0:00:15.154879
159	4	9	0.972	0	0:00:15.154151
160	2	9	0.338	0	0:00:15.151481
161	1	9	1.35	0	0:00:15.151891
162	6	9	1.42	0	0:00:15.154088
163	6	9	1.78	0	0:00:15.154495
164	8	9	2.17	0	0:00:15.155979
165	4	9	0.624	0	0:00:15.150859
166	8	9	2.29	0	0:00:15.153493
167	4	9	1.56	0	0:00:15.155174
168	5	9	0.507	0	0:00:15.155908
169	0	9	2.26	0	0:00:15.155133
170	9	9	1.49	1	0:00:15.156920
171	9	9	0.434	1	0:00:15.155532
172	9	9	1.46	1	0:00:15.156260
173	8	9	2.04	0	0:00:15.156540
174	9	9	1.25	1	0:00:15.156289
175	9	9	2.05	1	0:00:15.154865
176	3	9	1.42	0	0:00:15.156115
177	7	9	0.803	0	0:00:15.157412
178	5	9	1.28	0	0:00:15.156208
179	0	9	0.905	0	0:00:15.152451
180	0	9	1.41	0	0:00:15.154745
181	5	7	0.0661	0	0:00:15.153694
182	2	9	0.923	0	0:00:15.153817
183	2	9	1.41	0	0:00:15.154719
184	3	9	0.526	0	0:00:15.155277
185	8	9	2.03	0	0:00:15.154889
186	6	9	1.42	0	0:00:15.154705
187	3	9	0.946	0	0:00:15.154393
188	4	9	0.845	0	0:00:15.154971
189	0	9	2.35	0	0:00:15.152905
190	5	9	2.26	0	0:00:15.155133
191	8	9	1.68	0	0:00:15.154864
192	0	9	1.13	0	0:00:15.156285
193	1	9	0.719	0	0:00:15.155441
194	7	9	1.37	0	0:00:15.156859
195	2	9	0.774	0	0:00:15.153870
196	8	9	1.13	0	0:00:15.154329
197	8	9	1.45	0	0:00:15.153784
198	7	-1	0.0	0	0:00:15.150059
199	8	9	1.22	0	0:00:15.154568
200	5	9	0.889	0	0:00:15.152232
201	1	9	2.19	0	0:00:15.153231
202	8	9	1.35	0	0:00:15.154811
203	7	7	0.742	1	0:00:15.153954
204	1	9	1.69	0	0:00:15.153975
205	3	9	2.16	0	0:00:15.155850
206	0	9	2.29	0	0:00:15.155570
207	5	9	1.3	0	0:00:15.154325
208	7	9	0.236	0	0:00:15.155862
209	9	9	2.29	1	0:00:15.154630
210	7	9	0.872	0	0:00:15.154869
211	4	9	1.73	0	0:00:15.154743
212	5	9	0.313	0	0:00:15.153463
213	9	9	1.39	1	0:00:15.152610
214	8	9	1.83	0	0:00:15.156056
215	0	-1	0.0	0	0:00:15.152204
216	7	-1	0.0	0	0:00:15.154093
217	9	9	1.91	1	0:00:15.155323
218	8	9	0.375	0	0:00:15.156419
219	2	7	0.00857	0	0:00:15.153115
220	7	7	1.09	1	0:00:15.155459
221	6	9	1.17	0	0:00:15.155095
222	9	9	1.49	1	0:00:15.156716
223	4	9	0.532	0	0:00:15.156184
224	3	9	1.39	0	0:00:15.158101
225	9	9	1.46	1	0:00:15.156920
226	6	9	1.91	0	0:00:15.155092
227	4	9	1.17	0	0:00:15.157164
228	7	9	0.812	0	0:00:15.156965
229	6	-1	0.0	0	0:00:15.155734
230	5	9	0.177	0	0:00:15.155625
231	1	9	1.76	0	0:00:15.155502
232	5	-1	0.0	0	0:00:15.156207
233	8	9	0.777	0	0:00:15.156842
234	8	9	2.23	0	0:00:15.158326
235	0	9	0.953	0	0:00:15.153902
236	4	9	1.64	0	0:00:15.156500
237	0	9	1.42	0	0:00:15.155615
238	5	9	1.11	0	0:00:15.157045
239	5	-1	0.0	0	0:00:15.154349
240	1	9	1.85	0	0:00:15.156343
241	1	9	1.89	0	0:00:15.153276
242	8	9	1.18	0	0:00:15.152738
243	9	9	1.74	1	0:00:15.156701
244	0	9	1.14	0	0:00:15.155952
245	3	9	1.41	0	0:00:15.152313
246	1	9	0.991	0	0:00:15.155090
247	9	9	2.35	1	0:00:15.156151
248	2	9	1.37	0	0:00:15.154996
249	2	9	1.27	0	0:00:15.155958
250	5	9	0.718	0	0:00:15.156231
251	3	9	1.34	0	0:00:15.155616
252	9	9	1.72	1	0:00:15.153247
253	9	9	1.48	1	0:00:15.154384
254	4	9	0.866	0	0:00:15.156723
255	0	9	0.893	0	0:00:15.156030
256	3	9	2.11	0	0:00:15.156760
257	0	9	1.86	0	0:00:15.157408
258	0	9	1.95	0	0:00:15.151778
259	9	9	1.68	1	0:00:15.152594
260	8	9	1.69	0	0:00:15.156527
261	1	9	2.35	0	0:00:15.155083
262	5	9	0.0871	0	0:00:15.153391
263	7	9	1.33	0	0:00:15.156839
264	0	9	0.546	0	0:00:15.155470
265	8	9	2.16	0	0:00:15.155624
266	2	9	1.41	0	0:00:15.155866
267	4	9	0.348	0	0:00:15.158596
268	7	9	0.766	0	0:00:15.155946
269	0	9	0.751	0	0:00:15.154132
270	2	9	1.07	0	0:00:15.155436
271	3	9	1.08	0	0:00:15.155979
272	6	9	1.56	0	0:00:15.156590
273	3	9	1.55	0	0:00:15.156454
274	8	9	1.76	0	0:00:15.155265
275	5	-1	0.0	0	0:00:15.154629
276	0	9	1.0	0	0:00:15.158054
277	3	9	1.1	0	0:00:15.156748
278	4	7	0.246	0	0:00:15.152260
279	3	9	0.574	0	0:00:15.155994
280	9	9	2.09	1	0:00:15.157974
281	0	-1	0.0	0	0:00:15.156135
282	6	9	1.12	0	0:00:15.156447
283	1	9	1.97	0	0:00:15.158142
284	0	9	1.19	0	0:00:15.155255
285	9	9	1.82	1	0:00:15.156160
286	1	9	2.12	0	0:00:15.156665
287	0	9	1.94	0	0:00:15.153748
288	7	7	1.18	1	0:00:15.154618
289	9	9	0.71	1	0:00:15.152341
290	1	9	1.79	0	0:00:15.152072
291	2	9	1.42	0	0:00:15.155055
292	6	9	1.42	0	0:00:15.154419
293	9	9	2.29	1	0:00:15.156925
294	3	9	0.321	0	0:00:15.153283
295	4	9	0.941	0	0:00:15.155485
296	6	9	1.76	0	0:00:15.153851
297	0	9	0.663	0	0:00:15.155128
298	0	9	0.209	0	0:00:15.154016
299	6	9	1.06	0	0:00:15.154434
300	6	-1	0.0	0	0:00:15.157804
301	6	9	1.28	0	0:00:15.155879
302	3	9	0.214	0	0:00:15.155456
303	2	9	1.66	0	0:00:15.156835
304	6	9	1.35	0	0:00:15.154426
305	1	9	2.21	0	0:00:15.155554
306	8	9	1.5	0	0:00:15.153926
307	2	9	0.69	0	0:00:15.154197
308	1	9	1.16	0	0:00:15.154285
309	6	9	1.36	0	0:00:15.155580
310	8	9	1.97	0	0:00:15.156072
311	6	9	1.16	0	0:00:15.153736
312	8	9	1.43	0	0:00:15.155301
313	0	9	0.608	0	0:00:15.154268
314	4	9	0.437	0	0:00:15.155787
315	0	7	0.186	0	0:00:15.154814
316	7	9	1.01	0	0:00:15.155773
317	7	9	0.332	0	0:00:15.154878
318	5	9	1.06	0	0:00:15.155360
319	5	9	1.61	0	0:00:15.154224
320	3	9	1.38	0	0:00:15.157139
321	5	9	2.03	0	0:00:15.156298
322	2	9	1.14	0	0:00:15.155359
323	3	9	1.19	0	0:00:15.154861
324	4	9	1.1	0	0:00:15.153542
325	1	9	1.72	0	0:00:15.158528
326	7	9	1.08	0	0:00:15.156538
327	5	9	1.27	0	0:00:15.155921
328	4	9	1.41	0	0:00:15.156597
329	6	9	1.54	0	0:00:15.158226
330	1	9	0.364	0	0:00:15.155325
331	9	9	1.94	1	0:00:15.155567
332	3	9	0.923	0	0:00:15.155844
333	6	9	0.818	0	0:00:15.157454
334	6	9	1.88	0	0:00:15.153883
335	9	9	2.19	1	0:00:15.155009
336	3	9	1.68	0	0:00:15.156082
337	8	9	2.35	0	0:00:15.156720
338	0	9	0.197	0	0:00:15.154686
339	7	9	1.27	0	0:00:15.152930
340	2	9	1.31	0	0:00:15.149229
341	6	9	1.58	0	0:00:15.153128
342	2	9	1.12	0	0:00:15.154150
343	5	9	1.46	0	0:00:15.156230
344	8	9	1.72	0	0:00:15.157024
345	5	9	0.998	0	0:00:15.155226
346	4	7	0.342	0	0:00:15.156973
347	6	9	0.413	0	0:00:15.155067
348	8	9	0.396	0	0:00:15.153577
349	9	9	2.26	1	0:00:15.154032
350	9	9	2.21	1	0:00:15.153249
351	1	9	1.11	0	0:00:15.155252
352	0	9	2.35	0	0:00:15.155994
353	2	-1	0.0	0	0:00:15.153111
354	2	9	1.61	0	0:00:15.153087
355	7	9	1.1	0	0:00:15.154046
356	3	9	1.5	0	0:00:15.153551
357	2	9	0.905	0	0:00:15.149603
358	8	9	1.91	0	0:00:15.155661
359	0	9	1.88	0	0:00:15.154621
360	9	9	2.1	1	0:00:15.154570
361	5	9	0.791	0	0:00:15.154390
362	8	9	1.46	0	0:00:15.153105
363	1	9	2.35	0	0:00:15.152620
364	9	9	0.647	1	0:00:15.153429
365	4	9	0.261	0	0:00:15.151653
366	1	9	1.12	0	0:00:15.153898
367	3	9	1.65	0	0:00:15.152713
368	8	9	1.31	0	0:00:15.152625
369	1	9	1.64	0	0:00:15.152358
370	4	9	1.35	0	0:00:15.154081
371	7	7	0.351	1	0:00:15.153543
372	9	9	2.35	1	0:00:15.153695
373	4	9	1.18	0	0:00:15.155469
374	2	9	2.01	0	0:00:15.149466
375	7	9	0.943	0	0:00:15.154145
376	0	9	2.35	0	0:00:15.154323
377	7	9	1.17	0	0:00:15.153353
378	0	9	1.96	0	0:00:15.153304
379	6	9	1.48	0	0:00:15.154237
380	6	9	1.54	0	0:00:15.154320
381	9	9	2.35	1	0:00:15.155931
382	0	0	0.438	1	0:00:15.154501
383	9	9	1.72	1	0:00:15.152901
384	2	9	1.94	0	0:00:15.153716
385	8	8	0.0631	1	0:00:15.157028
386	7	9	0.311	0	0:00:15.156926
387	2	9	0.0757	0	0:00:15.154546
388	2	9	0.75	0	0:00:15.152968
389	5	9	0.78	0	0:00:15.155864
390	1	9	2.19	0	0:00:15.151718
391	2	9	1.72	0	0:00:15.155929
392	6	9	0.924	0	0:00:15.156247
393	2	9	0.126	0	0:00:15.156816
394	9	9	1.15	1	0:00:15.156077
395	6	9	1.64	0	0:00:15.158034
396	2	9	0.913	0	0:00:15.155367
397	3	9	0.903	0	0:00:15.157068
398	0	9	1.73	0	0:00:15.153499
399	3	9	2.07	0	0:00:15.156378
400	9	9	2.35	1	0:00:15.158377
401	8	9	1.18	0	0:00:15.156054
402	7	9	0.159	0	0:00:15.158890
403	8	9	2.04	0	0:00:15.155617
404	8	9	1.01	0	0:00:15.156268
405	4	9	0.945	0	0:00:15.150306
406	0	9	0.814	0	0:00:15.158283
407	1	9	1.18	0	0:00:15.152271
408	8	9	1.62	0	0:00:15.155650
409	2	9	0.455	0	0:00:15.153759
410	7	9	1.53	0	0:00:15.155215
411	9	9	2.01	1	0:00:15.153018
412	3	7	0.528	0	0:00:15.155296
413	6	9	1.47	0	0:00:15.155585
414	1	9	2.19	0	0:00:15.156633
415	9	9	2.35	1	0:00:15.155271
416	0	-1	0.0	0	0:00:15.156598
417	7	9	2.23	0	0:00:15.155356
418	3	9	1.3	0	0:00:15.156549
419	7	9	1.66	0	0:00:15.155955
420	4	9	1.65	0	0:00:15.156277
421	5	9	0.564	0	0:00:15.155728
422	0	9	1.03	0	0:00:15.156321
423	0	9	0.968	0	0:00:15.153103
424	2	9	1.59	0	0:00:15.155034
425	9	9	2.35	1	0:00:15.157058
426	3	9	1.91	0	0:00:15.156925
427	4	9	1.35	0	0:00:15.154647
428	0	9	1.51	0	0:00:15.156203
429	6	9	1.28	0	0:00:15.155859
430	2	9	1.23	0	0:00:15.156390
431	5	9	1.38	0	0:00:15.154954
432	3	9	1.54	0	0:00:15.156916
433	7	9	0.614	0	0:00:15.155653
434	3	9	1.62	0	0:00:15.153645
435	7	7	0.237	1	0:00:15.153333
436	2	9	1.85	0	0:00:15.154092
437	5	9	1.25	0	0:00:15.153566
438	3	9	0.69	0	0:00:15.156311
439	1	9	0.93	0	0:00:15.151953
440	1	9	1.84	0	0:00:15.155524
441	4	9	0.616	0	0:00:15.155746
442	9	9	1.27	1	0:00:15.157037
443	9	9	2.21	1	0:00:15.156084
444	5	9	1.25	0	0:00:15.156367
445	7	9	1.49	0	0:00:15.157367
446	5	9	1.85	0	0:00:15.157129
447	0	9	0.569	0	0:00:15.156677
448	2	9	0.74	0	0:00:15.157624
449	2	9	0.716	0	0:00:15.157175
450	2	9	0.586	0	0:00:15.154729
451	9	9	2.26	1	0:00:15.157415
452	7	9	1.38	0	0:00:15.154610
453	3	9	1.05	0	0:00:15.154003
454	9	9	1.36	1	0:00:15.153649
455	4	9	0.999	0	0:00:15.156189
456	3	9	1.19	0	0:00:15.151813
457	5	9	1.53	0	0:00:15.155106
458	4	9	1.05	0	0:00:15.155492
459	6	9	2.21	0	0:00:15.154863
460	5	9	0.318	0	0:00:15.155266
461	6	9	1.01	0	0:00:15.154366
462	1	9	2.0	0	0:00:15.154240
463	4	9	1.2	0	0:00:15.155866
464	3	9	0.827	0	0:00:15.154633
465	4	9	0.749	0	0:00:15.154626
466	4	7	0.276	0	0:00:15.155914
467	3	9	1.59	0	0:00:15.155129
468	7	9	0.12	0	0:00:15.158272
469	8	9	0.935	0	0:00:15.155306
470	3	9	1.56	0	0:00:15.157280
471	7	9	0.217	0	0:00:15.154789
472	8	9	2.35	0	0:00:15.153281
473	0	9	0.781	0	0:00:15.153707
474	5	7	0.272	0	0:00:15.153611
475	7	7	0.69	1	0:00:15.154588
476	6	9	0.463	0	0:00:15.154977
477	0	9	2.21	0	0:00:15.154678
478	5	9	0.62	0	0:00:15.155348
479	4	9	0.669	0	0:00:15.155390
480	8	9	2.17	0	0:00:15.154525
481	6	9	2.06	0	0:00:15.153773
482	8	9	1.6	0	0:00:15.155364
483	5	9	1.08	0	0:00:15.153521
484	5	9	1.25	0	0:00:15.155902
485	9	9	1.7	1	0:00:15.154311
486	9	9	0.98	1	0:00:15.156101
487	9	9	1.6	1	0:00:15.153198
488	5	9	1.47	0	0:00:15.153796
489	0	9	1.5	0	0:00:15.155542
490	1	9	1.46	0	0:00:15.149780
491	0	7	0.66	0	0:00:15.154485
492	8	9	1.09	0	0:00:15.154059
493	1	9	1.69	0	0:00:15.153322
494	1	9	2.01	0	0:00:15.156101
495	8	9	1.48	0	0:00:15.153144
496	0	9	0.68	0	0:00:15.156799
497	2	9	1.52	0	0:00:15.156978
498	2	9	0.527	0	0:00:15.157526
499	0	9	0.0817	0	0:00:15.157377
500	4	9	2.04	0	0:00:15.154873
501	6	9	0.87	0	0:00:15.155815
502	5	9	1.29	0	0:00:15.154102
503	4	9	1.61	0	0:00:15.155675
504	9	9	1.69	1	0:00:15.156410
505	4	9	1.28	0	0:00:15.150501
506	7	9	0.572	0	0:00:15.154284
507	9	9	1.09	1	0:00:15.156430
508	9	9	1.63	1	0:00:15.157107
509	4	9	0.647	0	0:00:15.155615
510	5	9	1.04	0	0:00:15.154318
511	6	9	0.94	0	0:00:15.155227
512	6	9	1.22	0	0:00:15.153993
513	1	9	1.57	0	0:00:15.152766
514	5	-1	0.0	0	0:00:15.153960
515	3	9	1.58	0	0:00:15.151652
516	8	9	1.44	0	0:00:15.153126
517	9	9	2.35	1	0:00:15.154355
518	5	9	0.923	0	0:00:15.154793
519	8	9	0.878	0	0:00:15.154423
520	5	9	1.71	0	0:00:15.158035
521	7	7	1.04	1	0:00:15.154995
522	0	9	1.12	0	0:00:15.156212
523	7	7	0.0148	1	0:00:15.155351
524	0	9	0.576	0	0:00:15.153064
525	5	9	2.16	0	0:00:15.153504
526	0	9	1.5	0	0:00:15.151070
527	0	9	0.748	0	0:00:15.157573
528	4	9	2.03	0	0:00:15.154302
529	6	9	1.6	0	0:00:15.153780
530	9	9	2.29	1	0:00:15.152459
531	0	9	2.06	0	0:00:15.151900
532	9	9	1.4	1	0:00:15.152794
533	5	9	2.12	0	0:00:15.153320
534	6	9	1.42	0	0:00:15.155536
535	6	9	1.04	0	0:00:15.152967
536	6	9	1.45	0	0:00:15.152925
537	2	9	1.57	0	0:00:15.153122
538	9	9	1.73	1	0:00:15.149325
539	0	9	1.41	0	0:00:15.153972
540	1	9	1.88	0	0:00:15.155442
541	7	9	1.1	0	0:00:15.156134
542	6	9	0.933	0	0:00:15.155148
543	7	-1	0.0	0	0:00:15.153589
544	5	9	1.6	0	0:00:15.154794
545	9	9	1.21	1	0:00:15.152030
546	1	9	2.26	0	0:00:15.151932
547	6	9	1.31	0	0:00:15.151868
548	2	9	1.36	0	0:00:15.152689
549	5	9	1.07	0	0:00:15.154321
550	5	9	0.693	0	0:00:15.153048
551	5	9	0.955	0	0:00:15.151818
552	8	9	0.367	0	0:00:15.152235
553	5	9	0.173	0	0:00:15.153211
554	9	9	2.06	1	0:00:15.151261
555	4	9	1.77	0	0:00:15.151425
556	6	9	0.964	0	0:00:15.154948
557	4	9	0.812	0	0:00:15.152433
558	3	9	1.21	0	0:00:15.155229
559	2	9	1.07	0	0:00:15.154639
560	0	9	0.971	0	0:00:15.154848
561	7	7	0.273	1	0:00:15.151608
562	6	9	0.466	0	0:00:15.155893
563	2	9	1.8	0	0:00:15.153111
564	2	9	0.778	0	0:00:15.154241
565	3	9	2.0	0	0:00:15.154202
566	9	9	1.45	1	0:00:15.155748
567	7	9	1.71	0	0:00:15.156132
568	9	9	2.35	1	0:00:15.156992
569	2	9	0.216	0	0:00:15.158203
570	6	9	0.714	0	0:00:15.158828
571	7	7	1.11	1	0:00:15.152077
572	1	9	2.35	0	0:00:15.156992
573	3	9	1.9	0	0:00:15.151837
574	6	9	0.0222	0	0:00:15.155224
575	6	9	1.51	0	0:00:15.155334
576	8	9	1.23	0	0:00:15.155195
577	9	9	0.549	1	0:00:15.160627
578	7	9	0.39	0	0:00:15.167998
579	5	9	2.29	0	0:00:15.171008
580	4	9	2.06	0	0:00:15.159554
581	0	9	0.539	0	0:00:15.155981
582	8	9	0.379	0	0:00:15.162919
583	4	9	1.87	0	0:00:15.165402
584	0	9	1.81	0	0:00:15.163337
585	9	9	1.24	1	0:00:15.157747
586	3	9	0.657	0	0:00:15.156946
587	4	9	1.34	0	0:00:15.160315
588	8	9	2.35	0	0:00:15.157756
589	9	9	2.26	1	0:00:15.154037
590	6	9	0.933	0	0:00:15.156281
591	9	9	2.35	1	0:00:15.155849
592	2	9	1.3	0	0:00:15.154287
593	6	9	1.41	0	0:00:15.155035
594	1	9	0.258	0	0:00:15.153370
595	4	9	1.67	0	0:00:15.149925
596	7	9	0.746	0	0:00:15.151882
597	3	9	1.54	0	0:00:15.151100
598	5	9	1.13	0	0:00:15.157868
599	3	9	0.729	0	0:00:15.153998
600	8	9	1.78	0	0:00:15.152933
601	5	9	1.71	0	0:00:15.152225
602	0	9	0.403	0	0:00:15.152136
603	2	9	1.64	0	0:00:15.153254
604	1	9	0.854	0	0:00:15.153667
605	6	9	1.94	0	0:00:15.149290
606	4	9	2.06	0	0:00:15.154755
607	3	9	0.773	0	0:00:15.153818
608	3	9	1.33	0	0:00:15.156227
609	9	9	1.35	1	0:00:15.155969
610	6	9	1.44	0	0:00:15.154619
611	9	9	1.88	1	0:00:15.156231
612	8	9	2.21	0	0:00:15.155525
613	8	9	1.47	0	0:00:15.154215
614	5	9	1.05	0	0:00:15.155399
615	8	9	1.42	0	0:00:15.156012
616	6	9	0.0867	0	0:00:15.155006
617	6	9	1.68	0	0:00:15.156660
618	2	9	1.36	0	0:00:15.156674
619	1	9	2.04	0	0:00:15.154410
620	7	9	0.414	0	0:00:15.153031
621	7	9	1.68	0	0:00:15.155250
622	1	9	1.66	0	0:00:15.153426
623	2	9	0.337	0	0:00:15.147462
624	7	7	0.74	1	0:00:15.160967
625	9	9	2.1	1	0:00:15.157824
626	9	9	0.908	1	0:00:15.155985
627	4	9	0.431	0	0:00:15.154457
628	4	7	0.0809	0	0:00:15.155140
629	1	9	0.676	0	0:00:15.154344
630	2	9	1.7	0	0:00:15.155710
631	5	9	0.674	0	0:00:15.155088
632	6	9	1.06	0	0:00:15.157133
633	8	9	1.58	0	0:00:15.157161
634	7	7	0.142	1	0:00:15.157101
635	6	9	0.5	0	0:00:15.155734
636	8	9	1.01	0	0:00:15.154387
637	3	9	0.473	0	0:00:15.155313
638	0	9	1.82	0	0:00:15.154882
639	5	9	0.989	0	0:00:15.154913
640	5	9	1.35	0	0:00:15.155666
641	3	9	1.54	0	0:00:15.155093
642	0	9	2.01	0	0:00:15.154620
643	7	7	0.974	1	0:00:15.155019
644	9	9	1.17	1	0:00:15.156805
645	1	9	1.89	0	0:00:15.157239
646	3	9	1.73	0	0:00:15.155455
647	4	9	0.754	0	0:00:15.155988
648	4	9	0.793	0	0:00:15.157774
649	5	9	0.139	0	0:00:15.156122
650	3	9	1.29	0	0:00:15.156193
651	9	9	2.05	1	0:00:15.158151
652	5	9	0.371	0	0:00:15.157452
653	6	9	1.33	0	0:00:15.156797
654	9	9	1.51	1	0:00:15.156220
655	2	9	1.67	0	0:00:15.154762
656	1	9	2.35	0	0:00:15.153830
657	1	9	1.52	0	0:00:15.156957
658	4	9	1.44	0	0:00:15.156388
659	1	9	1.7	0	0:00:15.156135
660	9	9	2.03	1	0:00:15.156784
661	4	9	0.343	0	0:00:15.157665
662	7	7	1.33	1	0:00:15.156307
663	6	9	1.8	0	0:00:15.156633
664	3	9	1.06	0	0:00:15.154474
665	8	9	2.15	0	0:00:15.155024
666	9	9	1.82	1	0:00:15.155773
667	0	9	1.45	0	0:00:15.157518
668	1	9	1.61	0	0:00:15.140610
669	3	9	0.201	0	0:00:15.141072
670	6	9	1.12	0	0:00:15.148997
671	3	9	1.8	0	0:00:15.152541
672	6	9	1.11	0	0:00:15.159157
673	3	9	1.43	0	0:00:15.159305
674	2	9	1.16	0	0:00:15.157157
675	0	9	0.322	0	0:00:15.159739
676	3	9	0.943	0	0:00:15.157845
677	1	9	1.56	0	0:00:15.156268
678	0	-1	0.0	0	0:00:15.156970
679	5	9	1.14	0	0:00:15.157660
680	9	9	1.45	1	0:00:15.158031
681	6	9	1.64	0	0:00:15.157975
682	4	9	0.86	0	0:00:15.159541
683	8	9	1.79	0	0:00:15.157715
684	9	9	2.29	1	0:00:15.157951
685	6	9	0.753	0	0:00:15.158272
686	9	9	1.56	1	0:00:15.157549
687	6	9	1.8	0	0:00:15.157199
688	3	9	0.965	0	0:00:15.154087
689	0	9	1.37	0	0:00:15.155566
690	3	9	1.56	0	0:00:15.157207
691	2	9	0.377	0	0:00:15.156713
692	2	-1	0.0	0	0:00:15.158030
693	7	9	0.407	0	0:00:15.156178
694	8	9	1.95	0	0:00:15.158697
695	3	9	0.377	0	0:00:15.156371
696	8	9	2.11	0	0:00:15.158379
697	2	9	1.15	0	0:00:15.157762
698	7	9	0.88	0	0:00:15.157144
699	5	9	1.18	0	0:00:15.159077
700	7	9	1.74	0	0:00:15.158482
701	2	9	1.04	0	0:00:15.157479
702	4	9	1.04	0	0:00:15.151166
703	8	9	0.954	0	0:00:15.157386
704	7	9	0.771	0	0:00:15.154874
705	4	9	1.23	0	0:00:15.156353
706	2	9	0.321	0	0:00:15.154815
707	9	9	1.41	1	0:00:15.155262
708	8	9	2.0	0	0:00:15.154146
709	8	9	1.78	0	0:00:15.155399
710	6	9	0.572	0	0:00:15.155370
711	8	9	2.21	0	0:00:15.157103
712	8	9	0.993	0	0:00:15.154511
713	7	9	1.0	0	0:00:15.153532
714	4	9	1.77	0	0:00:15.155728
715	3	9	1.3	0	0:00:15.155581
716	3	9	1.24	0	0:00:15.152651
717	8	9	2.05	0	0:00:15.152556
718	4	7	0.383	0	0:00:15.153855
719	9	9	2.35	1	0:00:15.153351
720	4	9	1.49	0	0:00:15.150872
721	8	9	2.15	0	0:00:15.153643
722	8	9	1.79	0	0:00:15.154232
723	1	9	2.09	0	0:00:15.155244
724	8	9	0.945	0	0:00:15.154192
725	2	9	2.13	0	0:00:15.156202
726	1	9	1.49	0	0:00:15.155494
727	3	9	1.05	0	0:00:15.155309
728	6	9	0.994	0	0:00:15.155350
729	5	9	0.6	0	0:00:15.156871
730	4	9	0.787	0	0:00:15.154689
731	2	-1	0.0	0	0:00:15.156250
732	7	7	0.166	1	0:00:15.154762
733	9	9	2.15	1	0:00:15.155351
734	9	9	2.11	1	0:00:15.156412
735	4	9	1.15	0	0:00:15.156566
736	1	9	2.0	0	0:00:15.152719
737	4	9	0.351	0	0:00:15.150727
738	1	9	1.43	0	0:00:15.154845
739	3	7	0.796	0	0:00:15.153952
740	2	9	0.546	0	0:00:15.154046
741	7	7	0.537	1	0:00:15.155019
742	0	9	1.64	0	0:00:15.155089
743	7	9	0.196	0	0:00:15.154642
744	9	9	2.17	1	0:00:15.155183
745	7	9	1.19	0	0:00:15.155675
746	6	9	1.21	0	0:00:15.154866
747	6	9	0.71	0	0:00:15.155224
748	2	9	0.219	0	0:00:15.152731
749	5	9	0.669	0	0:00:15.151711
750	9	9	1.46	1	0:00:15.151008
751	2	9	2.12	0	0:00:15.156153
752	9	9	1.45	1	0:00:15.152064
753	1	9	1.94	0	0:00:15.154322
754	2	9	1.07	0	0:00:15.152357
755	2	9	1.15	0	0:00:15.154947
756	6	9	1.61	0	0:00:15.156606
757	8	9	2.35	0	0:00:15.155318
758	2	9	2.12	0	0:00:15.156639
759	1	9	1.56	0	0:00:15.154337
760	3	9	1.03	0	0:00:15.156194
761	6	9	1.28	0	0:00:15.157401
762	6	9	0.344	0	0:00:15.154657
763	0	7	0.734	0	0:00:15.157223
764	1	9	2.29	0	0:00:15.154494
765	2	9	0.586	0	0:00:15.156059
766	7	9	1.28	0	0:00:15.155139
767	0	9	2.03	0	0:00:15.157092
768	5	9	0.799	0	0:00:15.158151
769	4	9	1.41	0	0:00:15.155988
770	6	9	1.77	0	0:00:15.151608
771	1	9	1.92	0	0:00:15.158572
772	6	9	1.22	0	0:00:15.155542
773	4	9	0.852	0	0:00:15.157268
774	0	9	0.717	0	0:00:15.156757
775	2	7	0.602	0	0:00:15.157497
776	2	9	1.5	0	0:00:15.158090
777	6	9	2.0	0	0:00:15.155924
778	0	9	1.53	0	0:00:15.155676
779	5	9	0.444	0	0:00:15.155148
780	9	9	0.942	1	0:00:15.155542
781	1	9	1.77	0	0:00:15.155801
782	7	9	0.137	0	0:00:15.154250
783	6	9	1.05	0	0:00:15.155568
784	7	9	1.76	0	0:00:15.155738
785	0	9	1.72	0	0:00:15.148639
786	3	9	1.27	0	0:00:15.157811
787	9	9	1.21	1	0:00:15.154902
788	6	9	1.48	0	0:00:15.155720
789	8	9	1.8	0	0:00:15.154782
790	3	0	1.2	0	0:00:15.153496
791	0	-1	0.0	0	0:00:15.154777
792	3	7	0.295	0	0:00:15.154752
793	4	9	1.56	0	0:00:15.154544
794	7	9	0.532	0	0:00:15.156382
795	7	9	0.013	0	0:00:15.155605
796	1	9	1.55	0	0:00:15.159902
797	4	9	1.03	0	0:00:15.158753
798	7	9	0.754	0	0:00:15.161031
799	2	9	1.15	0	0:00:15.159373
800	7	9	0.522	0	0:00:15.197492
801	1	9	1.96	0	0:00:15.162465
802	4	9	1.53	0	0:00:15.152335
803	7	7	0.323	1	0:00:15.152472
804	4	9	1.11	0	0:00:15.145472
805	4	9	1.38	0	0:00:15.147892
806	8	9	2.16	0	0:00:15.147811
807	4	9	1.23	0	0:00:15.148235
808	7	9	1.41	0	0:00:15.155242
809	7	9	1.21	0	0:00:15.155601
810	5	9	0.137	0	0:00:15.151853
811	3	9	0.187	0	0:00:15.155696
812	7	9	0.218	0	0:00:15.153931
813	2	9	0.617	0	0:00:15.156698
814	0	9	2.15	0	0:00:15.154189
815	8	9	2.35	0	0:00:15.155903
816	9	9	1.75	1	0:00:15.152938
817	5	9	0.282	0	0:00:15.149138
818	8	9	0.657	0	0:00:15.148437
819	3	9	1.84	0	0:00:15.152996
820	6	9	0.682	0	0:00:15.152996
821	2	9	0.664	0	0:00:15.149665
822	0	9	1.4	0	0:00:15.151061
823	8	9	2.21	0	0:00:15.151729
824	7	9	0.348	0	0:00:15.151310
825	3	9	1.42	0	0:00:15.157046
826	7	9	1.34	0	0:00:15.156236
827	6	9	2.19	0	0:00:15.154109
828	5	7	1.12	0	0:00:15.155526
829	3	9	0.246	0	0:00:15.157705
830	1	9	2.17	0	0:00:15.157986
831	3	9	2.13	0	0:00:15.157207
832	2	9	0.392	0	0:00:15.158734
833	2	9	0.572	0	0:00:15.154660
834	5	9	0.714	0	0:00:15.155289
835	4	9	1.18	0	0:00:15.156555
836	1	9	2.35	0	0:00:15.154996
837	2	9	0.628	0	0:00:15.156321
838	9	9	0.484	1	0:00:15.158054
839	2	9	0.82	0	0:00:15.154939
840	7	7	1.06	1	0:00:15.155213
841	0	9	1.41	0	0:00:15.156191
842	7	7	0.76	1	0:00:15.154760
843	2	9	1.19	0	0:00:15.154148
844	1	9	2.04	0	0:00:15.155281
845	3	9	0.898	0	0:00:15.157469
846	2	9	0.824	0	0:00:15.155121
847	0	9	0.738	0	0:00:15.154521
848	2	9	1.32	0	0:00:15.154382
849	4	9	1.24	0	0:00:15.154007
850	7	9	2.16	0	0:00:15.148217
851	9	9	1.7	1	0:00:15.152132
852	8	9	1.94	0	0:00:15.154515
853	9	9	2.29	1	0:00:15.153013
854	0	9	1.48	0	0:00:15.154843
855	7	9	0.682	0	0:00:15.153317
856	7	9	0.44	0	0:00:15.152977
857	0	9	1.3	0	0:00:15.153079
858	7	7	0.829	1	0:00:15.154829
859	8	9	1.89	0	0:00:15.153958
860	4	9	0.239	0	0:00:15.152899
861	6	9	1.53	0	0:00:15.153183
862	3	9	1.2	0	0:00:15.153176
863	3	9	0.153	0	0:00:15.156486
864	0	9	0.616	0	0:00:15.155581
865	1	9	1.61	0	0:00:15.155367
866	3	9	0.852	0	0:00:15.153777
867	7	9	0.0679	0	0:00:15.150569
868	0	9	1.43	0	0:00:15.155944
869	1	9	2.29	0	0:00:15.152800
870	3	9	1.18	0	0:00:15.154918
871	1	9	1.11	0	0:00:15.154937
872	4	9	0.239	0	0:00:15.155973
873	2	9	1.54	0	0:00:15.155153
874	3	9	1.4	0	0:00:15.154181
875	8	9	2.35	0	0:00:15.154889
876	4	9	1.1	0	0:00:15.154953
877	2	9	0.75	0	0:00:15.153205
878	3	9	2.16	0	0:00:15.153556
879	7	7	0.189	1	0:00:15.153053
880	8	9	2.03	0	0:00:15.154082
881	4	9	0.336	0	0:00:15.156543
882	3	9	1.1	0	0:00:15.155050
883	0	-1	0.0	0	0:00:15.155230
884	9	9	2.03	1	0:00:15.150779
885	0	9	0.473	0	0:00:15.155552
886	0	9	2.09	0	0:00:15.154377
887	1	9	1.99	0	0:00:15.154565
888	0	9	2.02	0	0:00:15.154384
889	4	9	0.994	0	0:00:15.152160
890	4	9	1.12	0	0:00:15.152730
891	6	9	0.956	0	0:00:15.153693
892	7	7	1.5	1	0:00:15.153707
893	6	9	0.877	0	0:00:15.153501
894	1	9	1.47	0	0:00:15.152712
895	1	9	1.47	0	0:00:15.152745
896	3	9	0.692	0	0:00:15.153117
897	7	9	0.0576	0	0:00:15.153117
898	3	9	0.904	0	0:00:15.154675
899	5	9	0.81	0	0:00:15.154604
900	2	9	1.21	0	0:00:15.154320
901	6	9	0.917	0	0:00:15.152958
902	6	9	1.51	0	0:00:15.153901
903	5	9	1.6	0	0:00:15.153544
904	8	9	2.07	0	0:00:15.154474
905	7	9	1.57	0	0:00:15.154484
906	1	9	2.26	0	0:00:15.155452
907	6	9	1.22	0	0:00:15.154904
908	8	9	1.93	0	0:00:15.157143
909	8	9	1.48	0	0:00:15.156070
910	5	9	0.831	0	0:00:15.154737
911	3	9	1.06	0	0:00:15.155029
912	0	7	0.0734	0	0:00:15.156321
913	4	9	1.58	0	0:00:15.156405
914	0	9	1.27	0	0:00:15.156699
915	1	9	1.42	0	0:00:15.156900
916	3	9	2.15	0	0:00:15.156388
917	8	9	2.21	0	0:00:15.151654
918	8	9	1.66	0	0:00:15.154938
919	0	9	0.994	0	0:00:15.155617
920	6	9	1.45	0	0:00:15.155649
921	9	9	1.38	1	0:00:15.156027
922	9	9	1.23	1	0:00:15.156320
923	9	9	0.654	1	0:00:15.155565
924	5	9	1.71	0	0:00:15.154111
925	5	9	0.347	0	0:00:15.153635
926	8	9	1.69	0	0:00:15.150332
927	6	9	0.412	0	0:00:15.155110
928	0	9	0.647	0	0:00:15.153996
929	0	9	2.0	0	0:00:15.154327
930	4	9	0.906	0	0:00:15.154951
931	2	9	0.668	0	0:00:15.154902
932	3	9	1.27	0	0:00:15.152019
933	2	9	1.09	0	0:00:15.153030
934	7	7	1.46	1	0:00:15.154947
935	2	9	1.1	0	0:00:15.153087
936	2	9	1.15	0	0:00:15.154018
937	5	9	1.11	0	0:00:15.153823
938	9	9	1.24	1	0:00:15.155351
939	8	9	1.08	0	0:00:15.155699
940	9	9	1.78	1	0:00:15.155684
941	1	9	1.05	0	0:00:15.157604
942	7	9	0.576	0	0:00:15.155075
943	4	9	0.341	0	0:00:15.153440
944	0	9	2.08	0	0:00:15.155109
945	3	9	1.2	0	0:00:15.154339
946	0	9	0.225	0	0:00:15.153558
947	1	9	1.54	0	0:00:15.153422
948	3	9	0.978	0	0:00:15.149891
949	8	9	0.855	0	0:00:15.153894
950	3	9	1.17	0	0:00:15.153548
951	9	9	1.85	1	0:00:15.155447
952	6	9	1.34	0	0:00:15.154269
953	1	9	2.03	0	0:00:15.151389
954	4	9	0.695	0	0:00:15.152735
955	7	-1	0.0	0	0:00:15.154600
956	0	9	2.05	0	0:00:15.153764
957	3	9	1.31	0	0:00:15.153296
958	7	9	0.463	0	0:00:15.154715
959	8	9	2.35	0	0:00:15.155942
960	9	9	0.968	1	0:00:15.156895
961	1	9	1.22	0	0:00:15.156462
962	1	9	1.76	0	0:00:15.154103
963	6	9	1.09	0	0:00:15.154509
964	6	9	1.65	0	0:00:15.152103
965	6	9	0.642	0	0:00:15.157973
966	6	9	0.53	0	0:00:15.155110
967	9	9	0.629	1	0:00:15.155957
968	1	9	1.44	0	0:00:15.154802
969	9	9	0.956	1	0:00:15.155679
970	9	9	1.67	1	0:00:15.155084
971	4	9	1.31	0	0:00:15.154134
972	2	7	0.0424	0	0:00:15.155124
973	1	9	1.24	0	0:00:15.156245
974	7	9	0.527	0	0:00:15.156015
975	0	9	1.41	0	0:00:15.154814
976	6	9	2.29	0	0:00:15.156866
977	8	9	2.19	0	0:00:15.156864
978	1	9	2.21	0	0:00:15.155001
979	9	9	2.17	1	0:00:15.153723
980	2	9	1.89	0	0:00:15.156717
981	9	9	2.35	1	0:00:15.154602
982	0	9	1.53	0	0:00:15.155317
983	4	9	1.78	0	0:00:15.154312
984	7	7	0.834	1	0:00:15.155492
985	8	9	1.51	0	0:00:15.156063
986	3	9	0.966	0	0:00:15.155300
987	1	9	2.0	0	0:00:15.157088
988	2	9	0.386	0	0:00:15.156002
989	0	9	0.382	0	0:00:15.157019
990	1	9	1.76	0	0:00:15.158797
991	5	9	1.34	0	0:00:15.155846
992	8	9	2.35	0	0:00:15.157197
993	4	7	0.679	0	0:00:15.157231
994	6	9	1.94	0	0:00:15.157648
995	3	9	0.319	0	0:00:15.157274
996	8	9	1.66	0	0:00:15.155885
997	1	9	1.87	0	0:00:15.156197
998	3	9	1.43	0	0:00:15.156106
999	8	9	2.26	0	0:00:15.156623
1000	5	9	1.93	0	0:00:15.158250
1001	0	9	1.76	0	0:00:15.154955
1002	8	9	1.92	0	0:00:15.156172
1003	4	9	0.781	0	0:00:15.157749
1004	8	9	1.61	0	0:00:15.156960
1005	1	9	2.15	0	0:00:15.155579
1006	1	9	2.05	0	0:00:15.154810
1007	8	9	2.21	0	0:00:15.154882
1008	9	9	0.455	1	0:00:15.154449
1009	6	-1	0.0	0	0:00:15.153807
1010	0	9	1.09	0	0:00:15.155133
1011	8	9	1.81	0	0:00:15.156375
1012	6	9	0.755	0	0:00:15.156150
1013	1	9	1.12	0	0:00:15.152362
1014	3	9	0.635	0	0:00:15.158270
1015	4	9	1.37	0	0:00:15.155508
1016	1	9	1.03	0	0:00:15.156112
1017	6	9	1.67	0	0:00:15.153123
1018	0	9	2.12	0	0:00:15.155428
1019	5	9	2.23	0	0:00:15.155028
1020	1	9	1.95	0	0:00:15.156622
1021	1	9	0.787	0	0:00:15.154746
1022	0	9	0.665	0	0:00:15.154233
1023	0	9	1.78	0	0:00:15.153937
1024	3	7	0.0208	0	0:00:15.153649
1025	5	9	0.655	0	0:00:15.151996
1026	0	9	1.53	0	0:00:15.153759
1027	0	9	0.379	0	0:00:15.156451
1028	6	9	0.756	0	0:00:15.156100
1029	6	9	1.91	0	0:00:15.155916
1030	3	9	1.81	0	0:00:15.151771
1031	3	8	0.569	0	0:00:15.152830
1032	6	9	0.941	0	0:00:15.152737
1033	3	9	1.25	0	0:00:15.156193
1034	6	9	1.02	0	0:00:15.156160
1035	6	9	1.71	0	0:00:15.155816
1036	0	9	1.47	0	0:00:15.155181
1037	7	9	0.433	0	0:00:15.153368
1038	2	9	1.05	0	0:00:15.152049
1039	2	9	0.842	0	0:00:15.153159
1040	7	9	0.924	0	0:00:15.153008
1041	5	9	0.892	0	0:00:15.152240
1042	5	9	0.0999	0	0:00:15.151478
1043	2	9	1.2	0	0:00:15.155582
1044	8	9	2.23	0	0:00:15.154431
1045	5	9	1.36	0	0:00:15.152400
1046	2	9	1.01	0	0:00:15.149665
1047	1	9	1.85	0	0:00:15.155522
1048	1	9	1.69	0	0:00:15.155119
1049	4	9	0.747	0	0:00:15.153656
1050	3	7	1.42	0	0:00:15.153803
1051	2	9	1.25	0	0:00:15.154079
1052	0	9	2.07	0	0:00:15.153060
1053	3	9	1.9	0	0:00:15.155062
1054	1	9	0.149	0	0:00:15.151707
1055	5	9	0.743	0	0:00:15.151139
1056	3	9	0.609	0	0:00:15.154567
1057	7	9	2.35	0	0:00:15.153437
1058	6	9	0.71	0	0:00:15.153584
1059	8	9	2.01	0	0:00:15.154789
1060	9	9	1.78	1	0:00:15.152929
1061	1	9	1.71	0	0:00:15.153758
1062	6	9	2.04	0	0:00:15.152421
1063	4	9	1.29	0	0:00:15.151443
1064	9	9	1.43	1	0:00:15.153584
1065	3	9	2.35	0	0:00:15.156923
1066	9	9	1.77	1	0:00:15.154676
1067	0	7	0.116	0	0:00:15.155765
1068	9	9	1.75	1	0:00:15.155424
1069	6	9	1.74	0	0:00:15.154476
1070	3	9	0.169	0	0:00:15.154274
1071	6	9	1.43	0	0:00:15.154859
1072	0	9	2.08	0	0:00:15.154204
1073	7	7	0.088	1	0:00:15.157488
1074	3	9	1.17	0	0:00:15.154888
1075	8	9	2.29	0	0:00:15.154492
1076	0	9	1.4	0	0:00:15.155918
1077	0	9	0.657	0	0:00:15.155200
1078	0	0	0.208	1	0:00:15.155757
1079	6	9	0.267	0	0:00:15.156361
1080	6	9	0.541	0	0:00:15.150220
1081	6	9	1.78	0	0:00:15.156221
1082	9	9	1.81	1	0:00:15.154119
1083	2	9	1.43	0	0:00:15.154836
1084	5	9	1.56	0	0:00:15.156243
1085	4	9	0.655	0	0:00:15.154892
1086	4	9	0.514	0	0:00:15.155153
1087	6	9	0.886	0	0:00:15.154221
1088	3	9	0.586	0	0:00:15.155773
1089	6	9	1.04	0	0:00:15.156195
1090	0	9	1.89	0	0:00:15.155145
1091	8	9	1.82	0	0:00:15.155318
1092	6	9	1.49	0	0:00:15.155636
1093	0	9	1.18	0	0:00:15.157214
1094	6	9	2.12	0	0:00:15.156291
1095	2	9	2.02	0	0:00:15.154555
1096	7	9	0.302	0	0:00:15.155408
1097	5	9	0.996	0	0:00:15.155107
1098	1	9	1.25	0	0:00:15.148415
1099	2	9	1.33	0	0:00:15.157102
1100	7	9	2.29	0	0:00:15.155046
1101	8	9	0.787	0	0:00:15.154684
1102	8	9	1.73	0	0:00:15.156841
1103	0	9	0.932	0	0:00:15.154652
1104	9	9	1.76	1	0:00:15.153985
1105	4	9	1.29	0	0:00:15.154909
1106	9	9	1.95	1	0:00:15.156307
1107	7	7	0.221	1	0:00:15.154539
1108	2	9	0.909	0	0:00:15.154860
1109	0	9	1.32	0	0:00:15.158468
1110	2	9	0.201	0	0:00:15.155017
1111	8	9	1.98	0	0:00:15.157538
1112	3	-1	0.0	0	0:00:15.154552
1113	8	9	0.885	0	0:00:15.152517
1114	9	9	1.94	1	0:00:15.152537
1115	1	9	1.36	0	0:00:15.155483
1116	5	9	0.721	0	0:00:15.156868
1117	5	9	2.01	0	0:00:15.156501
1118	4	9	0.299	0	0:00:15.155346
1119	7	7	0.413	1	0:00:15.156163
1120	5	9	1.07	0	0:00:15.153323
1121	3	9	1.61	0	0:00:15.154251
1122	8	9	2.21	0	0:00:15.154860
1123	3	9	2.0	0	0:00:15.155920
1124	3	9	0.725	0	0:00:15.154155
1125	6	9	1.29	0	0:00:15.155102
1126	2	9	1.75	0	0:00:15.154052
1127	8	9	1.88	0	0:00:15.154791
1128	4	9	0.713	0	0:00:15.154801
1129	3	9	0.55	0	0:00:15.158367
1130	7	9	0.558	0	0:00:15.155060
1131	1	9	2.35	0	0:00:15.150689
1132	2	9	1.97	0	0:00:15.155902
1133	4	9	1.12	0	0:00:15.161008
1134	1	9	1.72	0	0:00:15.163607
1135	6	9	0.576	0	0:00:15.160470
1136	9	9	2.21	1	0:00:15.160586
1137	0	9	1.6	0	0:00:15.174404
1138	5	9	1.17	0	0:00:15.159076
1139	8	9	2.04	0	0:00:15.155865
1140	6	9	1.25	0	0:00:15.153682
1141	1	9	1.69	0	0:00:15.160031
1142	8	9	2.35	0	0:00:15.160442
1143	6	9	1.43	0	0:00:15.159518
1144	1	9	1.63	0	0:00:15.158280
1145	4	9	0.9	0	0:00:15.156515
1146	2	9	0.494	0	0:00:15.154586
1147	6	9	2.29	0	0:00:15.156827
1148	2	9	1.03	0	0:00:15.153246
1149	7	9	1.89	0	0:00:15.155699
1150	2	9	1.08	0	0:00:15.153029
1151	2	9	1.26	0	0:00:15.154513
1152	0	9	1.95	0	0:00:15.155541
1153	8	9	0.847	0	0:00:15.153575
1154	6	9	1.88	0	0:00:15.154299
1155	9	9	0.602	1	0:00:15.156214
1156	1	9	1.56	0	0:00:15.153888
1157	7	9	0.648	0	0:00:15.155799
1158	1	9	1.86	0	0:00:15.149639
1159	8	9	2.11	0	0:00:15.155035
1160	8	9	1.63	0	0:00:15.154637
1161	0	9	1.14	0	0:00:15.153887
1162	7	9	0.465	0	0:00:15.154953
1163	3	7	0.494	0	0:00:15.152302
1164	8	9	1.45	0	0:00:15.158085
1165	0	9	1.53	0	0:00:15.155694
1166	3	9	1.52	0	0:00:15.156290
1167	4	9	0.792	0	0:00:15.156036
1168	3	7	0.454	0	0:00:15.154927
1169	7	9	0.321	0	0:00:15.156263
1170	7	9	1.03	0	0:00:15.152788
1171	9	9	1.7	1	0:00:15.156288
1172	2	9	1.33	0	0:00:15.153549
1173	3	9	0.711	0	0:00:15.154832
1174	1	9	1.49	0	0:00:15.151985
1175	9	9	2.35	1	0:00:15.153185
1176	1	9	2.04	0	0:00:15.154458
1177	9	9	1.52	1	0:00:15.153282
1178	6	9	0.839	0	0:00:15.154311
1179	3	9	1.28	0	0:00:15.150585
1180	3	9	1.19	0	0:00:15.115728
1181	3	9	0.15	0	0:00:15.152763
1182	1	9	1.95	0	0:00:15.152638
1183	0	9	0.0191	0	0:00:15.152160
1184	6	9	0.823	0	0:00:15.153747
1185	1	9	2.35	0	0:00:15.155604
1186	4	9	1.0	0	0:00:15.157246
1187	1	9	1.76	0	0:00:15.155710
1188	0	9	2.09	0	0:00:15.154346
1189	0	9	1.68	0	0:00:15.153103
1190	1	9	1.64	0	0:00:15.156853
1191	1	9	1.63	0	0:00:15.155445
1192	6	9	1.37	0	0:00:15.153742
1193	5	9	0.805	0	0:00:15.154253
1194	4	9	1.91	0	0:00:15.156090
1195	6	9	1.1	0	0:00:15.153745
1196	2	9	1.39	0	0:00:15.155828
1197	0	-1	0.0	0	0:00:15.146289
1198	7	7	1.9	1	0:00:15.149579
1199	9	9	1.89	1	0:00:15.150129
1200	8	9	2.08	0	0:00:15.154936
1201	7	9	0.509	0	0:00:15.154206
1202	2	9	1.29	0	0:00:15.155396
1203	0	9	1.88	0	0:00:15.154093
1204	6	9	1.75	0	0:00:15.156954
1205	8	9	1.45	0	0:00:15.152008
1206	1	9	1.88	0	0:00:15.155389
1207	4	9	2.35	0	0:00:15.152877
1208	3	9	1.4	0	0:00:15.156850
1209	7	9	0.113	0	0:00:15.157318
1210	0	9	1.41	0	0:00:15.154986
1211	6	9	1.45	0	0:00:15.156189
1212	1	9	1.59	0	0:00:15.153507
1213	8	9	1.17	0	0:00:15.152594
1214	5	9	1.55	0	0:00:15.159239
1215	7	7	0.594	1	0:00:15.153404
1216	8	9	1.14	0	0:00:15.154398
1217	4	9	1.43	0	0:00:15.156551
1218	8	9	1.59	0	0:00:15.156944
1219	3	9	1.62	0	0:00:15.154864
1220	9	9	0.818	1	0:00:15.153272
1221	9	9	1.06	1	0:00:15.155964
1222	9	9	0.73	1	0:00:15.155540
1223	8	9	1.22	0	0:00:15.156440
1224	7	9	1.02	0	0:00:15.155370
1225	6	9	1.92	0	0:00:15.154337
1226	6	9	1.19	0	0:00:15.154157
1227	3	9	1.11	0	0:00:15.163361
1228	5	9	0.79	0	0:00:15.161745
1229	1	9	2.17	0	0:00:15.156170
1230	5	9	0.436	0	0:00:15.150130
1231	9	9	1.29	1	0:00:15.167221
1232	1	9	1.4	0	0:00:15.167936
1233	4	9	0.79	0	0:00:15.153601
1234	1	9	1.1	0	0:00:15.152782
1235	5	9	1.36	0	0:00:15.150270
1236	7	9	0.31	0	0:00:15.148581
1237	0	9	1.49	0	0:00:15.146932
1238	1	9	2.19	0	0:00:15.148956
1239	5	9	0.855	0	0:00:15.147930
1240	2	9	1.62	0	0:00:15.151592
1241	0	9	1.58	0	0:00:15.150862
1242	8	9	2.35	0	0:00:15.149274
1243	8	9	0.85	0	0:00:15.148576
1244	5	9	1.18	0	0:00:15.151558
1245	6	9	2.29	0	0:00:15.151515
1246	7	9	1.1	0	0:00:15.150872
1247	3	9	1.02	0	0:00:15.148804
1248	2	9	0.961	0	0:00:15.148913
1249	4	7	0.0935	0	0:00:15.150238
1250	7	7	0.327	1	0:00:15.152100
1251	2	9	0.545	0	0:00:15.150399
1252	5	9	1.73	0	0:00:15.151485
1253	8	9	1.41	0	0:00:15.152068
1254	2	9	1.23	0	0:00:15.152990
1255	4	9	0.669	0	0:00:15.152845
1256	9	9	2.07	1	0:00:15.150973
1257	2	9	1.39	0	0:00:15.152257
1258	1	9	1.53	0	0:00:15.153607
1259	8	9	2.19	0	0:00:15.155587
1260	1	9	1.87	0	0:00:15.155689
1261	9	9	1.61	1	0:00:15.154938
1262	8	9	0.924	0	0:00:15.157017
1263	8	9	2.02	0	0:00:15.156287
1264	8	9	2.15	0	0:00:15.152864
1265	9	9	1.59	1	0:00:15.154086
1266	0	9	2.26	0	0:00:15.153225
1267	4	9	0.4	0	0:00:15.155273
1268	3	9	0.807	0	0:00:15.155544
1269	3	7	0.0697	0	0:00:15.155057
1270	1	9	0.995	0	0:00:15.153901
1271	8	9	0.865	0	0:00:15.152954
1272	4	7	1.61	0	0:00:15.154579
1273	6	9	0.24	0	0:00:15.155482
1274	3	9	1.18	0	0:00:15.155649
1275	3	9	1.77	0	0:00:15.154254
1276	5	9	0.991	0	0:00:15.151968
1277	2	9	1.48	0	0:00:15.155881
1278	2	7	0.0917	0	0:00:15.156488
1279	8	9	1.59	0	0:00:15.154482
1280	3	9	0.223	0	0:00:15.155749
1281	8	9	1.89	0	0:00:15.154006
1282	9	9	2.35	1	0:00:15.153534
1283	5	9	1.42	0	0:00:15.156833
1284	8	9	1.74	0	0:00:15.154175
1285	9	9	1.02	1	0:00:15.156094
1286	8	9	2.11	0	0:00:15.154402
1287	9	9	0.372	1	0:00:15.153431
1288	1	9	2.16	0	0:00:15.155021
1289	6	9	1.93	0	0:00:15.157311
1290	5	9	1.81	0	0:00:15.156881
1291	9	9	1.98	1	0:00:15.156463
1292	4	9	0.995	0	0:00:15.154185
1293	4	9	1.7	0	0:00:15.154862
1294	8	9	1.63	0	0:00:15.157639
1295	0	9	1.01	0	0:00:15.156654
1296	7	9	0.151	0	0:00:15.154919
1297	2	9	0.358	0	0:00:15.156871
1298	9	9	2.35	1	0:00:15.155558
1299	7	9	1.29	0	0:00:15.153275
1300	4	9	0.967	0	0:00:15.155166
1301	1	9	1.0	0	0:00:15.156765
1302	6	9	0.842	0	0:00:15.156964
1303	4	4	0.0894	1	0:00:15.155856
1304	4	9	1.87	0	0:00:15.156933
1305	9	9	2.26	1	0:00:15.157020
1306	1	9	1.31	0	0:00:15.156186
1307	2	9	1.3	0	0:00:15.156424
1308	5	9	1.12	0	0:00:15.154597
1309	6	9	1.43	0	0:00:15.154479
1310	0	9	1.57	0	0:00:15.156823
1311	8	9	2.19	0	0:00:15.157639
1312	6	9	1.55	0	0:00:15.156517
1313	1	9	2.21	0	0:00:15.154013
1314	9	9	2.35	1	0:00:15.151822
1315	4	9	0.956	0	0:00:15.152282
1316	5	9	2.03	0	0:00:15.154764
1317	9	9	2.35	1	0:00:15.154335
1318	5	9	0.741	0	0:00:15.154443
1319	0	-1	0.0	0	0:00:15.151885
1320	7	9	0.771	0	0:00:15.154197
1321	2	9	0.727	0	0:00:15.154546
1322	0	9	2.19	0	0:00:15.154610
1323	0	9	2.29	0	0:00:15.155949
1324	4	9	1.61	0	0:00:15.154976
1325	2	9	1.25	0	0:00:15.156096
1326	6	9	1.46	0	0:00:15.154405
1327	6	9	1.03	0	0:00:15.152367
1328	5	9	1.5	0	0:00:15.154401
1329	5	7	0.212	0	0:00:15.152090
1330	2	9	0.262	0	0:00:15.155834
1331	8	9	1.39	0	0:00:15.153645
1332	1	9	2.19	0	0:00:15.151813
1333	7	9	0.727	0	0:00:15.153061
1334	3	9	1.8	0	0:00:15.156908
1335	1	9	2.29	0	0:00:15.154801
1336	4	9	1.17	0	0:00:15.152845
1337	5	9	1.1	0	0:00:15.154779
1338	6	9	1.88	0	0:00:15.156643
1339	5	9	1.07	0	0:00:15.155351
1340	1	9	2.29	0	0:00:15.153793
1341	4	9	1.56	0	0:00:15.155243
1342	7	9	1.9	0	0:00:15.155437
1343	0	9	0.531	0	0:00:15.156824
1344	9	9	1.74	1	0:00:15.157068
1345	4	9	1.38	0	0:00:15.155628
1346	3	9	1.84	0	0:00:15.155251
1347	8	9	1.61	0	0:00:15.153519
1348	2	9	0.25	0	0:00:15.155249
1349	8	9	0.601	0	0:00:15.154733
1350	4	9	1.84	0	0:00:15.155529
1351	7	7	2.06	1	0:00:15.155654
1352	2	9	0.386	0	0:00:15.155670
1353	3	9	1.07	0	0:00:15.154828
1354	1	9	0.0631	0	0:00:15.156304
1355	5	9	1.05	0	0:00:15.155574
1356	2	9	1.08	0	0:00:15.156662
1357	9	9	2.29	1	0:00:15.156084
1358	8	9	2.12	0	0:00:15.156158
1359	9	9	1.97	1	0:00:15.155559
1360	7	9	1.48	0	0:00:15.153584
1361	9	9	0.796	1	0:00:15.156438
1362	5	9	1.47	0	0:00:15.156471
1363	1	9	1.83	0	0:00:15.152514
1364	4	9	1.84	0	0:00:15.153843
1365	0	9	0.748	0	0:00:15.153861
1366	8	9	2.26	0	0:00:15.155204
1367	2	9	1.11	0	0:00:15.156735
1368	3	-1	0.0	0	0:00:15.153461
1369	8	9	2.23	0	0:00:15.154191
1370	9	9	2.08	1	0:00:15.155989
1371	1	9	2.26	0	0:00:15.155939
1372	1	9	1.95	0	0:00:15.154854
1373	3	9	0.326	0	0:00:15.156250
1374	2	9	1.72	0	0:00:15.154258
1375	4	9	0.673	0	0:00:15.154687
1376	9	9	2.26	1	0:00:15.155632
1377	3	9	1.93	0	0:00:15.155832
1378	1	9	1.73	0	0:00:15.155036
1379	7	7	1.0	1	0:00:15.155388
1380	4	9	2.09	0	0:00:15.148213
1381	6	9	1.35	0	0:00:15.155348
1382	2	9	0.669	0	0:00:15.151053
1383	8	9	1.45	0	0:00:15.152586
1384	9	9	1.2	1	0:00:15.154448
1385	5	9	0.436	0	0:00:15.155915
1386	3	9	1.35	0	0:00:15.155607
1387	9	9	2.35	1	0:00:15.158978
1388	5	9	1.15	0	0:00:15.156041
1389	5	9	1.8	0	0:00:15.156818
1390	6	9	1.81	0	0:00:15.155022
1391	7	9	1.61	0	0:00:15.155864
1392	2	9	0.0906	0	0:00:15.156591
1393	4	9	1.04	0	0:00:15.157100
1394	6	9	1.92	0	0:00:15.155997
1395	3	9	1.41	0	0:00:15.154934
1396	1	9	2.0	0	0:00:15.156716
1397	0	9	0.554	0	0:00:15.157147
1398	7	9	1.9	0	0:00:15.156093
1399	2	9	1.17	0	0:00:15.155522
1400	5	9	1.6	0	0:00:15.155342
1401	4	7	0.0887	0	0:00:15.153245
1402	7	9	0.756	0	0:00:15.153992
1403	6	9	1.29	0	0:00:15.153908
1404	1	9	0.694	0	0:00:15.153502
1405	1	9	1.69	0	0:00:15.157778
1406	9	9	0.975	1	0:00:15.154811
1407	8	9	2.13	0	0:00:15.153292
1408	1	9	0.759	0	0:00:15.154166
1409	0	9	0.548	0	0:00:15.151259
1410	1	9	1.12	0	0:00:15.155132
1411	3	9	1.46	0	0:00:15.152346
1412	1	9	2.17	0	0:00:15.157842
1413	1	9	2.35	0	0:00:15.155601
1414	1	9	2.35	0	0:00:15.154456
1415	7	9	0.976	0	0:00:15.155331
1416	3	9	0.307	0	0:00:15.155670
1417	9	9	1.58	1	0:00:15.152332
1418	6	9	1.12	0	0:00:15.154113
1419	8	9	1.89	0	0:00:15.154111
1420	4	9	0.415	0	0:00:15.153228
1421	6	9	1.54	0	0:00:15.155365
1422	8	9	2.23	0	0:00:15.156245
1423	4	9	0.56	0	0:00:15.155512
1424	9	9	1.11	1	0:00:15.156160
1425	4	9	0.618	0	0:00:15.156305
1426	7	7	0.577	1	0:00:15.154133
1427	9	9	1.29	1	0:00:15.151903
1428	7	9	0.656	0	0:00:15.154936
1429	6	9	1.17	0	0:00:15.155563
1430	8	9	1.24	0	0:00:15.154397
1431	4	9	0.749	0	0:00:15.154685
1432	9	9	2.35	1	0:00:15.154032
1433	7	7	1.05	1	0:00:15.155742
1434	0	9	1.79	0	0:00:15.155441
1435	1	9	1.97	0	0:00:15.154212
1436	6	9	0.964	0	0:00:15.153224
1437	1	9	1.64	0	0:00:15.155072
1438	5	9	1.28	0	0:00:15.155259
1439	9	9	1.83	1	0:00:15.155879
1440	0	9	1.9	0	0:00:15.151624
1441	4	9	0.8	0	0:00:15.153285
1442	3	9	1.5	0	0:00:15.154465
1443	4	9	1.21	0	0:00:15.154755
1444	1	9	2.17	0	0:00:15.153585
1445	3	9	1.26	0	0:00:15.152310
1446	0	9	0.264	0	0:00:15.151358
1447	8	9	2.35	0	0:00:15.155138
1448	4	9	1.33	0	0:00:15.154861
1449	6	9	1.53	0	0:00:15.154649
1450	2	9	1.83	0	0:00:15.154719
1451	2	9	0.744	0	0:00:15.153975
1452	6	9	0.485	0	0:00:15.155607
1453	5	9	0.81	0	0:00:15.155751
1454	3	9	1.5	0	0:00:15.154690
1455	6	9	0.299	0	0:00:15.154426
1456	2	9	1.83	0	0:00:15.154973
1457	1	9	1.59	0	0:00:15.157231
1458	1	9	2.29	0	0:00:15.151961
1459	8	9	2.15	0	0:00:15.157265
1460	6	9	1.06	0	0:00:15.158780
1461	0	9	1.43	0	0:00:15.156480
1462	4	9	0.295	0	0:00:15.156951
1463	0	9	1.81	0	0:00:15.156693
1464	1	9	1.26	0	0:00:15.153678
1465	9	9	1.91	1	0:00:15.155926
1466	7	7	0.385	1	0:00:15.156892
1467	1	9	1.02	0	0:00:15.153472
1468	3	9	0.73	0	0:00:15.153904
1469	7	7	0.161	1	0:00:15.154958
1470	7	-1	0.0	0	0:00:15.156645
1471	8	9	1.87	0	0:00:15.156048
1472	7	9	0.53	0	0:00:15.150413
1473	7	7	1.03	1	0:00:15.156224
1474	3	9	0.258	0	0:00:15.152427
1475	9	9	1.89	1	0:00:15.153904
1476	7	7	1.42	1	0:00:15.154706
1477	7	-1	0.0	0	0:00:15.154231
1478	7	9	0.89	0	0:00:15.153932
1479	2	9	2.16	0	0:00:15.153218
1480	1	9	1.94	0	0:00:15.156454
1481	2	9	0.779	0	0:00:15.152870
1482	8	9	2.35	0	0:00:15.154622
1483	6	9	1.52	0	0:00:15.151114
1484	4	9	1.04	0	0:00:15.154083
1485	0	9	2.29	0	0:00:15.153582
1486	7	9	1.26	0	0:00:15.154168
1487	9	9	0.967	1	0:00:15.154727
1488	8	9	2.12	0	0:00:15.156845
1489	6	9	1.81	0	0:00:15.151149
1490	8	9	0.1	0	0:00:15.155641
1491	4	9	2.06	0	0:00:15.155435
1492	9	9	2.07	1	0:00:15.153864
1493	1	9	2.05	0	0:00:15.154712
1494	7	9	0.368	0	0:00:15.154171
1495	2	9	0.219	0	0:00:15.154710
1496	2	9	1.07	0	0:00:15.154755
1497	8	9	0.663	0	0:00:15.153871
1498	5	4	0.00482	0	0:00:15.154008
1499	8	9	2.09	0	0:00:15.154927
1500	1	9	1.21	0	0:00:15.156160
1501	2	9	1.5	0	0:00:15.155014
1502	2	9	0.527	0	0:00:15.156615
1503	4	7	0.242	0	0:00:15.157210
1504	1	9	1.84	0	0:00:15.155190
1505	2	9	1.24	0	0:00:15.156739
1506	5	7	0.778	0	0:00:15.153730
1507	2	9	1.41	0	0:00:15.158292
1508	8	9	1.98	0	0:00:15.153888
1509	1	9	1.65	0	0:00:15.153967
1510	8	8	0.0556	1	0:00:15.150970
1511	1	9	1.53	0	0:00:15.153428
1512	8	9	2.26	0	0:00:15.153380
1513	6	9	0.352	0	0:00:15.155025
1514	0	9	2.04	0	0:00:15.152358
1515	2	9	0.717	0	0:00:15.152720
1516	4	9	1.01	0	0:00:15.152431
1517	1	9	1.22	0	0:00:15.153029
1518	3	9	0.564	0	0:00:15.153990
1519	6	9	1.55	0	0:00:15.153879
1520	7	9	1.53	0	0:00:15.153696
1521	7	7	0.161	1	0:00:15.153038
1522	4	9	0.715	0	0:00:15.154667
1523	4	9	0.549	0	0:00:15.150491
1524	3	9	1.42	0	0:00:15.159057
1525	3	9	1.47	0	0:00:15.154755
1526	4	9	1.28	0	0:00:15.157860
1527	5	9	1.41	0	0:00:15.157413
1528	2	9	0.252	0	0:00:15.155157
1529	4	9	0.395	0	0:00:15.154942
1530	3	9	0.634	0	0:00:15.155025
1531	7	9	0.897	0	0:00:15.155280
1532	8	9	2.35	0	0:00:15.155896
1533	4	7	0.315	0	0:00:15.155910
1534	4	9	1.74	0	0:00:15.156497
1535	4	7	0.147	0	0:00:15.155029
1536	5	9	1.11	0	0:00:15.157832
1537	4	7	0.146	0	0:00:15.153963
1538	3	9	0.892	0	0:00:15.149157
1539	2	9	1.63	0	0:00:15.168307
1540	8	9	2.16	0	0:00:15.172696
1541	4	9	1.28	0	0:00:15.172106
1542	5	9	0.655	0	0:00:15.171947
1543	5	9	0.941	0	0:00:15.169809
1544	4	9	1.24	0	0:00:15.171792
1545	1	9	2.23	0	0:00:15.171641
1546	4	9	0.621	0	0:00:15.174608
1547	2	-1	0.0	0	0:00:15.171544
1548	5	8	0.484	0	0:00:15.170845
1549	1	9	0.995	0	0:00:15.150984
1550	6	9	1.8	0	0:00:15.147836
1551	4	9	1.79	0	0:00:15.144786
1552	3	9	0.533	0	0:00:15.152683
1553	4	9	1.31	0	0:00:15.160089
1554	4	9	0.367	0	0:00:15.162172
1555	0	9	0.96	0	0:00:15.151438
1556	8	9	1.94	0	0:00:15.153195
1557	8	9	2.35	0	0:00:15.151090
1558	4	9	1.02	0	0:00:15.154218
1559	5	9	0.778	0	0:00:15.161663
1560	7	7	1.81	1	0:00:15.164795
1561	5	9	0.864	0	0:00:15.154961
1562	6	9	1.72	0	0:00:15.150946
1563	9	9	2.35	1	0:00:15.149655
1564	1	9	1.58	0	0:00:15.151746
1565	6	9	1.25	0	0:00:15.161137
1566	7	7	0.711	1	0:00:15.160872
1567	2	9	1.18	0	0:00:15.158238
1568	0	9	1.24	0	0:00:15.150299
1569	1	9	1.89	0	0:00:15.148176
1570	4	9	0.923	0	0:00:15.148771
1571	5	9	0.526	0	0:00:15.154700
1572	6	9	1.92	0	0:00:15.159986
1573	0	9	1.51	0	0:00:15.154413
1574	0	9	1.89	0	0:00:15.152633
1575	2	9	1.14	0	0:00:15.153714
1576	7	9	1.11	0	0:00:15.152445
1577	5	9	1.43	0	0:00:15.155022
1578	6	9	1.99	0	0:00:15.154983
1579	0	9	2.09	0	0:00:15.154302
1580	6	9	1.71	0	0:00:15.153276
1581	2	9	1.41	0	0:00:15.151454
1582	9	9	2.35	1	0:00:15.153624
1583	1	9	0.631	0	0:00:15.154655
1584	7	9	0.653	0	0:00:15.153928
1585	7	9	1.03	0	0:00:15.151734
1586	5	9	0.625	0	0:00:15.152241
1587	2	9	1.85	0	0:00:15.150989
1588	5	9	1.43	0	0:00:15.152545
1589	6	9	1.95	0	0:00:15.152539
1590	4	9	0.287	0	0:00:15.153206
1591	1	9	1.48	0	0:00:15.147874
1592	4	9	0.883	0	0:00:15.154895
1593	3	9	2.0	0	0:00:15.151736
1594	3	9	0.0587	0	0:00:15.152848
1595	3	0	0.832	0	0:00:15.149618
1596	0	9	1.81	0	0:00:15.152617
1597	3	9	1.06	0	0:00:15.150979
1598	5	9	1.06	0	0:00:15.152475
1599	5	9	1.85	0	0:00:15.153677
1600	8	9	1.62	0	0:00:15.152217
1601	9	9	1.3	1	0:00:15.151634
1602	7	9	2.0	0	0:00:15.152696
1603	3	9	0.141	0	0:00:15.151519
1604	1	9	2.09	0	0:00:15.152564
1605	3	9	0.791	0	0:00:15.152446
1606	3	9	2.09	0	0:00:15.151706
1607	3	7	0.114	0	0:00:15.150037
1608	4	9	1.34	0	0:00:15.152126
1609	4	9	1.13	0	0:00:15.152053
1610	2	9	1.53	0	0:00:15.152820
1611	3	9	1.49	0	0:00:15.152613
1612	3	9	1.67	0	0:00:15.148024
1613	8	9	1.62	0	0:00:15.154585
1614	1	9	2.21	0	0:00:15.152391
1615	7	9	1.15	0	0:00:15.154888
1616	7	9	1.88	0	0:00:15.153139
1617	0	9	0.802	0	0:00:15.152889
1618	7	9	1.39	0	0:00:15.155408
1619	4	9	1.12	0	0:00:15.153605
1620	5	9	2.16	0	0:00:15.155974
1621	1	9	1.5	0	0:00:15.155886
1622	4	9	1.19	0	0:00:15.152865
1623	2	9	1.37	0	0:00:15.153314
1624	4	9	0.556	0	0:00:15.152011
1625	3	9	0.748	0	0:00:15.152161
1626	9	9	1.71	1	0:00:15.152991
1627	9	9	2.29	1	0:00:15.152747
1628	4	9	0.72	0	0:00:15.153144
1629	9	9	1.58	1	0:00:15.152078
1630	9	9	0.888	1	0:00:15.152398
1631	1	9	1.4	0	0:00:15.151291
1632	8	9	1.24	0	0:00:15.151289
1633	1	9	2.29	0	0:00:15.153308
1634	6	9	0.669	0	0:00:15.152002
1635	7	7	0.626	1	0:00:15.151720
1636	5	9	1.7	0	0:00:15.151119
1637	5	9	1.48	0	0:00:15.151743
1638	4	9	1.41	0	0:00:15.152553
1639	9	9	2.35	1	0:00:15.152657
1640	7	7	0.788	1	0:00:15.152082
1641	6	9	1.61	0	0:00:15.152922
1642	5	9	0.885	0	0:00:15.151962
1643	9	9	2.12	1	0:00:15.152534
1644	2	9	1.89	0	0:00:15.154124
1645	4	9	0.775	0	0:00:15.152642
1646	0	9	0.148	0	0:00:15.155592
1647	7	7	1.17	1	0:00:15.154962
1648	8	9	2.35	0	0:00:15.154312
1649	5	9	0.0554	0	0:00:15.152406
1650	5	9	1.36	0	0:00:15.153932
1651	0	9	1.8	0	0:00:15.148492
1652	0	9	0.596	0	0:00:15.159735
1653	9	9	2.11	1	0:00:15.154876
1654	9	9	2.15	1	0:00:15.155591
1655	8	9	2.29	0	0:00:15.153768
1656	2	9	1.11	0	0:00:15.154085
1657	5	9	0.28	0	0:00:15.152183
1658	4	9	1.73	0	0:00:15.152425
1659	8	9	1.44	0	0:00:15.154201
1660	3	9	0.345	0	0:00:15.152353
1661	6	9	2.17	0	0:00:15.154551
1662	3	9	1.24	0	0:00:15.154238
1663	6	9	2.16	0	0:00:15.153644
1664	0	9	0.297	0	0:00:15.154188
1665	6	9	1.2	0	0:00:15.152390
1666	6	9	1.95	0	0:00:15.153075
1667	6	9	1.62	0	0:00:15.151734
1668	9	9	2.09	1	0:00:15.152076
1669	6	9	1.77	0	0:00:15.152170
1670	6	9	1.55	0	0:00:15.152253
1671	8	9	1.53	0	0:00:15.151770
1672	6	9	1.83	0	0:00:15.154529
1673	2	9	1.65	0	0:00:15.153241
1674	4	9	0.323	0	0:00:15.154025
1675	5	9	1.34	0	0:00:15.153863
1676	8	9	2.29	0	0:00:15.156010
1677	1	9	0.341	0	0:00:15.153868
1678	2	9	1.63	0	0:00:15.154600
1679	7	-1	0.0	0	0:00:15.152504
1680	6	9	1.86	0	0:00:15.153743
1681	5	9	1.59	0	0:00:15.152725
1682	7	7	0.321	1	0:00:15.151628
1683	8	9	2.09	0	0:00:15.154153
1684	1	9	2.35	0	0:00:15.153905
1685	8	9	1.5	0	0:00:15.153542
1686	0	9	1.21	0	0:00:15.150892
1687	8	9	0.351	0	0:00:15.152361
1688	6	9	1.68	0	0:00:15.154593
1689	9	9	2.23	1	0:00:15.152653
1690	2	9	0.405	0	0:00:15.152786
1691	8	9	2.05	0	0:00:15.148106
1692	9	9	0.789	1	0:00:15.156459
1693	4	9	2.35	0	0:00:15.154681
1694	0	-1	0.0	0	0:00:15.154310
1695	9	9	2.15	1	0:00:15.153124
1696	4	9	0.61	0	0:00:15.152530
1697	9	9	1.85	1	0:00:15.152609
1698	5	9	1.56	0	0:00:15.153761
1699	7	7	0.193	1	0:00:15.150255
1700	5	9	1.19	0	0:00:15.153355
1701	5	9	2.35	0	0:00:15.150590
1702	9	9	1.95	1	0:00:15.152721
1703	5	9	2.1	0	0:00:15.154001
1704	3	9	0.146	0	0:00:15.153465
1705	0	9	0.624	0	0:00:15.153672
1706	1	9	1.77	0	0:00:15.155352
1707	9	9	2.0	1	0:00:15.156150
1708	7	9	2.07	0	0:00:15.154365
1709	2	9	0.743	0	0:00:15.155551
1710	4	9	1.27	0	0:00:15.154562
1711	1	9	1.67	0	0:00:15.152534
1712	0	9	2.04	0	0:00:15.152282
1713	8	9	0.174	0	0:00:15.150998
1714	0	9	0.532	0	0:00:15.152963
1715	3	9	0.703	0	0:00:15.153534
1716	1	9	1.94	0	0:00:15.151897
1717	7	7	0.527	1	0:00:15.152306
1718	0	9	2.06	0	0:00:15.154669
1719	0	9	1.47	0	0:00:15.154805
1720	4	7	0.268	0	0:00:15.151205
1721	8	9	1.91	0	0:00:15.153659
1722	6	9	1.95	0	0:00:15.152015
1723	2	9	0.0742	0	0:00:15.153362
1724	4	9	1.38	0	0:00:15.152408
1725	0	9	1.92	0	0:00:15.152791
1726	0	9	0.948	0	0:00:15.153091
1727	9	9	1.2	1	0:00:15.154134
1728	0	9	2.35	0	0:00:15.152610
1729	8	9	0.62	0	0:00:15.152115
1730	4	9	1.84	0	0:00:15.154137
1731	5	9	1.07	0	0:00:15.152716
1732	9	9	0.658	1	0:00:15.147974
1733	3	9	1.48	0	0:00:15.155211
1734	9	9	1.79	1	0:00:15.152824
1735	0	9	1.27	0	0:00:15.151981
1736	5	9	0.593	0	0:00:15.152750
1737	6	9	1.71	0	0:00:15.153860
1738	5	9	1.6	0	0:00:15.153399
1739	0	9	1.15	0	0:00:15.154733
1740	1	9	2.17	0	0:00:15.154850
1741	4	9	0.571	0	0:00:15.152462
1742	8	9	0.786	0	0:00:15.153971
1743	1	9	1.63	0	0:00:15.152787
1744	0	9	0.551	0	0:00:15.153818
1745	5	9	0.156	0	0:00:15.153350
1746	2	9	1.99	0	0:00:15.154916
1747	1	9	1.33	0	0:00:15.154210
1748	0	9	0.744	0	0:00:15.152921
1749	2	7	0.149	0	0:00:15.151229
1750	8	9	1.86	0	0:00:15.153242
1751	1	9	2.35	0	0:00:15.151013
1752	5	-1	0.0	0	0:00:15.149977
1753	6	9	1.47	0	0:00:15.150601
1754	7	7	0.772	1	0:00:15.151273
1755	7	7	0.0988	1	0:00:15.152794
1756	2	9	0.514	0	0:00:15.150681
1757	6	9	2.06	0	0:00:15.154308
1758	2	9	1.06	0	0:00:15.152151
1759	5	7	0.0938	0	0:00:15.153024
1760	0	9	1.74	0	0:00:15.154171
1761	1	9	1.8	0	0:00:15.151684
1762	4	9	1.4	0	0:00:15.154216
1763	2	9	1.08	0	0:00:15.153506
1764	5	9	1.66	0	0:00:15.153607
1765	4	9	1.24	0	0:00:15.151232
1766	6	9	0.812	0	0:00:15.150046
1767	2	9	1.1	0	0:00:15.152977
1768	2	9	0.678	0	0:00:15.152379
1769	1	9	2.16	0	0:00:15.154086
1770	7	7	0.0213	1	0:00:15.149291
1771	2	9	1.05	0	0:00:15.151606
1772	8	9	1.42	0	0:00:15.153968
1773	5	9	0.206	0	0:00:15.153285
1774	5	9	1.35	0	0:00:15.152233
1775	3	9	0.522	0	0:00:15.151912
1776	0	9	1.24	0	0:00:15.150875
1777	4	9	1.15	0	0:00:15.154655
1778	8	9	2.35	0	0:00:15.154857
1779	3	9	0.496	0	0:00:15.152831
1780	7	9	0.591	0	0:00:15.155075
1781	6	9	0.898	0	0:00:15.152941
1782	3	9	1.26	0	0:00:15.155671
1783	8	9	2.16	0	0:00:15.153786
1784	1	9	2.35	0	0:00:15.153434
1785	0	9	0.528	0	0:00:15.153234
1786	1	9	2.23	0	0:00:15.154019
1787	3	-1	0.0	0	0:00:15.149128
1788	3	9	1.09	0	0:00:15.154271
1789	0	7	0.443	0	0:00:15.151208
1790	7	9	1.45	0	0:00:15.154281
1791	4	9	1.11	0	0:00:15.151961
1792	9	9	2.35	1	0:00:15.154602
1793	5	9	0.0647	0	0:00:15.153688
1794	3	9	0.618	0	0:00:15.154190
1795	6	9	2.09	0	0:00:15.151951
1796	0	9	2.29	0	0:00:15.155356
1797	1	9	1.37	0	0:00:15.154666
1798	4	9	0.233	0	0:00:15.153514
1799	4	9	0.416	0	0:00:15.153722
1800	4	9	1.53	0	0:00:15.155230
1801	4	9	0.139	0	0:00:15.154813
1802	2	9	0.78	0	0:00:15.155096
1803	2	9	1.53	0	0:00:15.153595
1804	5	9	2.11	0	0:00:15.151057
1805	8	9	1.77	0	0:00:15.154409
1806	1	9	1.1	0	0:00:15.153304
1807	5	9	1.01	0	0:00:15.153224
1808	9	9	0.917	1	0:00:15.147801
1809	8	9	1.94	0	0:00:15.155344
1810	1	9	1.77	0	0:00:15.153336
1811	1	9	1.57	0	0:00:15.153107
1812	5	-1	0.0	0	0:00:15.152397
1813	3	9	1.18	0	0:00:15.153638
1814	9	9	2.35	1	0:00:15.153466
1815	9	9	1.48	1	0:00:15.150843
1816	7	9	0.957	0	0:00:15.152719
1817	6	9	1.13	0	0:00:15.151610
1818	5	9	1.69	0	0:00:15.152483
1819	0	9	1.62	0	0:00:15.154294
1820	8	9	1.94	0	0:00:15.153534
1821	4	9	1.37	0	0:00:15.152489
1822	7	9	0.137	0	0:00:15.153115
1823	0	0	0.429	1	0:00:15.153393
1824	9	9	1.7	1	0:00:15.150087
1825	2	9	0.99	0	0:00:15.149200
1826	8	9	2.35	0	0:00:15.151952
1827	4	9	0.251	0	0:00:15.152596
1828	7	9	1.32	0	0:00:15.150191
1829	1	9	0.915	0	0:00:15.146155
1830	3	9	1.46	0	0:00:15.151796
1831	9	9	1.89	1	0:00:15.152498
1832	6	9	2.03	0	0:00:15.150339
1833	8	9	2.23	0	0:00:15.145653
1834	9	9	1.62	1	0:00:15.151561
1835	0	9	0.219	0	0:00:15.150420
1836	4	9	0.949	0	0:00:15.151703
1837	9	9	0.542	1	0:00:15.151805
1838	6	9	2.26	0	0:00:15.149272
1839	7	7	1.65	1	0:00:15.151000
1840	8	9	1.73	0	0:00:15.149775
1841	9	9	0.957	1	0:00:15.151733
1842	4	7	0.147	0	0:00:15.153629
1843	8	9	2.05	0	0:00:15.151052
1844	9	9	1.97	1	0:00:15.154503
1845	7	9	0.739	0	0:00:15.151809
1846	2	9	1.97	0	0:00:15.155432
1847	5	9	1.34	0	0:00:15.153980
1848	3	9	1.22	0	0:00:15.151002
1849	7	7	0.216	1	0:00:15.152455
1850	1	9	0.64	0	0:00:15.151546
1851	0	-1	0.0	0	0:00:15.151956
1852	2	9	1.1	0	0:00:15.152245
1853	9	9	1.44	1	0:00:15.151054
1854	5	9	1.59	0	0:00:15.153965
1855	5	9	1.87	0	0:00:15.153803
1856	8	9	1.86	0	0:00:15.150848
1857	5	9	1.44	0	0:00:15.152333
1858	4	7	0.121	0	0:00:15.151779
1859	2	9	0.485	0	0:00:15.151056
1860	8	9	0.618	0	0:00:15.149955
1861	3	9	1.49	0	0:00:15.151500
1862	5	9	1.51	0	0:00:15.149184
1863	5	9	1.19	0	0:00:15.152324
1864	7	9	0.217	0	0:00:15.152028
1865	7	9	0.908	0	0:00:15.153542
1866	8	9	2.21	0	0:00:15.146924
1867	6	9	1.9	0	0:00:15.155087
1868	2	9	1.32	0	0:00:15.153987
1869	8	9	2.29	0	0:00:15.153486
1870	2	-1	0.0	0	0:00:15.153290
1871	3	9	0.719	0	0:00:15.152317
1872	5	9	1.84	0	0:00:15.153749
1873	6	9	1.01	0	0:00:15.153435
1874	8	9	0.787	0	0:00:15.151836
1875	0	9	1.24	0	0:00:15.153053
1876	2	9	0.466	0	0:00:15.153514
1877	3	9	1.75	0	0:00:15.153738
1878	7	7	0.722	1	0:00:15.152948
1879	0	9	1.03	0	0:00:15.151972
1880	1	9	1.68	0	0:00:15.152732
1881	9	9	2.26	1	0:00:15.154392
1882	1	9	0.92	0	0:00:15.154535
1883	3	9	1.47	0	0:00:15.152493
1884	7	9	0.553	0	0:00:15.153067
1885	5	9	0.22	0	0:00:15.151711
1886	8	9	1.95	0	0:00:15.153597
1887	3	9	1.53	0	0:00:15.148517
1888	2	9	1.95	0	0:00:15.156842
1889	9	9	2.21	1	0:00:15.155416
1890	6	9	1.29	0	0:00:15.156931
1891	8	9	0.491	0	0:00:15.154291
1892	6	9	1.22	0	0:00:15.154377
1893	9	9	2.26	1	0:00:15.152002
1894	3	9	1.24	0	0:00:15.156084
1895	8	9	2.26	0	0:00:15.155766
1896	9	9	2.04	1	0:00:15.156319
1897	8	9	0.724	0	0:00:15.155227
1898	0	9	2.0	0	0:00:15.155875
1899	7	9	0.48	0	0:00:15.155012
1900	8	9	1.55	0	0:00:15.155548
1901	5	9	1.24	0	0:00:15.152858
1902	0	-1	0.0	0	0:00:15.153239
1903	0	9	2.21	0	0:00:15.152995
1904	1	9	2.35	0	0:00:15.155359
1905	3	9	0.854	0	0:00:15.153909
1906	9	9	0.674	1	0:00:15.150765
1907	1	9	1.65	0	0:00:15.157425
1908	5	9	1.06	0	0:00:15.153662
1909	3	9	1.68	0	0:00:15.152771
1910	4	9	1.69	0	0:00:15.152789
1911	4	9	1.95	0	0:00:15.153345
1912	0	9	1.46	0	0:00:15.151927
1913	9	9	0.981	1	0:00:15.154065
1914	9	9	1.56	1	0:00:15.154487
1915	9	9	1.84	1	0:00:15.154809
1916	9	9	1.87	1	0:00:15.154262
1917	8	9	1.68	0	0:00:15.155919
1918	2	9	0.292	0	0:00:15.156065
1919	4	9	1.05	0	0:00:15.157064
1920	2	7	0.375	0	0:00:15.156423
1921	2	9	1.99	0	0:00:15.156427
1922	5	9	0.93	0	0:00:15.155354
1923	1	9	1.51	0	0:00:15.157140
1924	9	9	0.771	1	0:00:15.153780
1925	1	9	1.75	0	0:00:15.150822
1926	0	9	2.29	0	0:00:15.153241
1927	9	9	1.04	1	0:00:15.154786
1928	4	9	1.17	0	0:00:15.154641
1929	2	9	1.44	0	0:00:15.155567
1930	1	9	1.71	0	0:00:15.154448
1931	6	9	0.891	0	0:00:15.154111
1932	0	9	0.937	0	0:00:15.151909
1933	3	9	1.52	0	0:00:15.154301
1934	7	9	1.21	0	0:00:15.152774
1935	6	9	0.901	0	0:00:15.153652
1936	3	7	0.23	0	0:00:15.154899
1937	1	9	1.38	0	0:00:15.153680
1938	8	9	1.95	0	0:00:15.152064
1939	6	9	0.776	0	0:00:15.153610
1940	5	9	1.14	0	0:00:15.152881
1941	7	9	1.18	0	0:00:15.153133
1942	2	9	1.27	0	0:00:15.152523
1943	8	9	1.94	0	0:00:15.152455
1944	4	9	1.98	0	0:00:15.151087
1945	4	7	0.163	0	0:00:15.148624
1946	8	9	1.49	0	0:00:15.152572
1947	3	9	2.04	0	0:00:15.150954
1948	5	9	2.01	0	0:00:15.150539
1949	0	9	1.55	0	0:00:15.150298
1950	5	9	1.23	0	0:00:15.153674
1951	7	9	0.908	0	0:00:15.151520
1952	4	9	1.24	0	0:00:15.150075
1953	4	9	1.18	0	0:00:15.150250
1954	2	9	0.997	0	0:00:15.149036
1955	2	9	1.53	0	0:00:15.151230
1956	7	9	0.945	0	0:00:15.152626
1957	3	9	1.56	0	0:00:15.150022
1958	6	9	1.17	0	0:00:15.148665
1959	0	9	1.57	0	0:00:15.151757
1960	2	9	1.25	0	0:00:15.153138
1961	7	9	0.62	0	0:00:15.149695
1962	6	9	1.36	0	0:00:15.153705
1963	2	9	0.786	0	0:00:15.151793
1964	3	9	1.36	0	0:00:15.152413
1965	0	9	0.00958	0	0:00:15.146015
1966	7	9	0.365	0	0:00:15.147422
1967	7	9	0.0634	0	0:00:15.151489
1968	8	9	1.01	0	0:00:15.151720
1969	1	9	1.06	0	0:00:15.149997
1970	1	9	0.76	0	0:00:15.147971
