idx	label	predict	radius	correct	time
0	3	9	1.84	0	0:00:10.617426
1	8	9	1.45	0	0:00:10.655661
2	8	9	1.22	0	0:00:10.708183
3	0	9	1.19	0	0:00:10.730098
4	6	9	0.424	0	0:00:10.762165
5	6	9	0.955	0	0:00:10.766816
6	1	9	1.26	0	0:00:10.770278
7	6	9	1.58	0	0:00:10.791500
8	3	9	1.03	0	0:00:10.798773
9	1	9	1.88	0	0:00:10.806600
10	0	9	0.895	0	0:00:10.821031
11	9	9	1.88	1	0:00:10.811789
12	5	9	1.14	0	0:00:10.827157
13	7	9	0.278	0	0:00:10.842098
14	9	9	1.81	1	0:00:10.831797
15	8	-1	0.0	0	0:00:10.837365
16	5	9	1.25	0	0:00:10.863193
17	7	9	1.09	0	0:00:10.835287
18	8	9	1.42	0	0:00:10.875317
19	6	9	0.663	0	0:00:10.872427
20	7	7	0.874	1	0:00:10.894414
21	0	4	0.303	0	0:00:10.838502
22	4	9	1.55	0	0:00:10.891053
23	9	9	1.34	1	0:00:10.860387
24	5	-1	0.0	0	0:00:10.854632
25	2	9	0.917	0	0:00:10.873534
26	4	9	0.672	0	0:00:10.875447
27	0	9	0.469	0	0:00:10.877095
28	9	9	1.81	1	0:00:10.863809
29	6	9	1.34	0	0:00:10.839347
30	6	9	0.824	0	0:00:10.895361
31	5	9	1.39	0	0:00:10.858561
32	4	9	0.482	0	0:00:10.884357
33	5	9	0.946	0	0:00:10.860990
34	9	9	1.24	1	0:00:10.880928
35	2	9	1.4	0	0:00:10.852851
36	4	9	0.814	0	0:00:10.889374
37	1	9	1.09	0	0:00:10.862872
38	9	9	1.83	1	0:00:10.877405
39	5	9	1.22	0	0:00:10.894161
40	4	9	0.82	0	0:00:10.857482
41	6	9	1.35	0	0:00:10.866833
42	5	9	1.12	0	0:00:10.891727
43	6	9	0.844	0	0:00:10.870856
44	0	9	0.207	0	0:00:10.872931
45	9	9	1.53	1	0:00:10.888312
46	3	9	1.42	0	0:00:10.865166
47	9	9	1.27	1	0:00:10.887267
48	7	9	0.61	0	0:00:10.879136
49	6	9	0.559	0	0:00:10.862292
50	9	9	1.22	1	0:00:10.862949
51	8	9	1.54	0	0:00:10.870577
52	0	9	0.743	0	0:00:10.875632
53	3	9	1.91	0	0:00:10.865095
54	8	9	1.29	0	0:00:10.879411
55	8	9	1.37	0	0:00:10.857965
56	7	7	0.315	1	0:00:10.875557
57	7	9	1.66	0	0:00:10.899695
58	4	9	1.47	0	0:00:10.842382
59	6	9	0.737	0	0:00:10.878246
60	7	7	1.04	1	0:00:10.870620
61	3	9	0.4	0	0:00:10.844730
62	6	9	1.28	0	0:00:10.884382
63	3	9	1.34	0	0:00:10.880422
64	6	9	0.527	0	0:00:10.869569
65	2	9	0.773	0	0:00:10.856310
66	1	9	0.828	0	0:00:10.889812
67	2	9	0.469	0	0:00:10.832021
68	3	9	1.27	0	0:00:10.847776
69	7	9	1.73	0	0:00:10.871169
70	2	9	0.747	0	0:00:10.893761
71	6	9	1.61	0	0:00:10.864275
72	8	9	0.955	0	0:00:10.860519
73	8	9	0.812	0	0:00:10.849908
74	0	9	0.487	0	0:00:10.867306
75	2	9	0.264	0	0:00:10.854463
76	9	9	0.887	1	0:00:10.882650
77	3	9	1.4	0	0:00:10.874455
78	3	9	0.492	0	0:00:10.856776
79	8	9	1.21	0	0:00:10.845583
80	8	9	1.22	0	0:00:10.866728
81	1	9	0.353	0	0:00:10.854127
82	1	9	0.656	0	0:00:10.893581
83	7	7	0.289	1	0:00:10.847760
84	2	9	0.529	0	0:00:10.859458
85	5	7	0.2	0	0:00:10.887933
86	2	9	1.88	0	0:00:10.867111
87	7	9	1.83	0	0:00:10.875095
88	8	9	1.6	0	0:00:10.889219
89	9	9	1.51	1	0:00:10.837549
90	0	9	1.44	0	0:00:10.887116
91	3	9	1.37	0	0:00:10.878912
92	8	9	0.555	0	0:00:10.847620
93	6	9	0.843	0	0:00:10.863215
94	4	9	0.595	0	0:00:10.887000
95	6	9	1.0	0	0:00:10.867613
96	6	9	0.913	0	0:00:10.869539
97	0	9	1.13	0	0:00:10.854253
98	0	4	0.53	0	0:00:10.840954
99	7	9	0.68	0	0:00:10.869606
100	4	9	0.662	0	0:00:10.862051
101	5	9	1.12	0	0:00:10.866291
102	6	9	1.68	0	0:00:10.848565
103	3	9	1.74	0	0:00:10.863605
104	1	9	0.33	0	0:00:10.874840
105	1	9	0.96	0	0:00:10.828675
106	3	9	1.06	0	0:00:10.853220
107	6	9	1.2	0	0:00:10.879673
108	8	9	0.91	0	0:00:10.860899
109	7	9	1.23	0	0:00:10.863755
110	4	-1	0.0	0	0:00:10.837441
111	0	9	0.0616	0	0:00:10.868699
112	6	9	0.567	0	0:00:10.856475
113	2	9	1.52	0	0:00:10.865251
114	1	9	0.1	0	0:00:10.856653
115	3	9	1.03	0	0:00:10.863388
116	0	9	0.209	0	0:00:10.865015
117	4	9	0.933	0	0:00:10.875818
118	2	9	1.15	0	0:00:10.849510
119	7	9	0.739	0	0:00:10.885761
120	8	9	0.983	0	0:00:10.876733
121	3	9	0.194	0	0:00:10.879905
122	1	9	0.787	0	0:00:10.850727
123	2	9	0.182	0	0:00:10.877837
124	8	9	0.713	0	0:00:10.868238
125	0	9	0.85	0	0:00:10.891371
126	8	9	1.71	0	0:00:10.860840
127	3	9	1.42	0	0:00:10.856571
128	5	-1	0.0	0	0:00:10.899925
129	2	9	1.14	0	0:00:10.873323
130	4	9	0.0171	0	0:00:10.873000
131	1	9	1.61	0	0:00:10.866409
132	8	9	1.18	0	0:00:10.890387
133	9	9	0.976	1	0:00:10.857825
134	1	9	1.16	0	0:00:10.880300
135	2	9	1.18	0	0:00:10.850969
136	9	9	1.96	1	0:00:10.863368
137	7	9	0.368	0	0:00:10.864641
138	2	9	0.993	0	0:00:10.899679
139	9	9	0.764	1	0:00:10.865511
140	6	9	1.02	0	0:00:10.848322
141	5	9	0.338	0	0:00:10.855397
142	6	9	1.11	0	0:00:10.858018
143	3	9	1.5	0	0:00:10.854270
144	8	9	0.722	0	0:00:10.849420
145	7	9	1.09	0	0:00:10.878976
146	6	9	1.41	0	0:00:10.872741
147	2	9	1.48	0	0:00:10.854064
148	5	9	0.273	0	0:00:10.894084
149	2	9	0.797	0	0:00:10.838395
150	8	9	0.807	0	0:00:10.858047
151	9	9	1.46	1	0:00:10.887108
152	6	9	1.18	0	0:00:10.880073
153	0	9	0.65	0	0:00:10.866766
154	0	9	0.726	0	0:00:10.862605
155	5	9	1.23	0	0:00:10.875010
156	2	9	0.589	0	0:00:10.873058
157	9	9	1.73	1	0:00:10.873719
158	5	9	0.799	0	0:00:10.875884
159	4	9	0.706	0	0:00:10.881974
160	2	9	0.0118	0	0:00:10.860579
161	1	9	1.27	0	0:00:10.879538
162	6	9	1.46	0	0:00:10.881625
163	6	9	1.35	0	0:00:10.926619
164	8	9	1.42	0	0:00:10.848830
165	4	9	0.369	0	0:00:10.869844
166	8	9	1.57	0	0:00:10.871288
167	4	9	1.44	0	0:00:10.882808
168	5	9	0.51	0	0:00:10.867483
169	0	9	1.64	0	0:00:10.865691
170	9	9	1.44	1	0:00:10.910677
171	9	9	0.264	1	0:00:10.855026
172	9	9	1.27	1	0:00:10.901866
173	8	9	1.42	0	0:00:10.866988
174	9	9	1.26	1	0:00:10.857565
175	9	9	1.88	1	0:00:10.865027
176	3	9	1.29	0	0:00:10.863769
177	7	9	0.683	0	0:00:10.883532
178	5	9	1.14	0	0:00:10.869657
179	0	9	0.803	0	0:00:10.880355
180	0	9	0.618	0	0:00:10.890528
181	5	7	0.244	0	0:00:10.851749
182	2	9	0.399	0	0:00:10.869261
183	2	9	1.31	0	0:00:10.872428
184	3	9	0.0836	0	0:00:10.897045
185	8	9	1.04	0	0:00:10.876711
186	6	9	1.36	0	0:00:10.860050
187	3	9	0.945	0	0:00:10.882474
188	4	9	0.308	0	0:00:10.889991
189	0	9	1.49	0	0:00:10.872175
190	5	9	1.71	0	0:00:10.857795
191	8	9	1.23	0	0:00:10.892444
192	0	9	0.941	0	0:00:10.867825
193	1	9	0.705	0	0:00:10.871341
194	7	9	1.25	0	0:00:10.899770
195	2	9	0.852	0	0:00:10.853639
196	8	9	0.247	0	0:00:10.854741
197	8	9	0.561	0	0:00:10.878630
198	7	-1	0.0	0	0:00:10.880407
199	8	9	0.389	0	0:00:10.869240
200	5	9	0.879	0	0:00:10.854975
201	1	9	1.5	0	0:00:10.889639
202	8	9	1.21	0	0:00:10.861164
203	7	7	0.893	1	0:00:10.859968
204	1	9	0.65	0	0:00:10.896466
205	3	9	1.67	0	0:00:10.865597
206	0	9	1.43	0	0:00:10.863286
207	5	9	0.456	0	0:00:10.872439
208	7	7	0.235	1	0:00:10.899443
209	9	9	1.53	1	0:00:10.870539
210	7	9	0.738	0	0:00:10.881592
211	4	9	1.36	0	0:00:10.861593
212	5	9	0.0375	0	0:00:10.869078
213	9	9	1.19	1	0:00:10.854625
214	8	9	0.993	0	0:00:10.899906
215	0	0	0.157	1	0:00:10.863894
216	7	7	0.204	1	0:00:10.874300
217	9	9	1.6	1	0:00:10.876635
218	8	8	0.456	1	0:00:10.845094
219	2	7	0.292	0	0:00:10.916837
220	7	7	1.39	1	0:00:10.891007
221	6	9	1.17	0	0:00:10.883365
222	9	9	1.59	1	0:00:10.875311
223	4	9	0.44	0	0:00:10.869582
224	3	9	1.56	0	0:00:10.893923
225	9	9	1.71	1	0:00:10.869467
226	6	9	1.88	0	0:00:10.913861
227	4	9	0.522	0	0:00:10.848853
228	7	9	0.514	0	0:00:10.873365
229	6	7	0.121	0	0:00:10.924513
230	5	9	0.0956	0	0:00:10.896669
231	1	9	1.13	0	0:00:10.863719
232	5	-1	0.0	0	0:00:10.876086
233	8	9	0.613	0	0:00:10.868347
234	8	9	1.31	0	0:00:10.876919
235	0	9	0.00838	0	0:00:10.893702
236	4	9	1.5	0	0:00:10.885795
237	0	9	1.39	0	0:00:10.876793
238	5	9	1.04	0	0:00:10.862952
239	5	0	0.0188	0	0:00:10.868901
240	1	9	0.833	0	0:00:10.867477
241	1	9	1.79	0	0:00:10.893055
242	8	9	1.08	0	0:00:10.881081
243	9	9	1.76	1	0:00:10.859073
244	0	9	0.848	0	0:00:10.866943
245	3	9	0.887	0	0:00:10.899914
246	1	9	0.492	0	0:00:10.888729
247	9	9	1.71	1	0:00:10.897378
248	2	9	1.02	0	0:00:10.874574
249	2	9	0.374	0	0:00:10.871186
250	5	9	0.592	0	0:00:10.905528
251	3	9	1.06	0	0:00:10.855716
252	9	9	1.62	1	0:00:10.885850
253	9	9	1.06	1	0:00:10.861027
254	4	9	0.768	0	0:00:10.869347
255	0	9	0.839	0	0:00:10.867343
256	3	9	1.62	0	0:00:10.874533
257	0	9	1.03	0	0:00:10.863142
258	0	9	0.873	0	0:00:10.890983
259	9	9	1.3	1	0:00:10.872082
260	8	9	0.87	0	0:00:10.880538
261	1	9	1.69	0	0:00:10.878826
262	5	9	0.18	0	0:00:10.875128
263	7	9	1.54	0	0:00:10.876990
264	0	0	0.00976	1	0:00:10.886887
265	8	9	1.69	0	0:00:10.887924
266	2	9	1.35	0	0:00:10.888840
267	4	9	0.439	0	0:00:10.860884
268	7	9	0.593	0	0:00:10.904952
269	0	9	0.113	0	0:00:10.875195
270	2	9	0.877	0	0:00:10.886363
271	3	9	0.791	0	0:00:10.860774
272	6	9	1.61	0	0:00:10.891567
273	3	9	1.47	0	0:00:10.881133
274	8	9	1.45	0	0:00:10.890883
275	5	5	0.0719	1	0:00:10.871973
276	0	9	1.18	0	0:00:10.920375
277	3	9	0.851	0	0:00:10.849267
278	4	7	0.487	0	0:00:10.885732
279	3	9	0.613	0	0:00:10.871873
280	9	9	1.88	1	0:00:10.873286
281	0	-1	0.0	0	0:00:10.872851
282	6	9	1.02	0	0:00:10.872517
283	1	9	0.761	0	0:00:10.864812
284	0	9	1.2	0	0:00:10.889034
285	9	9	1.77	1	0:00:10.863981
286	1	9	1.15	0	0:00:10.869477
287	0	9	1.31	0	0:00:10.877503
288	7	7	1.32	1	0:00:10.875201
289	9	9	0.81	1	0:00:10.892400
290	1	9	0.704	0	0:00:10.861851
291	2	9	1.03	0	0:00:10.886586
292	6	9	1.27	0	0:00:10.882115
293	9	9	1.66	1	0:00:10.888036
294	3	5	0.17	0	0:00:10.898180
295	4	9	0.152	0	0:00:10.876220
296	6	9	0.935	0	0:00:10.884472
297	0	0	0.0242	1	0:00:10.859298
298	0	0	0.533	1	0:00:10.900106
299	6	9	0.984	0	0:00:10.866590
300	6	-1	0.0	0	0:00:10.888641
301	6	9	1.0	0	0:00:10.865728
302	3	9	0.0873	0	0:00:10.896119
303	2	9	1.61	0	0:00:10.860045
304	6	9	0.635	0	0:00:10.910112
305	1	9	1.16	0	0:00:10.862071
306	8	9	1.62	0	0:00:10.908409
307	2	9	0.343	0	0:00:10.920362
308	1	9	0.203	0	0:00:10.871403
309	6	9	0.878	0	0:00:10.861263
310	8	9	1.45	0	0:00:10.879884
311	6	9	0.33	0	0:00:10.896464
312	8	9	0.951	0	0:00:10.861185
313	0	8	0.228	0	0:00:10.892188
314	4	9	0.355	0	0:00:10.894847
315	0	7	0.0377	0	0:00:10.860351
316	7	9	1.09	0	0:00:10.875211
317	7	9	0.237	0	0:00:10.882209
318	5	9	0.959	0	0:00:10.895611
319	5	9	1.22	0	0:00:10.878633
320	3	9	0.953	0	0:00:10.874681
321	5	9	1.96	0	0:00:10.879472
322	2	9	0.895	0	0:00:10.875632
323	3	9	0.896	0	0:00:10.859692
324	4	9	1.24	0	0:00:10.865566
325	1	9	1.36	0	0:00:10.892811
326	7	9	0.948	0	0:00:10.882012
327	5	9	1.14	0	0:00:10.901007
328	4	9	1.28	0	0:00:10.891542
329	6	9	1.31	0	0:00:10.884681
330	1	1	0.576	1	0:00:10.896710
331	9	9	1.91	1	0:00:10.849722
332	3	9	0.822	0	0:00:10.909531
333	6	9	0.846	0	0:00:10.855322
334	6	9	1.45	0	0:00:10.858325
335	9	9	1.83	1	0:00:10.867551
336	3	9	1.59	0	0:00:10.859739
337	8	9	1.61	0	0:00:10.894960
338	0	-1	0.0	0	0:00:10.859863
339	7	9	1.11	0	0:00:10.876193
340	2	9	0.768	0	0:00:10.893511
341	6	9	1.45	0	0:00:10.897932
342	2	9	0.573	0	0:00:10.866249
343	5	9	0.909	0	0:00:10.887871
344	8	9	0.719	0	0:00:10.888785
345	5	9	0.653	0	0:00:10.885414
346	4	7	0.657	0	0:00:10.886069
347	6	9	0.481	0	0:00:10.867308
348	8	8	0.626	1	0:00:10.870104
349	9	9	1.79	1	0:00:10.894013
350	9	9	1.52	1	0:00:10.855698
351	1	9	0.344	0	0:00:10.882642
352	0	9	1.74	0	0:00:10.858561
353	2	-1	0.0	0	0:00:10.872367
354	2	9	1.45	0	0:00:10.902639
355	7	9	1.1	0	0:00:10.871018
356	3	9	1.04	0	0:00:10.884127
357	2	9	0.834	0	0:00:10.896353
358	8	9	1.17	0	0:00:10.857415
359	0	9	1.78	0	0:00:10.886263
360	9	9	1.8	1	0:00:10.859392
361	5	9	0.728	0	0:00:10.891742
362	8	9	0.428	0	0:00:10.853845
363	1	9	1.63	0	0:00:10.903141
364	9	1	0.00435	0	0:00:10.858166
365	4	9	0.0334	0	0:00:10.872501
366	1	9	1.09	0	0:00:10.888424
367	3	9	1.62	0	0:00:10.867424
368	8	9	0.48	0	0:00:10.872538
369	1	9	0.86	0	0:00:10.908285
370	4	9	1.18	0	0:00:10.855464
371	7	7	0.732	1	0:00:10.881384
372	9	9	1.96	1	0:00:10.873827
373	4	9	1.17	0	0:00:10.886100
374	2	9	1.05	0	0:00:10.887948
375	7	9	0.723	0	0:00:10.868995
376	0	9	1.96	0	0:00:10.870620
377	7	9	1.11	0	0:00:10.871394
378	0	9	1.17	0	0:00:10.886800
379	6	9	0.848	0	0:00:10.895681
380	6	9	1.21	0	0:00:10.865365
381	9	9	1.96	1	0:00:10.871528
382	0	0	0.788	1	0:00:10.868550
383	9	9	1.01	1	0:00:10.876308
384	2	9	1.8	0	0:00:10.896726
385	8	8	0.152	1	0:00:10.870790
386	7	9	0.0722	0	0:00:10.859713
387	2	-1	0.0	0	0:00:10.884440
388	2	9	0.916	0	0:00:10.885073
389	5	9	0.734	0	0:00:10.871070
390	1	9	1.18	0	0:00:10.866207
391	2	9	0.0815	0	0:00:10.882446
392	6	9	0.392	0	0:00:10.887776
393	2	-1	0.0	0	0:00:10.894662
394	9	9	1.23	1	0:00:10.909862
395	6	9	1.32	0	0:00:10.882480
396	2	9	0.645	0	0:00:10.885492
397	3	9	0.952	0	0:00:10.878863
398	0	9	0.659	0	0:00:10.883558
399	3	9	1.26	0	0:00:10.908951
400	9	9	1.96	1	0:00:10.886841
401	8	9	0.211	0	0:00:10.881617
402	7	7	0.00837	1	0:00:10.899204
403	8	9	1.53	0	0:00:10.951087
404	8	9	0.959	0	0:00:10.852480
405	4	9	1.09	0	0:00:10.879095
406	0	-1	0.0	0	0:00:10.919180
407	1	9	0.54	0	0:00:10.882427
408	8	9	0.632	0	0:00:10.893300
409	2	9	0.179	0	0:00:10.884346
410	7	9	1.37	0	0:00:10.895532
411	9	9	1.29	1	0:00:10.896918
412	3	7	0.658	0	0:00:10.894237
413	6	9	0.564	0	0:00:10.891431
414	1	9	1.44	0	0:00:10.921184
415	9	9	1.96	1	0:00:10.877735
416	0	-1	0.0	0	0:00:10.884631
417	7	9	1.66	0	0:00:10.919522
418	3	9	1.13	0	0:00:10.870857
419	7	9	1.52	0	0:00:10.874517
420	4	9	1.3	0	0:00:10.892761
421	5	9	0.425	0	0:00:10.878074
422	0	9	0.866	0	0:00:10.905339
423	0	9	0.134	0	0:00:10.897699
424	2	9	0.974	0	0:00:10.922684
425	9	9	1.96	1	0:00:10.863322
426	3	9	1.81	0	0:00:10.896486
427	4	9	1.42	0	0:00:10.891083
428	0	9	1.25	0	0:00:10.900479
429	6	9	0.939	0	0:00:10.876941
430	2	9	1.11	0	0:00:10.919837
431	5	9	0.678	0	0:00:10.911461
432	3	9	1.08	0	0:00:10.894088
433	7	9	0.568	0	0:00:10.912838
434	3	9	1.55	0	0:00:10.884260
435	7	7	0.393	1	0:00:10.914273
436	2	9	1.88	0	0:00:10.908633
437	5	9	0.989	0	0:00:10.882254
438	3	9	0.635	0	0:00:10.875336
439	1	9	1.36	0	0:00:10.896339
440	1	9	1.43	0	0:00:10.931794
441	4	9	0.638	0	0:00:10.890141
442	9	9	1.34	1	0:00:10.875852
443	9	9	1.3	1	0:00:10.903891
444	5	9	0.686	0	0:00:10.909255
445	7	9	1.41	0	0:00:10.902704
446	5	9	1.65	0	0:00:10.901806
447	0	8	0.369	0	0:00:10.897836
448	2	9	0.254	0	0:00:10.886854
449	2	9	0.471	0	0:00:10.905534
450	2	9	0.465	0	0:00:10.912315
451	9	9	1.36	1	0:00:10.891386
452	7	9	1.16	0	0:00:10.898810
453	3	9	0.85	0	0:00:10.908513
454	9	9	1.16	1	0:00:10.913885
455	4	9	0.507	0	0:00:10.869911
456	3	9	0.52	0	0:00:10.884329
457	5	9	1.43	0	0:00:10.894884
458	4	9	0.58	0	0:00:10.909834
459	6	9	1.8	0	0:00:10.908503
460	5	9	0.205	0	0:00:10.909596
461	6	9	0.939	0	0:00:10.882677
462	1	9	1.03	0	0:00:10.902202
463	4	9	0.912	0	0:00:10.894323
464	3	9	0.744	0	0:00:10.890084
465	4	9	0.549	0	0:00:10.945765
466	4	7	0.577	0	0:00:10.880123
467	3	9	1.39	0	0:00:10.884053
468	7	7	0.19	1	0:00:10.896299
469	8	-1	0.0	0	0:00:10.898592
470	3	9	1.47	0	0:00:10.893709
471	7	-1	0.0	0	0:00:10.871162
472	8	9	1.45	0	0:00:10.884916
473	0	9	0.629	0	0:00:10.896607
474	5	7	0.0246	0	0:00:10.888248
475	7	7	0.859	1	0:00:10.938636
476	6	9	0.202	0	0:00:10.864600
477	0	9	1.96	0	0:00:10.890338
478	5	9	0.445	0	0:00:10.901917
479	4	9	0.48	0	0:00:10.899600
480	8	9	1.54	0	0:00:10.895308
481	6	9	1.57	0	0:00:10.890654
482	8	9	1.16	0	0:00:10.877459
483	5	9	1.06	0	0:00:10.913262
484	5	9	1.31	0	0:00:10.902678
485	9	9	1.72	1	0:00:10.885096
486	9	9	1.15	1	0:00:10.891011
487	9	9	1.7	1	0:00:10.926307
488	5	9	1.23	0	0:00:10.869035
489	0	9	0.921	0	0:00:10.880626
490	1	9	0.319	0	0:00:10.896463
491	0	7	0.838	0	0:00:10.919605
492	8	9	0.9	0	0:00:10.865207
493	1	9	1.19	0	0:00:10.921938
494	1	9	0.844	0	0:00:10.869694
495	8	9	0.776	0	0:00:10.886309
496	0	-1	0.0	0	0:00:10.920981
497	2	9	1.19	0	0:00:10.878308
498	2	9	0.274	0	0:00:10.934564
499	0	8	0.19	0	0:00:10.885936
500	4	9	1.67	0	0:00:10.900891
501	6	9	0.805	0	0:00:10.897903
502	5	9	0.915	0	0:00:10.915288
503	4	9	1.43	0	0:00:10.889013
504	9	9	1.78	1	0:00:10.901418
505	4	9	1.16	0	0:00:10.897102
506	7	9	0.512	0	0:00:10.902314
507	9	9	1.19	1	0:00:10.893987
508	9	9	1.53	1	0:00:10.900579
509	4	9	0.566	0	0:00:10.890548
510	5	9	0.561	0	0:00:10.894476
511	6	9	0.564	0	0:00:10.892664
512	6	9	0.705	0	0:00:10.897780
513	1	9	1.49	0	0:00:10.898955
514	5	-1	0.0	0	0:00:10.892560
515	3	9	1.66	0	0:00:10.888925
516	8	9	0.418	0	0:00:10.881833
517	9	9	1.96	1	0:00:10.885668
518	5	9	0.974	0	0:00:10.873415
519	8	9	0.825	0	0:00:10.919245
520	5	9	1.37	0	0:00:10.860876
521	7	7	1.42	1	0:00:10.898721
522	0	9	0.444	0	0:00:10.890640
523	7	7	0.229	1	0:00:10.883927
524	0	8	0.448	0	0:00:10.876707
525	5	9	1.48	0	0:00:10.900774
526	0	9	1.29	0	0:00:10.883028
527	0	-1	0.0	0	0:00:10.877966
528	4	9	1.56	0	0:00:10.906181
529	6	9	0.946	0	0:00:10.888681
530	9	9	1.96	1	0:00:10.886220
531	0	9	1.47	0	0:00:10.889083
532	9	9	1.51	1	0:00:10.863015
533	5	9	1.44	0	0:00:10.918372
534	6	9	1.18	0	0:00:10.868520
535	6	9	0.911	0	0:00:10.885587
536	6	9	0.677	0	0:00:10.876003
537	2	9	1.42	0	0:00:10.883042
538	9	9	1.88	1	0:00:10.888389
539	0	9	1.43	0	0:00:10.891068
540	1	9	1.14	0	0:00:10.875617
541	7	9	0.849	0	0:00:10.884583
542	6	9	0.92	0	0:00:10.875041
543	7	7	0.108	1	0:00:10.862410
544	5	9	1.36	0	0:00:10.855575
545	9	9	1.32	1	0:00:10.903555
546	1	9	1.33	0	0:00:10.863147
547	6	9	1.39	0	0:00:10.872411
548	2	9	1.19	0	0:00:10.875307
549	5	9	0.332	0	0:00:10.900919
550	5	9	0.453	0	0:00:10.869140
551	5	9	1.06	0	0:00:10.892060
552	8	9	0.374	0	0:00:10.886848
553	5	-1	0.0	0	0:00:10.870661
554	9	9	1.71	1	0:00:10.866725
555	4	9	1.73	0	0:00:10.870897
556	6	9	0.838	0	0:00:10.921319
557	4	9	1.0	0	0:00:10.866450
558	3	9	1.46	0	0:00:10.877707
559	2	9	0.876	0	0:00:10.907286
560	0	9	0.12	0	0:00:10.867380
561	7	7	0.559	1	0:00:10.893230
562	6	9	0.504	0	0:00:10.891283
563	2	9	1.44	0	0:00:10.887308
564	2	-1	0.0	0	0:00:10.869821
565	3	9	1.11	0	0:00:10.855836
566	9	9	1.51	1	0:00:10.861445
567	7	9	1.73	0	0:00:10.862083
568	9	9	1.96	1	0:00:10.867794
569	2	8	0.37	0	0:00:10.883346
570	6	9	0.759	0	0:00:10.861912
571	7	7	1.48	1	0:00:10.865045
572	1	9	1.96	0	0:00:10.888412
573	3	9	1.17	0	0:00:10.846182
574	6	-1	0.0	0	0:00:10.876698
575	6	9	1.26	0	0:00:10.864815
576	8	9	0.152	0	0:00:10.904609
577	9	9	0.689	1	0:00:10.874889
578	7	9	0.0917	0	0:00:10.876948
579	5	9	1.91	0	0:00:10.850654
580	4	9	1.38	0	0:00:10.876608
581	0	9	0.184	0	0:00:10.860826
582	8	8	0.469	1	0:00:10.883514
583	4	9	1.46	0	0:00:10.884437
584	0	9	1.09	0	0:00:10.858521
585	9	9	1.03	1	0:00:10.875459
586	3	9	0.573	0	0:00:10.858150
587	4	9	1.25	0	0:00:10.863689
588	8	9	1.7	0	0:00:10.888969
589	9	9	1.96	1	0:00:10.854542
590	6	9	0.977	0	0:00:10.869732
591	9	9	1.81	1	0:00:10.857993
592	2	9	0.641	0	0:00:10.846559
593	6	9	1.2	0	0:00:10.879219
594	1	9	0.165	0	0:00:10.864484
595	4	9	1.55	0	0:00:10.854815
596	7	9	0.386	0	0:00:10.880338
597	3	9	1.59	0	0:00:10.868099
598	5	9	1.16	0	0:00:10.839436
599	3	9	0.648	0	0:00:10.864845
600	8	9	1.15	0	0:00:10.888697
601	5	9	1.42	0	0:00:10.853684
602	0	9	0.0514	0	0:00:10.861693
603	2	9	1.31	0	0:00:10.852171
604	1	1	0.195	1	0:00:10.857371
605	6	9	0.898	0	0:00:10.871333
606	4	9	1.6	0	0:00:10.847697
607	3	9	0.735	0	0:00:10.866951
608	3	9	1.4	0	0:00:10.855247
609	9	9	1.64	1	0:00:10.836958
610	6	9	1.39	0	0:00:10.917707
611	9	9	1.69	1	0:00:10.834874
612	8	9	1.35	0	0:00:10.830392
613	8	9	0.396	0	0:00:10.852864
614	5	9	1.09	0	0:00:10.892578
615	8	9	1.51	0	0:00:10.851170
616	6	9	8.36e-05	0	0:00:10.851511
617	6	9	1.55	0	0:00:10.850718
618	2	9	1.15	0	0:00:10.842549
619	1	9	1.05	0	0:00:10.854846
620	7	9	0.0965	0	0:00:10.870648
621	7	9	1.4	0	0:00:10.854612
622	1	9	0.67	0	0:00:10.857451
623	2	9	0.497	0	0:00:10.864726
624	7	7	0.972	1	0:00:10.857337
625	9	9	1.57	1	0:00:10.846801
626	9	9	0.436	1	0:00:10.863901
627	4	9	0.363	0	0:00:10.850856
628	4	7	0.525	0	0:00:10.886699
629	1	9	0.603	0	0:00:10.864844
630	2	9	1.51	0	0:00:10.845273
631	5	9	0.638	0	0:00:10.872665
632	6	9	1.05	0	0:00:10.851908
633	8	9	0.717	0	0:00:10.867554
634	7	7	0.176	1	0:00:10.878967
635	6	9	0.407	0	0:00:10.851326
636	8	9	0.949	0	0:00:10.850347
637	3	9	0.455	0	0:00:10.887738
638	0	9	1.7	0	0:00:10.834782
639	5	9	1.08	0	0:00:10.863000
640	5	9	1.51	0	0:00:10.857090
641	3	9	1.67	0	0:00:10.873665
642	0	9	0.839	0	0:00:10.855706
643	7	7	1.12	1	0:00:10.879765
644	9	9	0.935	1	0:00:10.861742
645	1	9	1.38	0	0:00:10.862966
646	3	9	1.63	0	0:00:10.853557
647	4	9	0.248	0	0:00:10.860409
648	4	9	0.466	0	0:00:10.860158
649	5	9	0.0297	0	0:00:10.868902
650	3	9	1.27	0	0:00:10.869137
651	9	9	1.78	1	0:00:10.848115
652	5	9	0.559	0	0:00:10.851735
653	6	9	1.12	0	0:00:10.847438
654	9	9	1.67	1	0:00:10.859002
655	2	9	1.24	0	0:00:10.868322
656	1	9	1.7	0	0:00:10.846436
657	1	9	1.66	0	0:00:10.853172
658	4	9	1.27	0	0:00:10.849718
659	1	9	0.644	0	0:00:10.868519
660	9	9	1.91	1	0:00:10.840433
661	4	-1	0.0	0	0:00:10.852338
662	7	7	1.63	1	0:00:10.857558
663	6	9	1.44	0	0:00:10.853198
664	3	9	0.45	0	0:00:10.862037
665	8	9	1.37	0	0:00:10.851261
666	9	9	1.26	1	0:00:10.866860
667	0	9	0.391	0	0:00:10.859240
668	1	9	1.51	0	0:00:10.867026
669	3	9	0.0421	0	0:00:10.870125
670	6	9	0.756	0	0:00:10.852574
671	3	9	1.66	0	0:00:10.853644
672	6	9	0.638	0	0:00:10.853274
673	3	9	1.41	0	0:00:10.838959
674	2	9	1.24	0	0:00:10.850311
675	0	9	0.208	0	0:00:10.852272
676	3	9	0.847	0	0:00:10.848707
677	1	9	0.831	0	0:00:10.854211
678	0	-1	0.0	0	0:00:10.843620
679	5	9	1.21	0	0:00:10.842334
680	9	9	1.41	1	0:00:10.852779
681	6	9	1.33	0	0:00:10.837188
682	4	9	0.8	0	0:00:10.848061
683	8	9	0.52	0	0:00:10.840859
684	9	9	1.7	1	0:00:10.851939
685	6	9	0.392	0	0:00:10.856402
686	9	9	1.47	1	0:00:10.863922
687	6	9	1.75	0	0:00:10.839801
688	3	9	0.828	0	0:00:10.858001
689	0	9	1.29	0	0:00:10.858106
690	3	9	1.5	0	0:00:10.857734
691	2	9	0.157	0	0:00:10.869627
692	2	4	0.121	0	0:00:10.866485
693	7	9	0.0554	0	0:00:10.843817
694	8	9	1.7	0	0:00:10.843502
695	3	9	0.371	0	0:00:10.860337
696	8	9	1.54	0	0:00:10.866538
697	2	9	1.11	0	0:00:10.846541
698	7	9	0.385	0	0:00:10.840058
699	5	9	1.1	0	0:00:10.841013
700	7	9	1.5	0	0:00:10.846403
701	2	9	0.911	0	0:00:10.845792
702	4	9	0.728	0	0:00:10.846813
703	8	9	0.9	0	0:00:10.871931
704	7	9	0.617	0	0:00:10.848672
705	4	9	0.357	0	0:00:10.857349
706	2	9	0.027	0	0:00:10.843898
707	9	9	1.48	1	0:00:10.859603
708	8	9	1.06	0	0:00:10.870138
709	8	9	1.04	0	0:00:10.831231
710	6	9	0.343	0	0:00:10.845213
711	8	9	1.39	0	0:00:10.849024
712	8	9	0.826	0	0:00:10.851596
713	7	9	1.02	0	0:00:10.856101
714	4	9	1.63	0	0:00:10.834686
715	3	9	1.51	0	0:00:10.855311
716	3	9	1.32	0	0:00:10.839174
717	8	9	1.66	0	0:00:10.849168
718	4	7	0.539	0	0:00:10.857434
719	9	9	1.33	1	0:00:10.847929
720	4	9	1.55	0	0:00:10.857574
721	8	9	1.41	0	0:00:10.840537
722	8	9	0.564	0	0:00:10.852255
723	1	9	1.26	0	0:00:10.849322
724	8	9	0.1	0	0:00:10.842585
725	2	9	1.21	0	0:00:10.860070
726	1	9	0.438	0	0:00:10.845590
727	3	9	0.812	0	0:00:10.862015
728	6	9	0.757	0	0:00:10.858714
729	5	9	0.591	0	0:00:10.845521
730	4	9	0.852	0	0:00:10.848311
731	2	0	0.405	0	0:00:10.844238
732	7	7	0.533	1	0:00:10.855942
733	9	9	1.62	1	0:00:10.856737
734	9	9	1.78	1	0:00:10.832665
735	4	9	0.209	0	0:00:10.843786
736	1	9	1.25	0	0:00:10.846658
737	4	-1	0.0	0	0:00:10.853242
738	1	9	0.451	0	0:00:10.861794
739	3	7	0.786	0	0:00:10.839524
740	2	9	0.424	0	0:00:10.845771
741	7	7	0.833	1	0:00:10.837212
742	0	9	1.1	0	0:00:10.841146
743	7	7	0.108	1	0:00:10.836497
744	9	9	1.63	1	0:00:10.850747
745	7	9	0.973	0	0:00:10.858247
746	6	9	0.997	0	0:00:10.856962
747	6	9	0.684	0	0:00:10.847749
748	2	7	0.0182	0	0:00:10.865558
749	5	9	0.651	0	0:00:10.834923
750	9	9	1.2	1	0:00:10.872793
751	2	9	1.14	0	0:00:10.848811
752	9	9	1.64	1	0:00:10.839232
753	1	9	1.1	0	0:00:10.835512
754	2	9	0.868	0	0:00:10.841963
755	2	9	0.954	0	0:00:10.845790
756	6	9	1.58	0	0:00:10.849405
757	8	9	1.57	0	0:00:10.846313
758	2	9	1.84	0	0:00:10.830354
759	1	9	0.877	0	0:00:10.881761
760	3	9	0.992	0	0:00:10.845202
761	6	9	1.12	0	0:00:10.838904
762	6	9	0.28	0	0:00:10.846141
763	0	7	0.822	0	0:00:10.840316
764	1	9	1.47	0	0:00:10.851932
765	2	-1	0.0	0	0:00:10.855141
766	7	9	1.1	0	0:00:10.855530
767	0	9	1.86	0	0:00:10.847861
768	5	9	0.763	0	0:00:10.858062
769	4	9	0.893	0	0:00:10.848842
770	6	9	1.5	0	0:00:10.847533
771	1	9	1.13	0	0:00:10.866739
772	6	9	1.02	0	0:00:10.850842
773	4	9	0.88	0	0:00:10.871681
774	0	9	0.329	0	0:00:10.851704
775	2	7	0.43	0	0:00:10.849505
776	2	9	1.58	0	0:00:10.872896
777	6	9	1.63	0	0:00:10.836337
778	0	9	0.806	0	0:00:10.845477
779	5	9	0.52	0	0:00:10.861011
780	9	9	1.11	1	0:00:10.845480
781	1	9	0.741	0	0:00:10.856080
782	7	7	0.11	1	0:00:10.865401
783	6	9	1.0	0	0:00:10.855688
784	7	9	1.23	0	0:00:10.856577
785	0	9	0.856	0	0:00:10.853025
786	3	9	1.21	0	0:00:10.853734
787	9	9	1.27	1	0:00:10.858401
788	6	9	1.3	0	0:00:10.869382
789	8	9	0.484	0	0:00:10.844482
790	3	0	1.25	0	0:00:10.839198
791	0	0	0.379	1	0:00:10.867463
792	3	7	0.547	0	0:00:10.861806
793	4	9	1.54	0	0:00:10.843031
794	7	9	0.198	0	0:00:10.879709
795	7	7	0.159	1	0:00:10.843942
796	1	9	1.39	0	0:00:10.857375
797	4	9	0.997	0	0:00:10.853031
798	7	9	0.568	0	0:00:10.857909
799	2	9	1.02	0	0:00:10.881767
800	7	9	0.277	0	0:00:10.845099
801	1	9	1.11	0	0:00:10.839586
802	4	9	0.0878	0	0:00:10.840142
803	7	7	0.645	1	0:00:10.858273
804	4	9	1.14	0	0:00:10.875399
805	4	9	1.01	0	0:00:10.838388
806	8	9	1.84	0	0:00:10.840692
807	4	9	0.356	0	0:00:10.840849
808	7	9	1.04	0	0:00:10.837332
809	7	9	1.12	0	0:00:10.840325
810	5	5	0.0801	1	0:00:10.853139
811	3	9	0.0774	0	0:00:10.856889
812	7	7	0.146	1	0:00:10.865148
813	2	-1	0.0	0	0:00:10.843552
814	0	9	1.38	0	0:00:10.850536
815	8	9	1.44	0	0:00:10.845773
816	9	9	1.68	1	0:00:10.847400
817	5	9	0.348	0	0:00:10.858329
818	8	9	0.576	0	0:00:10.863277
819	3	9	1.57	0	0:00:10.882116
820	6	9	0.877	0	0:00:10.847132
821	2	9	0.291	0	0:00:10.858597
822	0	9	1.01	0	0:00:10.850547
823	8	9	0.888	0	0:00:10.880880
824	7	9	0.0665	0	0:00:10.850611
825	3	9	1.47	0	0:00:10.882772
826	7	9	1.22	0	0:00:10.855320
827	6	9	1.34	0	0:00:10.860640
828	5	7	1.37	0	0:00:10.867778
829	3	8	0.32	0	0:00:10.861322
830	1	9	1.38	0	0:00:10.864299
831	3	9	1.56	0	0:00:10.866271
832	2	-1	0.0	0	0:00:10.863801
833	2	9	0.579	0	0:00:10.891910
834	5	9	0.201	0	0:00:10.876528
835	4	9	1.21	0	0:00:10.910340
836	1	9	1.71	0	0:00:10.878057
837	2	9	0.388	0	0:00:10.873324
838	9	9	0.656	1	0:00:10.861488
839	2	9	0.591	0	0:00:10.884907
840	7	7	1.4	1	0:00:10.862616
841	0	9	1.41	0	0:00:10.898160
842	7	7	1.05	1	0:00:10.861816
843	2	9	0.734	0	0:00:10.871948
844	1	9	1.69	0	0:00:10.892859
845	3	9	0.969	0	0:00:10.861232
846	2	9	0.243	0	0:00:10.855228
847	0	9	0.481	0	0:00:10.858255
848	2	9	1.19	0	0:00:10.864659
849	4	9	0.878	0	0:00:10.877990
850	7	9	1.91	0	0:00:10.857697
851	9	9	1.0	1	0:00:10.857928
852	8	9	0.88	0	0:00:10.890232
853	9	9	1.76	1	0:00:10.853897
854	0	9	0.728	0	0:00:10.863087
855	7	9	0.689	0	0:00:10.857396
856	7	9	0.203	0	0:00:10.861556
857	0	9	0.836	0	0:00:10.870415
858	7	7	1.17	1	0:00:10.865632
859	8	9	1.79	0	0:00:10.867941
860	4	-1	0.0	0	0:00:10.860258
861	6	9	1.4	0	0:00:10.848021
862	3	9	1.17	0	0:00:10.875164
863	3	-1	0.0	0	0:00:10.857806
864	0	8	0.328	0	0:00:10.862444
865	1	9	0.466	0	0:00:10.856408
866	3	9	0.874	0	0:00:10.850895
867	7	-1	0.0	0	0:00:10.854033
868	0	9	0.893	0	0:00:10.890837
869	1	9	1.8	0	0:00:10.851985
870	3	9	1.3	0	0:00:10.854968
871	1	-1	0.0	0	0:00:10.853485
872	4	9	0.289	0	0:00:10.871562
873	2	9	0.93	0	0:00:10.851157
874	3	9	0.827	0	0:00:10.860159
875	8	9	1.91	0	0:00:10.857231
876	4	9	0.805	0	0:00:10.857017
877	2	9	0.48	0	0:00:10.866488
878	3	9	1.91	0	0:00:10.872648
879	7	7	0.384	1	0:00:10.877759
880	8	9	1.7	0	0:00:10.854140
881	4	8	0.252	0	0:00:10.853164
882	3	9	0.588	0	0:00:10.867909
883	0	0	0.344	1	0:00:10.856681
884	9	9	1.96	1	0:00:10.853889
885	0	9	0.272	0	0:00:10.852404
886	0	9	1.17	0	0:00:10.869897
887	1	9	1.46	0	0:00:10.866586
888	0	9	1.1	0	0:00:10.858727
889	4	9	0.532	0	0:00:10.860697
890	4	9	1.3	0	0:00:10.865062
891	6	9	0.44	0	0:00:10.853690
892	7	7	1.28	1	0:00:10.856329
893	6	9	0.522	0	0:00:10.873344
894	1	9	0.886	0	0:00:10.859305
895	1	9	1.48	0	0:00:10.863403
896	3	9	0.636	0	0:00:10.863184
897	7	7	0.128	1	0:00:10.865063
898	3	9	0.88	0	0:00:10.862775
899	5	9	0.562	0	0:00:10.883555
900	2	9	0.976	0	0:00:10.852633
901	6	9	0.9	0	0:00:10.857350
902	6	9	0.886	0	0:00:10.873775
903	5	9	1.08	0	0:00:10.856706
904	8	9	1.61	0	0:00:10.852605
905	7	9	1.43	0	0:00:10.888066
906	1	9	1.36	0	0:00:10.849206
907	6	9	1.04	0	0:00:10.847939
908	8	9	1.84	0	0:00:10.856808
909	8	9	0.902	0	0:00:10.870084
910	5	9	0.692	0	0:00:10.870758
911	3	9	0.666	0	0:00:10.854014
912	0	7	0.0281	0	0:00:10.863967
913	4	9	1.32	0	0:00:10.857975
914	0	9	1.35	0	0:00:10.859202
915	1	9	0.546	0	0:00:10.864041
916	3	9	1.96	0	0:00:10.883933
917	8	9	1.08	0	0:00:10.857064
918	8	9	0.731	0	0:00:10.855142
919	0	9	0.34	0	0:00:10.857797
920	6	9	1.05	0	0:00:10.863055
921	9	9	1.5	1	0:00:10.863897
922	9	9	1.39	1	0:00:10.850794
923	9	9	0.667	1	0:00:10.861682
924	5	9	1.78	0	0:00:10.862589
925	5	9	0.236	0	0:00:10.855898
926	8	9	0.55	0	0:00:10.880453
927	6	9	0.319	0	0:00:10.865946
928	0	9	0.0405	0	0:00:10.875115
929	0	9	0.9	0	0:00:10.873267
930	4	9	0.478	0	0:00:10.866396
931	2	9	0.555	0	0:00:10.854459
932	3	9	0.994	0	0:00:10.861602
933	2	9	1.16	0	0:00:10.868501
934	7	7	1.55	1	0:00:10.865594
935	2	9	0.654	0	0:00:10.861024
936	2	9	1.21	0	0:00:10.871605
937	5	9	0.642	0	0:00:10.893863
938	9	9	0.944	1	0:00:10.857437
939	8	9	0.161	0	0:00:10.857485
940	9	9	1.54	1	0:00:10.845309
941	1	9	1.11	0	0:00:10.849198
942	7	9	0.575	0	0:00:10.864678
943	4	-1	0.0	0	0:00:10.863206
944	0	9	1.11	0	0:00:10.865635
945	3	9	0.562	0	0:00:10.865530
946	0	0	0.432	1	0:00:10.864824
947	1	9	0.686	0	0:00:10.863428
948	3	9	0.773	0	0:00:10.861375
949	8	-1	0.0	0	0:00:10.864876
950	3	9	0.994	0	0:00:10.874274
951	9	9	1.04	1	0:00:10.847770
952	6	9	0.855	0	0:00:10.863441
953	1	9	1.8	0	0:00:10.861923
954	4	9	0.321	0	0:00:10.859679
955	7	7	0.25	1	0:00:10.886394
956	0	9	1.51	0	0:00:10.856900
957	3	9	1.4	0	0:00:10.857332
958	7	-1	0.0	0	0:00:10.858778
959	8	9	1.71	0	0:00:10.889410
960	9	9	1.33	1	0:00:10.832966
961	1	9	0.547	0	0:00:10.857280
962	1	9	1.42	0	0:00:10.851269
963	6	9	0.893	0	0:00:10.861829
964	6	9	1.51	0	0:00:10.886371
965	6	9	0.398	0	0:00:10.857936
966	6	9	0.615	0	0:00:10.862661
967	9	9	0.794	1	0:00:10.860477
968	1	9	1.27	0	0:00:10.867610
969	9	9	0.929	1	0:00:10.867947
970	9	9	1.84	1	0:00:10.857253
971	4	9	1.22	0	0:00:10.857399
972	2	7	0.0196	0	0:00:10.884710
973	1	9	0.355	0	0:00:10.858498
974	7	9	0.332	0	0:00:10.870393
975	0	9	0.185	0	0:00:10.870717
976	6	9	1.58	0	0:00:10.891595
977	8	9	1.14	0	0:00:10.866130
978	1	9	1.27	0	0:00:10.882210
979	9	9	1.5	1	0:00:10.859255
980	2	9	1.66	0	0:00:10.863807
981	9	9	1.84	1	0:00:10.864031
982	0	9	1.55	0	0:00:10.873694
983	4	9	1.57	0	0:00:10.869279
984	7	7	0.834	1	0:00:10.878841
985	8	9	0.253	0	0:00:10.868991
986	3	9	0.796	0	0:00:10.866709
987	1	9	0.963	0	0:00:10.870818
988	2	9	0.411	0	0:00:10.866949
989	0	-1	0.0	0	0:00:10.872248
990	1	9	1.32	0	0:00:10.862496
991	5	9	1.39	0	0:00:10.862663
992	8	9	1.18	0	0:00:10.886521
993	4	7	0.717	0	0:00:10.862709
994	6	9	1.16	0	0:00:10.859111
995	3	9	0.329	0	0:00:10.868308
996	8	9	1.62	0	0:00:10.857176
997	1	9	1.57	0	0:00:10.865485
998	3	9	1.33	0	0:00:10.878446
999	8	9	1.32	0	0:00:10.879747
1000	5	9	1.49	0	0:00:10.856645
1001	0	9	0.795	0	0:00:10.860370
1002	8	9	1.76	0	0:00:10.866730
1003	4	9	0.199	0	0:00:10.862574
1004	8	9	1.7	0	0:00:10.878872
1005	1	9	1.81	0	0:00:10.874536
1006	1	9	1.06	0	0:00:10.864597
1007	8	9	1.2	0	0:00:10.881444
1008	9	9	0.428	1	0:00:10.869411
1009	6	-1	0.0	0	0:00:10.865281
1010	0	9	0.0909	0	0:00:10.893867
1011	8	9	1.26	0	0:00:10.867886
1012	6	9	0.622	0	0:00:10.867023
1013	1	1	0.156	1	0:00:10.866728
1014	3	9	0.649	0	0:00:10.864278
1015	4	9	0.642	0	0:00:10.886491
1016	1	9	0.251	0	0:00:10.847708
1017	6	9	1.26	0	0:00:10.867235
1018	0	9	0.858	0	0:00:10.869952
1019	5	9	1.27	0	0:00:10.864364
1020	1	9	0.871	0	0:00:10.871190
1021	1	9	0.0567	0	0:00:10.872614
1022	0	-1	0.0	0	0:00:10.865076
1023	0	9	1.63	0	0:00:10.876921
1024	3	7	0.103	0	0:00:10.869461
1025	5	9	0.638	0	0:00:10.861300
1026	0	9	0.79	0	0:00:10.856121
1027	0	9	0.136	0	0:00:10.873808
1028	6	9	0.541	0	0:00:10.871423
1029	6	9	1.1	0	0:00:10.858608
1030	3	9	1.84	0	0:00:10.882038
1031	3	8	1.29	0	0:00:10.890991
1032	6	9	0.932	0	0:00:10.866787
1033	3	9	1.14	0	0:00:10.874031
1034	6	9	0.93	0	0:00:10.858289
1035	6	9	1.75	0	0:00:10.858105
1036	0	9	0.777	0	0:00:10.859814
1037	7	9	0.274	0	0:00:10.873690
1038	2	9	0.841	0	0:00:10.859019
1039	2	9	0.391	0	0:00:10.875189
1040	7	9	0.586	0	0:00:10.856363
1041	5	9	0.774	0	0:00:10.875368
1042	5	9	0.229	0	0:00:10.894341
1043	2	9	1.02	0	0:00:10.849945
1044	8	9	1.43	0	0:00:10.876159
1045	5	9	1.35	0	0:00:10.853971
1046	2	9	0.546	0	0:00:10.861699
1047	1	9	1.83	0	0:00:10.860517
1048	1	9	1.74	0	0:00:10.859290
1049	4	9	0.718	0	0:00:10.877233
1050	3	7	1.47	0	0:00:10.855447
1051	2	9	0.822	0	0:00:10.858164
1052	0	9	1.11	0	0:00:10.858964
1053	3	9	0.959	0	0:00:10.869876
1054	1	9	0.281	0	0:00:10.858833
1055	5	9	0.523	0	0:00:10.894658
1056	3	9	0.754	0	0:00:10.856714
1057	7	9	1.91	0	0:00:10.859321
1058	6	9	0.771	0	0:00:10.853521
1059	8	9	1.56	0	0:00:10.887823
1060	9	9	1.83	1	0:00:10.854220
1061	1	9	1.3	0	0:00:10.863980
1062	6	9	1.44	0	0:00:10.885839
1063	4	9	1.28	0	0:00:10.841509
1064	9	9	1.44	1	0:00:10.859164
1065	3	9	1.96	0	0:00:10.859746
1066	9	9	0.755	1	0:00:10.858159
1067	0	-1	0.0	0	0:00:10.866182
1068	9	9	1.83	1	0:00:10.860399
1069	6	9	1.38	0	0:00:10.867333
1070	3	9	0.203	0	0:00:10.857013
1071	6	9	1.41	0	0:00:10.868995
1072	0	9	1.24	0	0:00:10.908693
1073	7	7	0.434	1	0:00:10.856618
1074	3	9	1.09	0	0:00:10.859535
1075	8	9	1.32	0	0:00:10.861913
1076	0	9	0.626	0	0:00:10.860917
1077	0	9	0.577	0	0:00:10.859302
1078	0	0	0.824	1	0:00:10.851582
1079	6	9	0.659	0	0:00:10.871733
1080	6	9	0.153	0	0:00:10.853266
1081	6	9	1.26	0	0:00:10.900349
1082	9	9	1.76	1	0:00:10.860867
1083	2	9	0.861	0	0:00:10.860002
1084	5	9	1.19	0	0:00:10.857297
1085	4	9	0.182	0	0:00:10.850351
1086	4	9	0.0488	0	0:00:10.859738
1087	6	9	0.929	0	0:00:10.862367
1088	3	9	0.67	0	0:00:10.856130
1089	6	9	1.0	0	0:00:10.865715
1090	0	9	0.885	0	0:00:10.865398
1091	8	9	0.796	0	0:00:10.887262
1092	6	9	1.6	0	0:00:10.849744
1093	0	9	0.529	0	0:00:10.860715
1094	6	9	1.64	0	0:00:10.866278
1095	2	9	1.38	0	0:00:10.860980
1096	7	9	0.0906	0	0:00:10.869410
1097	5	9	1.04	0	0:00:10.857537
1098	1	9	0.422	0	0:00:10.893644
1099	2	9	0.962	0	0:00:10.866213
1100	7	9	1.78	0	0:00:10.863703
1101	8	9	0.833	0	0:00:10.865623
1102	8	9	1.6	0	0:00:10.859160
1103	0	9	0.627	0	0:00:10.856123
1104	9	9	1.74	1	0:00:10.868762
1105	4	9	0.927	0	0:00:10.866625
1106	9	9	1.45	1	0:00:10.855318
1107	7	7	0.454	1	0:00:10.863586
1108	2	9	0.745	0	0:00:10.860810
1109	0	9	0.594	0	0:00:10.862962
1110	2	-1	0.0	0	0:00:10.877137
1111	8	9	0.828	0	0:00:10.888324
1112	3	5	0.794	0	0:00:10.853518
1113	8	9	1.01	0	0:00:10.864913
1114	9	9	1.91	1	0:00:10.866694
1115	1	9	1.49	0	0:00:10.856167
1116	5	9	0.47	0	0:00:10.866056
1117	5	9	1.49	0	0:00:10.862271
1118	4	9	0.126	0	0:00:10.866250
1119	7	7	0.862	1	0:00:10.862866
1120	5	9	1.01	0	0:00:10.857836
1121	3	9	1.58	0	0:00:10.857134
1122	8	9	1.08	0	0:00:10.872718
1123	3	9	1.86	0	0:00:10.865599
1124	3	9	0.599	0	0:00:10.867430
1125	6	9	1.13	0	0:00:10.865412
1126	2	9	0.672	0	0:00:10.851670
1127	8	9	1.74	0	0:00:10.858119
1128	4	9	0.834	0	0:00:10.871720
1129	3	9	0.231	0	0:00:10.870951
1130	7	9	0.613	0	0:00:10.890858
1131	1	9	1.88	0	0:00:10.852289
1132	2	9	1.6	0	0:00:10.853819
1133	4	9	1.23	0	0:00:10.857364
1134	1	9	0.837	0	0:00:10.854815
1135	6	9	0.424	0	0:00:10.840056
1136	9	9	1.96	1	0:00:10.853929
1137	0	9	1.33	0	0:00:10.852306
1138	5	9	1.16	0	0:00:10.858935
1139	8	9	1.63	0	0:00:10.850614
1140	6	9	1.17	0	0:00:10.843635
1141	1	9	0.856	0	0:00:10.864906
1142	8	9	1.96	0	0:00:10.870607
1143	6	9	1.13	0	0:00:10.853430
1144	1	9	1.47	0	0:00:10.869239
1145	4	9	0.714	0	0:00:10.868224
1146	2	9	0.314	0	0:00:10.880424
1147	6	9	1.74	0	0:00:10.842932
1148	2	9	0.717	0	0:00:10.850465
1149	7	9	1.69	0	0:00:10.852295
1150	2	9	0.372	0	0:00:10.853836
1151	2	9	0.847	0	0:00:10.850451
1152	0	9	1.52	0	0:00:10.852249
1153	8	9	1.08	0	0:00:10.864232
1154	6	9	1.2	0	0:00:10.879451
1155	9	9	0.642	1	0:00:10.833919
1156	1	9	1.33	0	0:00:10.861381
1157	7	9	0.557	0	0:00:10.847151
1158	1	9	1.08	0	0:00:10.846400
1159	8	9	1.77	0	0:00:10.850818
1160	8	9	0.598	0	0:00:10.889185
1161	0	9	0.363	0	0:00:10.857063
1162	7	9	0.0184	0	0:00:10.848626
1163	3	7	0.648	0	0:00:10.865769
1164	8	9	0.44	0	0:00:10.843066
1165	0	9	0.621	0	0:00:10.867251
1166	3	9	1.38	0	0:00:10.847964
1167	4	9	0.665	0	0:00:10.845260
1168	3	7	0.669	0	0:00:10.854437
1169	7	9	0.104	0	0:00:10.854661
1170	7	9	0.816	0	0:00:10.855925
1171	9	9	1.72	1	0:00:10.840941
1172	2	9	1.15	0	0:00:10.867527
1173	3	9	0.656	0	0:00:10.836290
1174	1	9	0.456	0	0:00:10.840802
1175	9	9	1.67	1	0:00:10.852727
1176	1	9	1.19	0	0:00:10.850190
1177	9	9	0.825	1	0:00:10.839968
1178	6	9	0.409	0	0:00:10.868296
1179	3	9	1.2	0	0:00:10.848628
1180	3	9	1.29	0	0:00:10.857203
1181	3	9	0.333	0	0:00:10.864396
1182	1	9	1.34	0	0:00:10.848586
1183	0	8	0.758	0	0:00:10.851051
1184	6	9	0.888	0	0:00:10.847968
1185	1	9	1.75	0	0:00:10.845080
1186	4	9	0.961	0	0:00:10.856773
1187	1	9	1.27	0	0:00:10.855986
1188	0	9	0.973	0	0:00:10.849782
1189	0	9	0.948	0	0:00:10.852248
1190	1	9	0.696	0	0:00:10.842153
1191	1	9	0.658	0	0:00:10.850074
1192	6	9	1.09	0	0:00:10.864384
1193	5	9	0.572	0	0:00:10.848243
1194	4	9	1.7	0	0:00:10.846539
1195	6	9	0.854	0	0:00:10.842597
1196	2	9	1.21	0	0:00:10.864107
1197	0	-1	0.0	0	0:00:10.840734
1198	7	7	1.96	1	0:00:10.868999
1199	9	9	1.3	1	0:00:10.850008
1200	8	9	1.23	0	0:00:10.847324
1201	7	9	0.258	0	0:00:10.847196
1202	2	9	1.02	0	0:00:10.857173
1203	0	9	0.699	0	0:00:10.854275
1204	6	9	1.64	0	0:00:10.843870
1205	8	9	0.467	0	0:00:10.838264
1206	1	9	0.997	0	0:00:10.865016
1207	4	9	1.41	0	0:00:10.863467
1208	3	9	1.29	0	0:00:10.852368
1209	7	7	0.103	1	0:00:10.846630
1210	0	9	0.705	0	0:00:10.849710
1211	6	9	1.15	0	0:00:10.854123
1212	1	9	0.803	0	0:00:10.843354
1213	8	-1	0.0	0	0:00:10.843418
1214	5	9	0.856	0	0:00:10.839808
1215	7	7	1.03	1	0:00:10.846841
1216	8	9	1.09	0	0:00:10.840996
1217	4	9	1.34	0	0:00:10.841777
1218	8	9	1.42	0	0:00:10.836667
1219	3	9	0.873	0	0:00:10.858103
1220	9	9	0.687	1	0:00:10.848163
1221	9	9	1.13	1	0:00:10.838485
1222	9	9	0.809	1	0:00:10.845356
1223	8	9	0.153	0	0:00:10.868155
1224	7	9	0.736	0	0:00:10.844316
1225	6	9	1.66	0	0:00:10.839325
1226	6	9	1.1	0	0:00:10.835864
1227	3	9	1.39	0	0:00:10.829792
1228	5	9	0.752	0	0:00:10.843759
1229	1	9	1.25	0	0:00:10.842828
1230	5	-1	0.0	0	0:00:10.828773
1231	9	9	1.33	1	0:00:10.838730
1232	1	9	0.422	0	0:00:10.843365
1233	4	9	0.586	0	0:00:10.845186
1234	1	9	0.161	0	0:00:10.840030
1235	5	9	0.633	0	0:00:10.839660
1236	7	9	0.296	0	0:00:10.842868
1237	0	9	0.76	0	0:00:10.844720
1238	1	9	1.35	0	0:00:10.840027
1239	5	9	0.557	0	0:00:10.869827
1240	2	9	1.07	0	0:00:10.836277
1241	0	9	1.29	0	0:00:10.840577
1242	8	9	1.7	0	0:00:10.841975
1243	8	-1	0.0	0	0:00:10.836881
1244	5	9	1.02	0	0:00:10.842588
1245	6	9	1.66	0	0:00:10.840118
1246	7	9	0.982	0	0:00:10.843046
1247	3	9	1.05	0	0:00:10.844662
1248	2	9	0.228	0	0:00:10.837170
1249	4	7	0.097	0	0:00:10.837697
1250	7	7	0.493	1	0:00:10.841053
1251	2	9	0.675	0	0:00:10.839333
1252	5	9	1.33	0	0:00:10.834154
1253	8	9	0.413	0	0:00:10.843116
1254	2	9	0.606	0	0:00:10.836953
1255	4	9	0.399	0	0:00:10.849505
1256	9	9	1.3	1	0:00:10.846769
1257	2	9	1.14	0	0:00:10.842048
1258	1	9	0.652	0	0:00:10.841440
1259	8	9	1.56	0	0:00:10.845407
1260	1	9	1.56	0	0:00:10.850556
1261	9	9	1.64	1	0:00:10.848374
1262	8	1	0.0706	0	0:00:10.846309
1263	8	9	1.58	0	0:00:10.844718
1264	8	9	1.1	0	0:00:10.845009
1265	9	9	1.39	1	0:00:10.840145
1266	0	9	1.18	0	0:00:10.841001
1267	4	-1	0.0	0	0:00:10.848873
1268	3	9	0.68	0	0:00:10.861374
1269	3	7	0.134	0	0:00:10.842479
1270	1	9	0.98	0	0:00:10.862674
1271	8	9	0.794	0	0:00:10.837339
1272	4	7	1.57	0	0:00:10.852217
1273	6	9	0.0249	0	0:00:10.836967
1274	3	9	1.2	0	0:00:10.844977
1275	3	9	1.57	0	0:00:10.857541
1276	5	9	1.06	0	0:00:10.838710
1277	2	9	1.56	0	0:00:10.846211
1278	2	-1	0.0	0	0:00:10.844839
1279	8	9	1.23	0	0:00:10.855033
1280	3	7	0.0257	0	0:00:10.854957
1281	8	9	0.871	0	0:00:10.840525
1282	9	9	1.96	1	0:00:10.847186
1283	5	9	1.39	0	0:00:10.839262
1284	8	9	1.01	0	0:00:10.840261
1285	9	9	0.978	1	0:00:10.842098
1286	8	9	1.04	0	0:00:10.841167
1287	9	9	0.489	1	0:00:10.838049
1288	1	9	1.44	0	0:00:10.852381
1289	6	9	1.65	0	0:00:10.843318
1290	5	9	1.8	0	0:00:10.840009
1291	9	9	1.34	1	0:00:10.840735
1292	4	9	0.882	0	0:00:10.836129
1293	4	9	1.69	0	0:00:10.836031
1294	8	9	0.787	0	0:00:10.855811
1295	0	9	0.577	0	0:00:10.834987
1296	7	7	0.228	1	0:00:10.836994
1297	2	-1	0.0	0	0:00:10.846085
1298	9	9	1.96	1	0:00:10.838993
1299	7	9	1.29	0	0:00:10.840804
1300	4	9	0.891	0	0:00:10.831907
1301	1	9	0.143	0	0:00:10.835254
1302	6	9	0.826	0	0:00:10.840729
1303	4	4	0.509	1	0:00:10.816084
1304	4	9	1.22	0	0:00:10.842785
1305	9	9	1.66	1	0:00:10.837423
1306	1	9	1.27	0	0:00:10.843641
1307	2	5	0.00515	0	0:00:10.822472
1308	5	9	1.05	0	0:00:10.843800
1309	6	9	1.24	0	0:00:10.850160
1310	0	9	0.404	0	0:00:10.848765
1311	8	9	1.11	0	0:00:10.843707
1312	6	9	1.21	0	0:00:10.842524
1313	1	9	1.26	0	0:00:10.846568
1314	9	9	1.91	1	0:00:10.839367
1315	4	9	0.586	0	0:00:10.844185
1316	5	9	1.81	0	0:00:10.840661
1317	9	9	1.96	1	0:00:10.841828
1318	5	9	0.677	0	0:00:10.853700
1319	0	4	0.494	0	0:00:10.838876
1320	7	9	0.33	0	0:00:10.834610
1321	2	9	0.147	0	0:00:10.830126
1322	0	9	1.8	0	0:00:10.847138
1323	0	9	1.96	0	0:00:10.848587
1324	4	9	1.42	0	0:00:10.845710
1325	2	9	0.558	0	0:00:10.840295
1326	6	9	1.28	0	0:00:10.882458
1327	6	9	0.648	0	0:00:10.836613
1328	5	9	1.34	0	0:00:10.839709
1329	5	7	0.467	0	0:00:10.844246
1330	2	9	0.192	0	0:00:10.850706
1331	8	9	0.421	0	0:00:10.864745
1332	1	9	1.63	0	0:00:10.844970
1333	7	9	0.459	0	0:00:10.844086
1334	3	9	1.75	0	0:00:10.847364
1335	1	9	1.57	0	0:00:10.838597
1336	4	9	0.531	0	0:00:10.840451
1337	5	9	0.374	0	0:00:10.851739
1338	6	9	0.953	0	0:00:10.838416
1339	5	9	1.09	0	0:00:10.842116
1340	1	9	1.96	0	0:00:10.837347
1341	4	9	0.831	0	0:00:10.839250
1342	7	9	1.6	0	0:00:10.840217
1343	0	9	0.352	0	0:00:10.848956
1344	9	9	1.83	1	0:00:10.849337
1345	4	9	0.7	0	0:00:10.843032
1346	3	9	1.84	0	0:00:10.856515
1347	8	9	0.737	0	0:00:10.851263
1348	2	9	0.328	0	0:00:10.843484
1349	8	9	0.601	0	0:00:10.857493
1350	4	9	1.32	0	0:00:10.845274
1351	7	7	1.96	1	0:00:10.854755
1352	2	-1	0.0	0	0:00:10.852836
1353	3	9	0.922	0	0:00:10.861430
1354	1	9	0.183	0	0:00:10.844386
1355	5	9	1.26	0	0:00:10.847301
1356	2	9	1.15	0	0:00:10.872809
1357	9	9	1.6	1	0:00:10.848387
1358	8	9	1.08	0	0:00:10.844950
1359	9	9	1.96	1	0:00:10.835299
1360	7	9	1.42	0	0:00:10.844277
1361	9	9	1.0	1	0:00:10.844599
1362	5	9	1.23	0	0:00:10.843844
1363	1	9	0.428	0	0:00:10.848872
1364	4	9	1.21	0	0:00:10.837023
1365	0	0	0.0858	1	0:00:10.848648
1366	8	9	1.01	0	0:00:10.840736
1367	2	9	0.317	0	0:00:10.865014
1368	3	-1	0.0	0	0:00:10.849271
1369	8	9	1.96	0	0:00:10.840606
1370	9	9	1.44	1	0:00:10.839058
1371	1	9	1.28	0	0:00:10.844202
1372	1	9	1.56	0	0:00:10.847474
1373	3	9	0.0787	0	0:00:10.847498
1374	2	9	0.83	0	0:00:10.843973
1375	4	9	0.377	0	0:00:10.847062
1376	9	9	1.5	1	0:00:10.847229
1377	3	9	1.57	0	0:00:10.846651
1378	1	9	0.513	0	0:00:10.841702
1379	7	7	1.17	1	0:00:10.847237
1380	4	9	1.5	0	0:00:10.840489
1381	6	9	1.12	0	0:00:10.848408
1382	2	-1	0.0	0	0:00:10.855517
1383	8	9	1.21	0	0:00:10.840170
1384	9	9	1.21	1	0:00:10.844747
1385	5	9	0.538	0	0:00:10.847963
1386	3	9	1.4	0	0:00:10.847023
1387	9	9	1.96	1	0:00:10.843111
1388	5	9	1.21	0	0:00:10.838130
1389	5	9	1.05	0	0:00:10.836959
1390	6	9	1.14	0	0:00:10.838528
1391	7	9	1.5	0	0:00:10.850560
1392	2	7	0.0652	0	0:00:10.848452
1393	4	9	1.02	0	0:00:10.848153
1394	6	9	1.86	0	0:00:10.845960
1395	3	9	1.39	0	0:00:10.850329
1396	1	9	1.17	0	0:00:10.846345
1397	0	0	0.245	1	0:00:10.836347
1398	7	9	1.48	0	0:00:10.844608
1399	2	9	0.141	0	0:00:10.839085
1400	5	9	0.892	0	0:00:10.843625
1401	4	7	0.367	0	0:00:10.842198
1402	7	9	0.617	0	0:00:10.840784
1403	6	9	0.965	0	0:00:10.841703
1404	1	1	0.41	1	0:00:10.857286
1405	1	9	1.5	0	0:00:10.845311
1406	9	9	1.07	1	0:00:10.842053
1407	8	9	1.3	0	0:00:10.840225
1408	1	9	0.706	0	0:00:10.832090
1409	0	-1	0.0	0	0:00:10.841622
1410	1	9	0.129	0	0:00:10.829914
1411	3	9	1.51	0	0:00:10.838546
1412	1	9	1.48	0	0:00:10.840020
1413	1	9	1.5	0	0:00:10.842611
1414	1	9	1.75	0	0:00:10.843531
1415	7	9	0.554	0	0:00:10.844959
1416	3	9	0.0971	0	0:00:10.832111
1417	9	9	1.64	1	0:00:10.837056
1418	6	9	0.64	0	0:00:10.849591
1419	8	9	1.02	0	0:00:10.838219
1420	4	9	0.173	0	0:00:10.837105
1421	6	9	0.866	0	0:00:10.843525
1422	8	9	1.45	0	0:00:10.837687
1423	4	9	0.306	0	0:00:10.841112
1424	9	9	1.21	1	0:00:10.840892
1425	4	9	0.525	0	0:00:10.833328
1426	7	7	0.905	1	0:00:10.842818
1427	9	9	1.47	1	0:00:10.840336
1428	7	9	0.503	0	0:00:10.837551
1429	6	9	0.882	0	0:00:10.842902
1430	8	9	0.819	0	0:00:10.852681
1431	4	9	0.246	0	0:00:10.844571
1432	9	9	1.96	1	0:00:10.833601
1433	7	7	1.19	1	0:00:10.823444
1434	0	9	1.02	0	0:00:10.831516
1435	1	9	0.984	0	0:00:10.850672
1436	6	9	0.791	0	0:00:10.828505
1437	1	9	1.44	0	0:00:10.844630
1438	5	9	0.601	0	0:00:10.837993
1439	9	9	0.909	1	0:00:10.840465
1440	0	9	1.17	0	0:00:10.841508
1441	4	-1	0.0	0	0:00:10.843579
1442	3	9	1.33	0	0:00:10.836871
1443	4	9	1.08	0	0:00:10.845250
1444	1	9	1.18	0	0:00:10.842468
1445	3	9	1.28	0	0:00:10.837230
1446	0	-1	0.0	0	0:00:10.846314
1447	8	9	1.64	0	0:00:10.840271
1448	4	9	0.95	0	0:00:10.830134
1449	6	9	1.02	0	0:00:10.840090
1450	2	9	1.51	0	0:00:10.839993
1451	2	9	0.0107	0	0:00:10.845680
1452	6	9	0.562	0	0:00:10.830517
1453	5	9	0.713	0	0:00:10.845289
1454	3	9	0.54	0	0:00:10.841563
1455	6	9	0.094	0	0:00:10.839207
1456	2	9	1.4	0	0:00:10.858978
1457	1	9	0.458	0	0:00:10.850427
1458	1	9	1.24	0	0:00:10.841414
1459	8	9	1.3	0	0:00:10.839254
1460	6	9	0.88	0	0:00:10.855567
1461	0	9	1.06	0	0:00:10.840951
1462	4	9	0.125	0	0:00:10.841679
1463	0	9	0.798	0	0:00:10.842881
1464	1	9	1.13	0	0:00:10.842054
1465	9	9	1.22	1	0:00:10.832638
1466	7	7	0.728	1	0:00:10.835075
1467	1	9	0.179	0	0:00:10.838207
1468	3	9	0.144	0	0:00:10.836621
1469	7	7	0.614	1	0:00:10.838507
1470	7	-1	0.0	0	0:00:10.833892
1471	8	9	1.73	0	0:00:10.840724
1472	7	9	0.422	0	0:00:10.843119
1473	7	7	1.38	1	0:00:10.846148
1474	3	9	0.251	0	0:00:10.832479
1475	9	9	1.96	1	0:00:10.836205
1476	7	7	1.62	1	0:00:10.838025
1477	7	7	0.265	1	0:00:10.844634
1478	7	9	0.794	0	0:00:10.834421
1479	2	9	1.91	0	0:00:10.831382
1480	1	9	1.57	0	0:00:10.840558
1481	2	9	0.327	0	0:00:10.839231
1482	8	9	1.96	0	0:00:10.834798
1483	6	9	0.736	0	0:00:10.842816
1484	4	9	0.805	0	0:00:10.836695
1485	0	9	1.16	0	0:00:10.834057
1486	7	9	0.773	0	0:00:10.843502
1487	9	9	1.17	1	0:00:10.838915
1488	8	9	1.07	0	0:00:10.838953
1489	6	9	1.09	0	0:00:10.838462
1490	8	8	0.292	1	0:00:10.838551
1491	4	9	1.63	0	0:00:10.833796
1492	9	9	1.35	1	0:00:10.842756
1493	1	9	1.34	0	0:00:10.840709
1494	7	-1	0.0	0	0:00:10.861707
1495	2	-1	0.0	0	0:00:10.841190
1496	2	-1	0.0	0	0:00:10.822505
1497	8	8	0.446	1	0:00:10.840151
1498	5	5	0.00339	1	0:00:10.817402
1499	8	9	1.15	0	0:00:10.842782
1500	1	9	1.32	0	0:00:10.845755
1501	2	9	1.05	0	0:00:10.841894
1502	2	9	0.528	0	0:00:10.837782
1503	4	7	0.434	0	0:00:10.841447
1504	1	9	1.73	0	0:00:10.838359
1505	2	9	1.14	0	0:00:10.842298
1506	5	7	1.19	0	0:00:10.844780
1507	2	9	1.43	0	0:00:10.839748
1508	8	9	1.01	0	0:00:10.841306
1509	1	9	0.9	0	0:00:10.837984
1510	8	8	0.55	1	0:00:10.839666
1511	1	9	0.24	0	0:00:10.833991
1512	8	9	1.72	0	0:00:10.840596
1513	6	9	0.302	0	0:00:10.881315
1514	0	9	1.5	0	0:00:10.837328
1515	2	9	0.548	0	0:00:10.847377
1516	4	9	0.801	0	0:00:10.844792
1517	1	9	0.344	0	0:00:10.842959
1518	3	9	0.388	0	0:00:10.844816
1519	6	9	0.804	0	0:00:10.835818
1520	7	9	1.36	0	0:00:10.834263
1521	7	7	0.318	1	0:00:10.857291
1522	4	9	0.0992	0	0:00:10.843414
1523	4	9	0.161	0	0:00:10.840089
1524	3	9	1.32	0	0:00:10.852864
1525	3	9	0.768	0	0:00:10.838927
1526	4	9	1.35	0	0:00:10.840157
1527	5	9	1.31	0	0:00:10.840837
1528	2	7	0.0179	0	0:00:10.841480
1529	4	9	0.25	0	0:00:10.842180
1530	3	9	0.807	0	0:00:10.847307
1531	7	9	0.721	0	0:00:10.882198
1532	8	9	1.32	0	0:00:10.841498
1533	4	7	0.358	0	0:00:10.840214
1534	4	9	1.34	0	0:00:10.840253
1535	4	7	0.243	0	0:00:10.841717
1536	5	9	1.33	0	0:00:10.838208
1537	4	7	0.62	0	0:00:10.835261
1538	3	9	1.09	0	0:00:10.862233
1539	2	9	1.21	0	0:00:10.846866
1540	8	9	1.16	0	0:00:10.848525
1541	4	9	0.445	0	0:00:10.851582
1542	5	9	0.556	0	0:00:10.867348
1543	5	9	0.847	0	0:00:10.843175
1544	4	9	0.977	0	0:00:10.845977
1545	1	9	1.61	0	0:00:10.836632
1546	4	9	0.565	0	0:00:10.841507
1547	2	4	0.33	0	0:00:10.837848
1548	5	8	1.2	0	0:00:10.843535
1549	1	9	0.965	0	0:00:10.837376
1550	6	9	1.67	0	0:00:10.844896
1551	4	9	0.939	0	0:00:10.867328
1552	3	9	0.423	0	0:00:10.845717
1553	4	9	0.794	0	0:00:10.841303
1554	4	9	0.254	0	0:00:10.849016
1555	0	9	0.137	0	0:00:10.847596
1556	8	9	1.8	0	0:00:10.837515
1557	8	9	1.54	0	0:00:10.847396
1558	4	9	0.852	0	0:00:10.837955
1559	5	9	0.787	0	0:00:10.831702
1560	7	7	1.88	1	0:00:10.833147
1561	5	9	0.577	0	0:00:10.850666
1562	6	9	1.55	0	0:00:10.867147
1563	9	9	1.96	1	0:00:10.830895
1564	1	9	0.674	0	0:00:10.834590
1565	6	9	0.488	0	0:00:10.843041
1566	7	7	0.93	1	0:00:10.849008
1567	2	9	1.4	0	0:00:10.835542
1568	0	9	0.997	0	0:00:10.840991
1569	1	9	0.814	0	0:00:10.842224
1570	4	9	0.906	0	0:00:10.835707
1571	5	9	0.594	0	0:00:10.841068
1572	6	9	1.6	0	0:00:10.839896
1573	0	9	1.22	0	0:00:10.834421
1574	0	9	1.69	0	0:00:10.869124
1575	2	9	0.966	0	0:00:10.837144
1576	7	9	0.865	0	0:00:10.832506
1577	5	9	1.42	0	0:00:10.846773
1578	6	9	1.71	0	0:00:10.836443
1579	0	9	0.74	0	0:00:10.838253
1580	6	9	1.39	0	0:00:10.837761
1581	2	9	1.48	0	0:00:10.842064
1582	9	9	1.96	1	0:00:10.838128
1583	1	9	0.699	0	0:00:10.835315
1584	7	9	0.553	0	0:00:10.837869
1585	7	9	0.965	0	0:00:10.845599
1586	5	9	0.477	0	0:00:10.841217
1587	2	9	0.844	0	0:00:10.840907
1588	5	9	1.31	0	0:00:10.844752
1589	6	9	1.42	0	0:00:10.832428
1590	4	-1	0.0	0	0:00:10.836297
1591	1	9	0.566	0	0:00:10.826056
1592	4	9	0.824	0	0:00:10.840935
1593	3	9	1.59	0	0:00:10.833894
1594	3	7	0.0237	0	0:00:10.838002
1595	3	0	0.31	0	0:00:10.824367
1596	0	9	1.06	0	0:00:10.859549
1597	3	9	0.873	0	0:00:10.824154
1598	5	9	1.08	0	0:00:10.837921
1599	5	9	1.88	0	0:00:10.840793
1600	8	9	1.6	0	0:00:10.841915
1601	9	9	1.32	1	0:00:10.837056
1602	7	9	1.81	0	0:00:10.839485
1603	3	9	0.0726	0	0:00:10.842276
1604	1	9	1.45	0	0:00:10.833272
1605	3	9	0.665	0	0:00:10.842555
1606	3	9	1.79	0	0:00:10.834962
1607	3	9	0.00549	0	0:00:10.834391
1608	4	9	0.818	0	0:00:10.837796
1609	4	9	1.35	0	0:00:10.836320
1610	2	9	1.24	0	0:00:10.834147
1611	3	9	1.35	0	0:00:10.839409
1612	3	9	1.44	0	0:00:10.841495
1613	8	9	0.764	0	0:00:10.831238
1614	1	9	1.37	0	0:00:10.831719
1615	7	9	0.934	0	0:00:10.846133
1616	7	9	1.54	0	0:00:10.854398
1617	0	8	0.168	0	0:00:10.826554
1618	7	9	1.25	0	0:00:10.834138
1619	4	9	1.05	0	0:00:10.843831
1620	5	9	1.45	0	0:00:10.830695
1621	1	9	0.802	0	0:00:10.837296
1622	4	9	0.905	0	0:00:10.832731
1623	2	9	1.32	0	0:00:10.835762
1624	4	9	0.264	0	0:00:10.836259
1625	3	9	0.718	0	0:00:10.830638
1626	9	9	1.62	1	0:00:10.833803
1627	9	9	1.96	1	0:00:10.815190
1628	4	9	0.452	0	0:00:10.830257
1629	9	9	1.2	1	0:00:10.833600
1630	9	9	0.714	1	0:00:10.832713
1631	1	9	1.48	0	0:00:10.833000
1632	8	9	0.936	0	0:00:10.825915
1633	1	9	1.96	0	0:00:10.828753
1634	6	9	0.396	0	0:00:10.833575
1635	7	7	0.951	1	0:00:10.829068
1636	5	9	1.61	0	0:00:10.838429
1637	5	9	1.23	0	0:00:10.830276
1638	4	9	1.26	0	0:00:10.837391
1639	9	9	1.96	1	0:00:10.831498
1640	7	7	0.616	1	0:00:10.826032
1641	6	9	1.44	0	0:00:10.830327
1642	5	9	0.553	0	0:00:10.835736
1643	9	9	1.84	1	0:00:10.833135
1644	2	9	1.54	0	0:00:10.829606
1645	4	9	0.859	0	0:00:10.832676
1646	0	0	0.412	1	0:00:10.825563
1647	7	7	1.49	1	0:00:10.841400
1648	8	9	1.55	0	0:00:10.869849
1649	5	9	0.0168	0	0:00:10.836993
1650	5	9	0.868	0	0:00:10.840930
1651	0	9	0.166	0	0:00:10.827645
1652	0	9	0.168	0	0:00:10.841816
1653	9	9	1.96	1	0:00:10.839281
1654	9	9	1.91	1	0:00:10.830603
1655	8	9	1.36	0	0:00:10.834077
1656	2	9	0.909	0	0:00:10.838856
1657	5	-1	0.0	0	0:00:10.843944
1658	4	9	0.869	0	0:00:10.837984
1659	8	9	0.286	0	0:00:10.840339
1660	3	9	0.249	0	0:00:10.836646
1661	6	9	1.74	0	0:00:10.833193
1662	3	9	1.06	0	0:00:10.839815
1663	6	9	1.49	0	0:00:10.837176
1664	0	0	0.421	1	0:00:10.820489
1665	6	9	0.549	0	0:00:10.865271
1666	6	9	1.66	0	0:00:10.844468
1667	6	9	1.32	0	0:00:10.838261
1668	9	9	1.64	1	0:00:10.841038
1669	6	9	0.773	0	0:00:10.831653
1670	6	9	0.883	0	0:00:10.836492
1671	8	9	0.31	0	0:00:10.839867
1672	6	9	1.24	0	0:00:10.848403
1673	2	9	1.5	0	0:00:10.860418
1674	4	-1	0.0	0	0:00:10.837930
1675	5	9	1.2	0	0:00:10.835163
1676	8	9	1.25	0	0:00:10.837051
1677	1	1	0.309	1	0:00:10.830531
1678	2	9	1.33	0	0:00:10.850964
1679	7	7	0.129	1	0:00:10.835615
1680	6	9	1.37	0	0:00:10.793813
1681	5	9	1.41	0	0:00:10.845288
1682	7	7	0.458	1	0:00:10.844652
1683	8	9	1.25	0	0:00:10.844588
1684	1	9	1.86	0	0:00:10.841078
1685	8	9	1.54	0	0:00:10.839906
1686	0	9	0.298	0	0:00:10.835842
1687	8	8	0.628	1	0:00:10.875567
1688	6	9	0.974	0	0:00:10.830171
1689	9	9	1.61	1	0:00:10.841923
1690	2	9	0.287	0	0:00:10.842100
1691	8	9	0.673	0	0:00:10.841743
1692	9	9	0.37	1	0:00:10.826898
1693	4	9	1.96	0	0:00:10.834725
1694	0	-1	0.0	0	0:00:10.825082
1695	9	9	1.3	1	0:00:10.825415
1696	4	9	0.35	0	0:00:10.835836
1697	9	9	1.02	1	0:00:10.836216
1698	5	9	1.16	0	0:00:10.837298
1699	7	7	0.525	1	0:00:10.838490
1700	5	9	1.01	0	0:00:10.835773
1701	5	9	1.84	0	0:00:10.838101
1702	9	9	1.75	1	0:00:10.831616
1703	5	9	1.91	0	0:00:10.844465
1704	3	-1	0.0	0	0:00:10.843031
1705	0	0	0.313	1	0:00:10.843249
1706	1	9	0.683	0	0:00:10.838589
1707	9	9	1.91	1	0:00:10.844734
1708	7	9	1.79	0	0:00:10.835236
1709	2	9	0.625	0	0:00:10.834109
1710	4	9	0.5	0	0:00:10.837295
1711	1	9	1.34	0	0:00:10.840710
1712	0	9	0.765	0	0:00:10.836966
1713	8	-1	0.0	0	0:00:10.824405
1714	0	9	0.529	0	0:00:10.839618
1715	3	9	0.612	0	0:00:10.846433
1716	1	9	0.817	0	0:00:10.842273
1717	7	7	0.744	1	0:00:10.837382
1718	0	9	1.66	0	0:00:10.848530
1719	0	9	1.19	0	0:00:10.861753
1720	4	7	0.506	0	0:00:10.834810
1721	8	9	1.32	0	0:00:10.839080
1722	6	9	1.17	0	0:00:10.846535
1723	2	-1	0.0	0	0:00:10.835025
1724	4	9	1.06	0	0:00:10.839018
1725	0	9	0.784	0	0:00:10.835211
1726	0	-1	0.0	0	0:00:10.861285
1727	9	9	0.322	1	0:00:10.843986
1728	0	9	1.76	0	0:00:10.828853
1729	8	8	0.475	1	0:00:10.830827
1730	4	9	1.66	0	0:00:10.835876
1731	5	9	1.14	0	0:00:10.837961
1732	9	9	0.432	1	0:00:10.820473
1733	3	9	1.11	0	0:00:10.848279
1734	9	9	1.53	1	0:00:10.830230
1735	0	9	0.348	0	0:00:10.832865
1736	5	9	0.7	0	0:00:10.825269
1737	6	9	1.04	0	0:00:10.852349
1738	5	9	0.659	0	0:00:10.822732
1739	0	9	1.12	0	0:00:10.834468
1740	1	9	1.36	0	0:00:10.835588
1741	4	9	0.427	0	0:00:10.848066
1742	8	8	0.0838	1	0:00:10.838179
1743	1	9	0.636	0	0:00:10.834532
1744	0	0	0.0465	1	0:00:10.839143
1745	5	9	0.115	0	0:00:10.861289
1746	2	9	1.41	0	0:00:10.844548
1747	1	9	0.405	0	0:00:10.837903
1748	0	9	0.0642	0	0:00:10.842932
1749	2	7	0.201	0	0:00:10.834495
1750	8	9	1.35	0	0:00:10.854010
1751	1	9	1.61	0	0:00:10.828238
1752	5	-1	0.0	0	0:00:10.820749
1753	6	9	1.42	0	0:00:10.825627
1754	7	7	1.0	1	0:00:10.825524
1755	7	7	0.258	1	0:00:10.837422
1756	2	9	0.214	0	0:00:10.839211
1757	6	9	1.79	0	0:00:10.824752
1758	2	9	0.262	0	0:00:10.857513
1759	5	7	0.148	0	0:00:10.830863
1760	0	9	0.749	0	0:00:10.845834
1761	1	9	0.868	0	0:00:10.834200
1762	4	9	0.506	0	0:00:10.830140
1763	2	9	1.12	0	0:00:10.850136
1764	5	9	1.48	0	0:00:10.827238
1765	4	9	0.899	0	0:00:10.832500
1766	6	9	0.876	0	0:00:10.829451
1767	2	9	0.593	0	0:00:10.856340
1768	2	9	0.465	0	0:00:10.826168
1769	1	9	1.21	0	0:00:10.830201
1770	7	7	0.128	1	0:00:10.831331
1771	2	9	0.575	0	0:00:10.833238
1772	8	9	1.33	0	0:00:10.825969
1773	5	9	0.441	0	0:00:10.818061
1774	5	9	1.28	0	0:00:10.841289
1775	3	9	0.504	0	0:00:10.841259
1776	0	9	0.228	0	0:00:10.867014
1777	4	9	0.928	0	0:00:10.829804
1778	8	9	1.62	0	0:00:10.854840
1779	3	9	0.262	0	0:00:10.833733
1780	7	9	0.39	0	0:00:10.833190
1781	6	9	0.796	0	0:00:10.831701
1782	3	9	0.887	0	0:00:10.849464
1783	8	9	1.86	0	0:00:10.829386
1784	1	9	1.51	0	0:00:10.833127
1785	0	9	0.181	0	0:00:10.855326
1786	1	9	1.96	0	0:00:10.836170
1787	3	-1	0.0	0	0:00:10.831983
1788	3	9	0.856	0	0:00:10.828329
1789	0	7	0.443	0	0:00:10.865355
1790	7	9	1.32	0	0:00:10.842817
1791	4	9	0.953	0	0:00:10.832721
1792	9	9	1.96	1	0:00:10.834021
1793	5	-1	0.0	0	0:00:10.841569
1794	3	9	0.629	0	0:00:10.847916
1795	6	9	1.34	0	0:00:10.836475
1796	0	9	1.91	0	0:00:10.830098
1797	1	9	1.2	0	0:00:10.861396
1798	4	-1	0.0	0	0:00:10.833170
1799	4	9	0.343	0	0:00:10.845785
1800	4	9	1.51	0	0:00:10.838219
1801	4	9	0.204	0	0:00:10.835104
1802	2	9	0.639	0	0:00:10.837745
1803	2	9	1.37	0	0:00:10.838499
1804	5	9	1.33	0	0:00:10.858450
1805	8	9	1.17	0	0:00:10.832705
1806	1	9	0.416	0	0:00:10.852489
1807	5	9	0.749	0	0:00:10.853639
1808	9	9	1.05	1	0:00:10.835387
1809	8	9	1.45	0	0:00:10.845802
1810	1	9	0.55	0	0:00:10.839369
1811	1	9	0.614	0	0:00:10.855478
1812	5	7	0.076	0	0:00:10.847584
1813	3	9	0.51	0	0:00:10.858722
1814	9	9	1.79	1	0:00:10.831009
1815	9	9	1.44	1	0:00:10.843828
1816	7	9	0.692	0	0:00:10.830792
1817	6	9	0.75	0	0:00:10.865479
1818	5	9	1.53	0	0:00:10.840134
1819	0	9	1.6	0	0:00:10.847824
1820	8	9	1.56	0	0:00:10.862178
1821	4	9	1.06	0	0:00:10.840692
1822	7	-1	0.0	0	0:00:10.862843
1823	0	0	0.315	1	0:00:10.876303
1824	9	9	1.67	1	0:00:10.845011
1825	2	9	0.436	0	0:00:10.841394
1826	8	9	1.26	0	0:00:10.857341
1827	4	-1	0.0	0	0:00:10.858929
1828	7	9	1.07	0	0:00:10.854631
1829	1	9	1.1	0	0:00:10.868118
1830	3	9	1.23	0	0:00:10.834525
1831	9	9	1.47	1	0:00:10.846058
1832	6	9	1.23	0	0:00:10.860895
1833	8	9	1.25	0	0:00:10.827465
1834	9	9	1.59	1	0:00:10.842419
1835	0	8	0.133	0	0:00:10.865051
1836	4	9	0.414	0	0:00:10.853686
1837	9	9	0.65	1	0:00:10.839386
1838	6	9	1.73	0	0:00:10.852334
1839	7	7	1.96	1	0:00:10.848000
1840	8	9	1.38	0	0:00:10.853455
1841	9	9	1.12	1	0:00:10.878730
1842	4	7	0.412	0	0:00:10.835936
1843	8	9	1.11	0	0:00:10.828840
1844	9	9	1.96	1	0:00:10.856001
1845	7	9	0.617	0	0:00:10.878891
1846	2	9	1.59	0	0:00:10.855236
1847	5	9	0.896	0	0:00:10.835360
1848	3	9	1.13	0	0:00:10.844103
1849	7	7	0.654	1	0:00:10.897487
1850	1	9	0.134	0	0:00:10.835385
1851	0	-1	0.0	0	0:00:10.848129
1852	2	9	1.13	0	0:00:10.843715
1853	9	9	1.5	1	0:00:10.850640
1854	5	9	1.66	0	0:00:10.852602
1855	5	9	1.71	0	0:00:10.853008
1856	8	9	0.764	0	0:00:10.840294
1857	5	9	1.23	0	0:00:10.848655
1858	4	-1	0.0	0	0:00:10.874166
1859	2	9	0.513	0	0:00:10.865744
1860	8	8	0.253	1	0:00:10.839888
1861	3	9	0.475	0	0:00:10.862932
1862	5	9	1.57	0	0:00:10.856846
1863	5	9	1.02	0	0:00:10.860696
1864	7	7	0.146	1	0:00:10.862803
1865	7	9	0.718	0	0:00:10.841605
1866	8	9	1.29	0	0:00:10.843415
1867	6	9	1.79	0	0:00:10.865879
1868	2	9	1.02	0	0:00:10.847192
1869	8	9	1.03	0	0:00:10.865768
1870	2	0	0.271	0	0:00:10.851877
1871	3	9	0.126	0	0:00:10.870746
1872	5	9	1.64	0	0:00:10.844908
1873	6	9	1.02	0	0:00:10.869482
1874	8	9	0.725	0	0:00:10.847720
1875	0	-1	0.0	0	0:00:10.860752
1876	2	9	0.211	0	0:00:10.862512
1877	3	9	1.84	0	0:00:10.846244
1878	7	7	0.792	1	0:00:10.862460
1879	0	9	0.674	0	0:00:10.885195
1880	1	9	0.457	0	0:00:10.867300
1881	9	9	1.96	1	0:00:10.838525
1882	1	9	0.583	0	0:00:10.883651
1883	3	9	1.07	0	0:00:10.870167
1884	7	9	0.433	0	0:00:10.859641
1885	5	8	0.11	0	0:00:10.871322
1886	8	9	1.91	0	0:00:10.872277
1887	3	9	1.34	0	0:00:10.855669
1888	2	9	1.11	0	0:00:10.859842
1889	9	9	1.96	1	0:00:10.880725
1890	6	9	1.11	0	0:00:10.879026
1891	8	9	0.621	0	0:00:10.840519
1892	6	9	1.05	0	0:00:10.882768
1893	9	9	1.63	1	0:00:10.865969
1894	3	9	1.26	0	0:00:10.858599
1895	8	9	1.96	0	0:00:10.870243
1896	9	9	1.91	1	0:00:10.872045
1897	8	9	0.645	0	0:00:10.859230
1898	0	9	1.75	0	0:00:10.867551
1899	7	-1	0.0	0	0:00:10.852045
1900	8	9	0.701	0	0:00:10.861035
1901	5	9	1.07	0	0:00:10.869993
1902	0	4	0.000898	0	0:00:10.871328
1903	0	9	1.42	0	0:00:10.857774
1904	1	9	1.57	0	0:00:10.870164
1905	3	9	0.0986	0	0:00:10.875036
1906	9	9	0.665	1	0:00:10.895905
1907	1	9	0.942	0	0:00:10.867110
1908	5	9	0.62	0	0:00:10.853083
1909	3	9	1.59	0	0:00:10.869772
1910	4	9	1.55	0	0:00:10.859493
1911	4	9	1.51	0	0:00:10.847058
1912	0	9	0.551	0	0:00:10.849684
1913	9	9	0.987	1	0:00:10.873193
1914	9	9	1.56	1	0:00:10.889542
1915	9	9	1.76	1	0:00:10.849043
1916	9	9	1.73	1	0:00:10.897529
1917	8	9	0.677	0	0:00:10.842692
1918	2	-1	0.0	0	0:00:10.849570
1919	4	9	0.681	0	0:00:10.883235
1920	2	7	0.087	0	0:00:10.860780
1921	2	9	1.49	0	0:00:10.883907
1922	5	9	0.782	0	0:00:10.854109
1923	1	9	1.57	0	0:00:10.877273
1924	9	9	0.781	1	0:00:10.848035
1925	1	9	1.4	0	0:00:10.876502
1926	0	9	1.96	0	0:00:10.857480
1927	9	9	0.669	1	0:00:10.893523
1928	4	9	0.771	0	0:00:10.866545
1929	2	9	1.32	0	0:00:10.866717
1930	1	9	1.03	0	0:00:10.837760
1931	6	9	0.912	0	0:00:10.871233
1932	0	9	0.497	0	0:00:10.868665
1933	3	9	1.32	0	0:00:10.856367
1934	7	9	1.19	0	0:00:10.872938
1935	6	9	0.667	0	0:00:10.902833
1936	3	7	0.379	0	0:00:10.864296
1937	1	9	1.23	0	0:00:10.874110
1938	8	9	1.02	0	0:00:10.895659
1939	6	9	0.642	0	0:00:10.859708
1940	5	9	1.34	0	0:00:10.880971
1941	7	9	1.06	0	0:00:10.876153
1942	2	9	0.813	0	0:00:10.867380
1943	8	9	0.848	0	0:00:10.872420
1944	4	9	1.62	0	0:00:10.901330
1945	4	7	0.343	0	0:00:10.848939
1946	8	9	1.23	0	0:00:10.887491
1947	3	9	1.63	0	0:00:10.877697
1948	5	9	1.4	0	0:00:10.874351
1949	0	9	0.909	0	0:00:10.869081
1950	5	9	1.11	0	0:00:10.881345
1951	7	9	0.641	0	0:00:10.878747
1952	4	9	0.97	0	0:00:10.894878
1953	4	9	0.34	0	0:00:10.864652
1954	2	9	0.725	0	0:00:10.881195
1955	2	9	0.843	0	0:00:10.887533
1956	7	9	0.891	0	0:00:10.914064
1957	3	9	1.52	0	0:00:10.858389
1958	6	9	1.17	0	0:00:10.865732
1959	0	9	1.67	0	0:00:10.886231
1960	2	9	1.15	0	0:00:10.899896
1961	7	9	0.718	0	0:00:10.857961
1962	6	9	1.22	0	0:00:10.875241
1963	2	9	0.185	0	0:00:10.881273
1964	3	9	1.35	0	0:00:10.888829
1965	0	9	0.0978	0	0:00:10.851934
1966	7	7	0.0463	1	0:00:10.887143
1967	7	7	0.209	1	0:00:10.873075
1968	8	8	0.538	1	0:00:10.879751
1969	1	9	1.06	0	0:00:10.857877
1970	1	9	0.0516	0	0:00:10.877850
1971	4	9	1.86	0	0:00:10.870749
1972	6	9	1.13	0	0:00:10.883112
1973	0	9	0.704	0	0:00:10.883217
1974	6	9	0.156	0	0:00:10.878384
1975	6	9	0.277	0	0:00:10.895680
1976	5	9	1.11	0	0:00:10.862146
1977	5	9	0.467	0	0:00:10.888535
1978	6	9	1.01	0	0:00:10.856634
1979	3	9	0.696	0	0:00:10.900468
1980	9	9	1.8	1	0:00:10.860860
1981	3	-1	0.0	0	0:00:10.907938
1982	6	9	0.947	0	0:00:10.853296
1983	8	9	0.725	0	0:00:10.895466
1984	7	7	0.494	1	0:00:10.900317
1985	6	9	0.703	0	0:00:10.856863
1986	4	9	1.42	0	0:00:10.899212
1987	9	9	1.74	1	0:00:10.861233
1988	5	9	0.882	0	0:00:10.878617
1989	6	9	0.909	0	0:00:10.900070
1990	4	7	0.159	0	0:00:10.876192
1991	1	9	0.346	0	0:00:10.898326
1992	6	9	1.04	0	0:00:10.879209
1993	3	-1	0.0	0	0:00:10.871220
1994	8	9	0.831	0	0:00:10.889301
1995	2	9	0.671	0	0:00:10.875851
1996	3	9	0.684	0	0:00:10.855809
1997	9	9	0.667	1	0:00:10.888906
1998	8	9	1.22	0	0:00:10.891399
1999	5	9	1.16	0	0:00:10.888362
2000	1	9	1.52	0	0:00:10.863105
2001	5	9	0.99	0	0:00:10.876215
2002	4	9	0.611	0	0:00:10.868897
2003	5	9	1.45	0	0:00:10.888440
2004	7	7	1.8	1	0:00:10.870571
2005	5	9	1.38	0	0:00:10.912739
2006	7	7	1.84	1	0:00:10.856028
2007	8	9	1.07	0	0:00:10.878588
2008	9	9	1.17	1	0:00:10.889496
2009	1	9	1.02	0	0:00:10.881510
2010	7	9	1.7	0	0:00:10.879702
2011	2	9	1.2	0	0:00:10.887986
2012	5	9	0.939	0	0:00:10.878401
2013	6	9	1.28	0	0:00:10.863079
2014	8	9	0.464	0	0:00:10.903497
2015	4	9	0.881	0	0:00:10.874098
2016	6	9	0.99	0	0:00:10.898247
2017	5	9	0.413	0	0:00:10.871542
2018	3	9	1.0	0	0:00:10.872778
2019	9	9	0.829	1	0:00:10.888785
2020	9	9	1.91	1	0:00:10.904473
2021	8	9	0.573	0	0:00:10.864037
2022	5	9	0.371	0	0:00:10.877849
2023	5	9	0.23	0	0:00:10.869674
2024	6	9	0.909	0	0:00:10.907138
2025	4	9	0.759	0	0:00:10.882343
2026	5	7	0.00188	0	0:00:10.889020
2027	9	9	1.64	1	0:00:10.870788
2028	7	9	0.513	0	0:00:10.872962
2029	3	9	1.33	0	0:00:10.870191
2030	4	9	1.02	0	0:00:10.882572
2031	1	9	0.508	0	0:00:10.869884
2032	4	9	0.379	0	0:00:10.890435
2033	2	9	0.372	0	0:00:10.886004
2034	3	9	1.25	0	0:00:10.904732
2035	6	9	0.573	0	0:00:10.857959
2036	5	9	0.945	0	0:00:10.893450
2037	5	9	0.951	0	0:00:10.872979
2038	2	9	1.05	0	0:00:10.878540
2039	8	9	0.933	0	0:00:10.883847
2040	0	9	1.07	0	0:00:10.881462
2041	0	8	0.227	0	0:00:10.914839
2042	1	9	1.05	0	0:00:10.863177
2043	8	9	1.33	0	0:00:10.865629
2044	3	9	1.03	0	0:00:10.890152
2045	1	9	1.57	0	0:00:10.877591
2046	3	9	0.378	0	0:00:10.866266
2047	5	9	0.484	0	0:00:10.864124
2048	8	-1	0.0	0	0:00:10.870466
2049	3	9	0.895	0	0:00:10.931192
2050	8	9	0.26	0	0:00:10.864665
2051	5	9	0.797	0	0:00:10.880646
2052	8	9	1.17	0	0:00:10.880233
2053	6	9	0.543	0	0:00:10.883871
2054	3	9	0.443	0	0:00:10.888783
2055	5	9	0.785	0	0:00:10.876389
2056	5	9	0.0925	0	0:00:10.880105
2057	5	9	1.76	0	0:00:10.880423
2058	0	9	1.79	0	0:00:10.873819
2059	9	9	1.52	1	0:00:10.873225
2060	5	9	0.945	0	0:00:10.891220
2061	5	9	0.406	0	0:00:10.865661
2062	7	9	1.64	0	0:00:10.890149
2063	1	9	0.718	0	0:00:10.904586
2064	8	9	1.62	0	0:00:10.867072
2065	2	9	0.742	0	0:00:10.881119
2066	2	7	0.000572	0	0:00:10.895531
2067	7	9	0.572	0	0:00:10.874932
2068	3	9	1.39	0	0:00:10.873513
2069	4	9	0.109	0	0:00:10.892889
2070	2	9	0.544	0	0:00:10.877393
2071	9	9	0.744	1	0:00:10.899685
2072	6	9	0.778	0	0:00:10.865499
2073	2	9	1.21	0	0:00:10.913944
2074	2	9	0.0343	0	0:00:10.874939
2075	4	9	1.03	0	0:00:10.908804
2076	3	9	1.46	0	0:00:10.866333
2077	0	9	1.04	0	0:00:10.896470
2078	2	9	0.621	0	0:00:10.907081
2079	0	9	0.169	0	0:00:10.873373
2080	1	9	0.379	0	0:00:10.882189
2081	3	9	1.01	0	0:00:10.876758
2082	2	9	0.821	0	0:00:10.879257
2083	2	9	1.46	0	0:00:10.891558
2084	7	7	0.692	1	0:00:10.890241
2085	0	0	0.125	1	0:00:10.897677
2086	1	9	1.11	0	0:00:10.893209
2087	0	-1	0.0	0	0:00:10.873621
2088	7	7	1.06	1	0:00:10.874239
2089	7	7	1.06	1	0:00:10.891518
2090	2	7	0.48	0	0:00:10.892578
2091	0	9	1.45	0	0:00:10.858766
2092	1	9	0.975	0	0:00:10.912946
2093	6	9	1.7	0	0:00:10.861901
2094	5	-1	0.0	0	0:00:10.879075
2095	0	7	1.68	0	0:00:10.880669
2096	2	9	1.96	0	0:00:10.857763
2097	2	9	0.255	0	0:00:10.889498
2098	0	9	1.1	0	0:00:10.887585
2099	1	9	0.695	0	0:00:10.893825
2100	2	9	1.15	0	0:00:10.859446
2101	6	9	1.31	0	0:00:10.898963
2102	0	9	0.837	0	0:00:10.901047
2103	1	9	0.237	0	0:00:10.849555
2104	6	9	1.06	0	0:00:10.908620
2105	6	9	0.742	0	0:00:10.884474
2106	5	9	0.417	0	0:00:10.866318
2107	3	9	0.881	0	0:00:10.881738
2108	4	9	0.963	0	0:00:10.869213
2109	0	9	0.937	0	0:00:10.882537
2110	0	9	1.55	0	0:00:10.904958
2111	9	9	1.4	1	0:00:10.868239
2112	1	9	1.46	0	0:00:10.885047
2113	0	9	0.963	0	0:00:10.890069
2114	2	9	0.713	0	0:00:10.894561
2115	5	9	1.05	0	0:00:10.902980
2116	9	9	1.88	1	0:00:10.899890
2117	7	9	0.472	0	0:00:10.860661
2118	8	9	0.609	0	0:00:10.901948
2119	6	9	1.28	0	0:00:10.912470
2120	4	9	1.8	0	0:00:10.891151
2121	6	9	1.03	0	0:00:10.904515
2122	0	0	0.615	1	0:00:10.924796
2123	2	9	0.268	0	0:00:10.878401
2124	0	-1	0.0	0	0:00:10.899469
2125	1	9	0.471	0	0:00:10.891747
2126	9	9	1.35	1	0:00:10.899810
2127	2	9	0.347	0	0:00:10.912008
2128	4	9	0.153	0	0:00:10.879770
2129	9	9	1.67	1	0:00:10.897538
2130	0	0	0.371	1	0:00:10.916386
2131	7	9	0.397	0	0:00:10.881463
2132	2	9	1.12	0	0:00:10.913781
2133	3	9	1.79	0	0:00:10.865589
2134	4	9	0.126	0	0:00:10.865624
2135	8	9	0.867	0	0:00:10.873061
2136	0	9	0.884	0	0:00:10.870368
2137	2	9	1.37	0	0:00:10.849871
2138	6	-1	0.0	0	0:00:10.881869
2139	8	-1	0.0	0	0:00:10.855183
2140	9	9	1.91	1	0:00:10.858473
2141	7	9	0.455	0	0:00:10.860471
2142	1	9	1.35	0	0:00:10.838635
2143	9	9	0.357	1	0:00:10.840575
2144	3	7	0.00317	0	0:00:10.834991
2145	7	7	0.189	1	0:00:10.847550
2146	2	9	0.455	0	0:00:10.837271
2147	7	7	0.0343	1	0:00:10.845407
2148	9	9	1.96	1	0:00:10.848470
2149	6	9	0.85	0	0:00:10.852962
2150	9	9	1.56	1	0:00:10.848710
2151	5	9	0.611	0	0:00:10.839310
2152	7	9	0.99	0	0:00:10.831380
2153	8	9	0.94	0	0:00:10.833243
2154	5	9	1.47	0	0:00:10.829753
2155	9	9	1.8	1	0:00:10.829902
2156	8	9	1.34	0	0:00:10.847371
2157	3	9	1.56	0	0:00:10.841969
2158	9	9	1.31	1	0:00:10.841465
2159	8	9	1.7	0	0:00:10.850838
2160	0	9	0.964	0	0:00:10.836144
2161	5	9	0.675	0	0:00:10.834736
2162	5	9	1.88	0	0:00:10.830382
2163	7	-1	0.0	0	0:00:10.820154
2164	1	1	0.126	1	0:00:10.834848
2165	2	9	0.438	0	0:00:10.826858
2166	0	0	0.0121	1	0:00:10.838273
2167	7	9	0.714	0	0:00:10.835011
2168	5	9	1.67	0	0:00:10.833321
2169	8	9	1.38	0	0:00:10.836483
2170	2	9	0.171	0	0:00:10.840898
2171	2	9	1.05	0	0:00:10.839100
2172	5	9	0.453	0	0:00:10.845182
2173	3	9	0.0633	0	0:00:10.838566
2174	9	9	1.91	1	0:00:10.838343
2175	3	9	0.893	0	0:00:10.836575
2176	1	9	1.71	0	0:00:10.843242
2177	9	9	1.59	1	0:00:10.834210
2178	3	9	1.04	0	0:00:10.831399
2179	1	9	0.206	0	0:00:10.834298
2180	4	9	0.58	0	0:00:10.843899
2181	3	9	0.708	0	0:00:10.842269
2182	4	9	0.277	0	0:00:10.840219
2183	4	9	0.802	0	0:00:10.843555
2184	9	9	1.03	1	0:00:10.853809
2185	0	9	1.4	0	0:00:10.874923
2186	9	9	1.14	1	0:00:10.852219
2187	5	9	0.472	0	0:00:10.861546
2188	9	9	1.77	1	0:00:10.849834
2189	2	9	0.108	0	0:00:10.853169
2190	9	9	0.558	1	0:00:10.867742
2191	4	9	0.466	0	0:00:10.862127
2192	0	9	0.543	0	0:00:10.851706
2193	2	9	0.18	0	0:00:10.871066
2194	8	9	1.21	0	0:00:10.859372
2195	4	7	0.338	0	0:00:10.879272
2196	8	9	0.52	0	0:00:10.892201
2197	6	9	1.4	0	0:00:10.871404
2198	8	9	1.03	0	0:00:10.891186
2199	2	-1	0.0	0	0:00:10.867639
2200	0	9	0.393	0	0:00:10.893997
2201	5	9	1.31	0	0:00:10.870935
2202	9	9	1.52	1	0:00:10.884108
2203	6	9	0.512	0	0:00:10.858176
2204	9	9	0.951	1	0:00:10.877599
2205	5	9	0.718	0	0:00:10.900682
2206	1	9	1.83	0	0:00:10.865878
2207	3	-1	0.0	0	0:00:10.896595
2208	4	9	1.26	0	0:00:10.869195
2209	4	9	0.658	0	0:00:10.864100
2210	2	-1	0.0	0	0:00:10.898843
2211	7	9	0.67	0	0:00:10.865449
2212	2	9	1.28	0	0:00:10.896367
2213	4	9	1.28	0	0:00:10.870224
2214	4	4	0.702	1	0:00:10.863492
2215	0	9	0.479	0	0:00:10.888771
2216	2	-1	0.0	0	0:00:10.892998
2217	8	9	1.71	0	0:00:10.870080
2218	4	9	0.679	0	0:00:10.873512
2219	5	9	0.775	0	0:00:10.898678
2220	1	1	0.0498	1	0:00:10.869377
2221	2	-1	0.0	0	0:00:10.874457
2222	6	9	0.197	0	0:00:10.885079
2223	8	9	0.844	0	0:00:10.893894
2224	1	9	0.431	0	0:00:10.873312
2225	7	7	0.506	1	0:00:10.903216
2226	2	9	1.2	0	0:00:10.881507
2227	8	9	0.219	0	0:00:10.872564
2228	7	7	0.148	1	0:00:10.916562
2229	4	9	0.567	0	0:00:10.889600
2230	3	9	1.14	0	0:00:10.867831
2231	3	7	0.933	0	0:00:10.890139
2232	0	9	1.44	0	0:00:10.861788
2233	3	7	0.605	0	0:00:10.923091
2234	7	7	0.28	1	0:00:10.856559
2235	2	9	1.43	0	0:00:10.883133
2236	5	9	0.849	0	0:00:10.867621
2237	6	9	0.748	0	0:00:10.884146
2238	1	9	0.496	0	0:00:10.876742
2239	7	9	0.491	0	0:00:10.891356
2240	9	9	1.88	1	0:00:10.876679
2241	0	9	0.401	0	0:00:10.881387
2242	2	9	1.19	0	0:00:10.916821
2243	3	9	0.842	0	0:00:10.872303
2244	9	9	1.81	1	0:00:10.877094
2245	8	9	0.626	0	0:00:10.874091
2246	9	9	1.2	1	0:00:10.904200
2247	5	9	1.55	0	0:00:10.871717
2248	0	9	1.81	0	0:00:10.885067
2249	0	9	0.888	0	0:00:10.878811
2250	7	9	0.213	0	0:00:10.885619
2251	6	9	0.824	0	0:00:10.885555
2252	3	9	1.2	0	0:00:10.877079
2253	3	9	1.17	0	0:00:10.894271
2254	8	9	1.08	0	0:00:10.879473
2255	1	9	0.287	0	0:00:10.880844
2256	4	-1	0.0	0	0:00:10.907899
2257	0	0	0.084	1	0:00:10.883820
2258	1	9	0.0654	0	0:00:10.847915
2259	5	7	0.688	0	0:00:10.896545
2260	4	9	0.202	0	0:00:10.894173
2261	3	9	1.57	0	0:00:10.859451
2262	2	8	0.787	0	0:00:10.884027
2263	6	9	1.26	0	0:00:10.897827
2264	0	9	1.37	0	0:00:10.867812
2265	8	9	1.37	0	0:00:10.875671
2266	8	9	0.246	0	0:00:10.867817
2267	6	9	1.84	0	0:00:10.865178
2268	3	9	1.65	0	0:00:10.871360
2269	3	9	1.05	0	0:00:10.868930
2270	2	9	0.496	0	0:00:10.859538
2271	9	9	1.96	1	0:00:10.872469
2272	7	7	0.399	1	0:00:10.859215
2273	5	9	0.447	0	0:00:10.910689
2274	1	9	0.649	0	0:00:10.870686
2275	6	9	0.633	0	0:00:10.842918
2276	0	9	0.723	0	0:00:10.854466
2277	5	9	0.544	0	0:00:10.855191
2278	9	9	1.86	1	0:00:10.861154
2279	9	9	1.96	1	0:00:10.878813
2280	4	9	1.67	0	0:00:10.869152
2281	5	9	0.497	0	0:00:10.853018
2282	9	9	1.39	1	0:00:10.864235
2283	4	9	1.24	0	0:00:10.863205
2284	8	9	1.03	0	0:00:10.853535
2285	3	9	0.24	0	0:00:10.886973
2286	3	9	1.79	0	0:00:10.848618
2287	2	7	0.0157	0	0:00:10.867963
2288	5	9	0.498	0	0:00:10.852714
2289	1	9	1.23	0	0:00:10.860409
2290	9	9	1.91	1	0:00:10.860675
2291	5	9	0.183	0	0:00:10.857678
2292	5	9	1.54	0	0:00:10.855056
2293	8	9	0.925	0	0:00:10.859089
2294	1	9	1.05	0	0:00:10.859859
2295	8	9	1.23	0	0:00:10.876858
2296	9	9	1.5	1	0:00:10.868932
2297	7	9	0.135	0	0:00:10.880803
2298	0	9	0.279	0	0:00:10.873836
2299	6	9	0.952	0	0:00:10.864383
2300	3	9	1.38	0	0:00:10.875662
2301	2	9	0.359	0	0:00:10.860325
2302	0	-1	0.0	0	0:00:10.871186
2303	2	9	1.03	0	0:00:10.870801
2304	6	9	1.41	0	0:00:10.873179
2305	9	9	0.576	1	0:00:10.874335
2306	3	9	1.59	0	0:00:10.878677
2307	9	9	1.08	1	0:00:10.919999
2308	1	9	0.495	0	0:00:10.848659
2309	6	9	0.969	0	0:00:10.867562
2310	6	9	1.44	0	0:00:10.928312
2311	7	9	1.08	0	0:00:10.848922
2312	2	9	1.27	0	0:00:10.869503
2313	6	0	0.13	0	0:00:10.905362
2314	3	7	0.143	0	0:00:10.870602
2315	2	9	0.725	0	0:00:10.878816
2316	5	9	0.961	0	0:00:10.901421
2317	5	9	1.17	0	0:00:10.863878
2318	2	9	0.647	0	0:00:10.901911
2319	7	9	1.33	0	0:00:10.923339
2320	5	9	1.91	0	0:00:10.857515
2321	2	9	1.7	0	0:00:10.882769
2322	0	8	0.376	0	0:00:10.876043
2323	8	9	0.209	0	0:00:10.912756
2324	0	9	1.61	0	0:00:10.867605
2325	7	9	1.01	0	0:00:10.852734
2326	7	7	0.808	1	0:00:10.894261
2327	1	9	0.72	0	0:00:10.878897
2328	7	7	0.973	1	0:00:10.869156
2329	4	9	0.0541	0	0:00:10.883386
2330	0	9	0.771	0	0:00:10.934111
2331	2	7	0.0261	0	0:00:10.853355
2332	2	-1	0.0	0	0:00:10.884604
2333	6	9	1.21	0	0:00:10.896409
2334	1	9	1.26	0	0:00:10.878540
2335	5	-1	0.0	0	0:00:10.862479
2336	9	9	1.41	1	0:00:10.899328
2337	7	9	0.209	0	0:00:10.879296
2338	6	9	0.454	0	0:00:10.893980
2339	2	9	0.588	0	0:00:10.895887
2340	7	9	0.408	0	0:00:10.884891
2341	0	9	0.829	0	0:00:10.894406
2342	5	9	1.05	0	0:00:10.868072
2343	6	9	1.68	0	0:00:10.905147
2344	0	8	0.067	0	0:00:10.903611
2345	1	9	0.731	0	0:00:10.854569
2346	1	9	0.655	0	0:00:10.891609
2347	8	9	1.24	0	0:00:10.894054
2348	4	9	0.0253	0	0:00:10.877504
2349	5	9	0.588	0	0:00:10.893599
2350	3	8	0.141	0	0:00:10.883139
2351	1	9	1.18	0	0:00:10.902763
2352	2	9	0.299	0	0:00:10.880024
2353	4	9	0.414	0	0:00:10.892245
2354	8	9	1.11	0	0:00:10.896764
2355	9	9	0.979	1	0:00:10.878811
2356	8	9	1.58	0	0:00:10.875200
2357	1	9	0.609	0	0:00:10.869564
2358	7	9	1.53	0	0:00:10.873878
2359	2	9	1.08	0	0:00:10.881815
2360	7	9	0.245	0	0:00:10.914811
2361	2	9	0.756	0	0:00:10.867644
2362	3	9	0.33	0	0:00:10.879375
2363	2	9	1.69	0	0:00:10.888845
2364	6	9	0.611	0	0:00:10.881701
2365	7	9	0.878	0	0:00:10.887332
2366	9	9	0.304	1	0:00:10.870569
2367	4	9	1.09	0	0:00:10.881369
2368	0	4	0.688	0	0:00:10.886487
2369	1	9	1.81	0	0:00:10.882194
2370	0	9	0.891	0	0:00:10.894468
2371	4	9	1.91	0	0:00:10.874564
2372	5	9	0.911	0	0:00:10.897470
2373	0	0	0.339	1	0:00:10.856951
2374	8	9	1.42	0	0:00:10.871293
2375	0	9	1.21	0	0:00:10.896062
2376	7	9	1.59	0	0:00:10.858585
2377	6	9	1.14	0	0:00:10.873407
2378	1	9	0.306	0	0:00:10.880567
2379	0	9	0.331	0	0:00:10.900235
2380	8	9	1.09	0	0:00:10.871137
2381	5	5	0.635	1	0:00:10.869660
2382	9	9	1.69	1	0:00:10.894861
2383	2	9	0.826	0	0:00:10.874039
2384	5	9	0.224	0	0:00:10.867476
2385	4	9	1.57	0	0:00:10.903671
2386	4	-1	0.0	0	0:00:10.871681
2387	9	9	0.838	1	0:00:10.877628
2388	0	9	0.869	0	0:00:10.899264
2389	6	9	1.44	0	0:00:10.876968
2390	1	9	0.983	0	0:00:10.884321
2391	2	9	1.29	0	0:00:10.867256
2392	5	9	0.313	0	0:00:10.896325
2393	1	9	1.61	0	0:00:10.880064
2394	6	-1	0.0	0	0:00:10.874003
2395	7	9	1.37	0	0:00:10.892592
2396	1	9	1.37	0	0:00:10.889577
2397	5	5	0.0164	1	0:00:10.882708
2398	8	9	1.77	0	0:00:10.855120
2399	8	9	1.83	0	0:00:10.908481
2400	0	0	0.315	1	0:00:10.902150
2401	3	9	1.11	0	0:00:10.857209
2402	9	9	1.62	1	0:00:10.853598
2403	4	9	0.819	0	0:00:10.901538
2404	0	9	1.03	0	0:00:10.860837
2405	3	9	0.844	0	0:00:10.886693
2406	4	9	1.06	0	0:00:10.878539
2407	9	9	0.779	1	0:00:10.866421
2408	2	9	1.03	0	0:00:10.873787
2409	4	9	0.195	0	0:00:10.904634
2410	3	9	1.38	0	0:00:10.871816
2411	0	9	0.69	0	0:00:10.881390
2412	6	9	1.45	0	0:00:10.861844
2413	4	9	1.41	0	0:00:10.888188
2414	5	9	1.14	0	0:00:10.883026
2415	6	9	0.815	0	0:00:10.874108
2416	6	9	1.86	0	0:00:10.866509
2417	7	7	1.3	1	0:00:10.896189
2418	8	9	1.68	0	0:00:10.864239
2419	4	9	1.04	0	0:00:10.883845
2420	8	9	1.04	0	0:00:10.864123
2421	8	9	1.1	0	0:00:10.892876
2422	3	9	1.61	0	0:00:10.888080
2423	2	9	0.814	0	0:00:10.881080
2424	8	9	1.66	0	0:00:10.888687
2425	0	9	1.12	0	0:00:10.885665
2426	2	9	1.22	0	0:00:10.859378
2427	5	9	1.27	0	0:00:10.892978
2428	6	9	1.48	0	0:00:10.875578
2429	8	9	1.13	0	0:00:10.890584
2430	7	9	0.962	0	0:00:10.875460
2431	8	9	1.04	0	0:00:10.883024
2432	9	9	1.35	1	0:00:10.913322
2433	9	9	1.96	1	0:00:10.863242
2434	0	9	1.21	0	0:00:10.885961
2435	6	-1	0.0	0	0:00:10.847788
2436	6	9	0.853	0	0:00:10.906066
2437	8	9	0.934	0	0:00:10.889419
2438	1	9	1.23	0	0:00:10.881943
2439	1	1	1.3	1	0:00:10.862024
2440	7	9	1.68	0	0:00:10.912947
2441	4	9	1.41	0	0:00:10.877820
2442	4	9	1.37	0	0:00:10.878762
2443	2	9	0.0735	0	0:00:10.889237
2444	3	9	1.16	0	0:00:10.876808
2445	6	9	0.884	0	0:00:10.888207
2446	9	9	1.43	1	0:00:10.864031
2447	6	9	0.454	0	0:00:10.896335
2448	2	9	0.437	0	0:00:10.874710
2449	4	9	0.94	0	0:00:10.920665
2450	1	9	0.132	0	0:00:10.875142
2451	8	8	0.375	1	0:00:10.888436
2452	2	9	1.67	0	0:00:10.877663
2453	3	9	0.857	0	0:00:10.895105
2454	1	9	1.7	0	0:00:10.856590
2455	6	9	1.23	0	0:00:10.887176
2456	8	9	1.31	0	0:00:10.868585
2457	6	9	1.42	0	0:00:10.880208
2458	8	9	1.53	0	0:00:10.883912
2459	5	9	1.08	0	0:00:10.884109
2460	9	9	1.46	1	0:00:10.879258
2461	0	9	0.634	0	0:00:10.892041
2462	1	9	0.333	0	0:00:10.876348
2463	0	9	0.595	0	0:00:10.885869
2464	2	9	1.36	0	0:00:10.886910
2465	9	9	1.51	1	0:00:10.875745
2466	2	9	0.561	0	0:00:10.895856
2467	9	9	1.96	1	0:00:10.882357
2468	0	9	0.542	0	0:00:10.896674
2469	9	9	1.43	1	0:00:10.889596
2470	7	9	0.0872	0	0:00:10.887662
2471	8	9	0.599	0	0:00:10.882535
2472	5	9	0.918	0	0:00:10.876556
2473	0	9	0.338	0	0:00:10.873560
2474	6	9	0.193	0	0:00:10.887732
2475	6	9	1.32	0	0:00:10.880139
2476	8	9	1.83	0	0:00:10.901083
2477	1	9	1.59	0	0:00:10.865876
2478	6	9	1.69	0	0:00:10.863262
2479	5	9	0.249	0	0:00:10.887250
2480	8	9	0.889	0	0:00:10.871144
2481	7	7	0.0402	1	0:00:10.906023
2482	9	9	1.31	1	0:00:10.886034
2483	2	9	0.683	0	0:00:10.867644
2484	1	9	0.229	0	0:00:10.891065
2485	6	9	1.27	0	0:00:10.878864
2486	7	-1	0.0	0	0:00:10.889024
2487	5	7	0.191	0	0:00:10.886865
2488	6	9	1.44	0	0:00:10.886624
2489	3	9	1.26	0	0:00:10.871696
2490	0	9	0.594	0	0:00:10.905030
2491	9	9	1.37	1	0:00:10.885365
2492	8	8	0.863	1	0:00:10.867111
2493	9	9	1.13	1	0:00:10.883502
2494	5	7	0.0694	0	0:00:10.897291
2495	9	9	0.179	1	0:00:10.891528
2496	9	9	0.579	1	0:00:10.868979
2497	9	9	0.521	1	0:00:10.874972
2498	3	9	1.5	0	0:00:10.936544
2499	6	9	1.39	0	0:00:10.846655
2500	4	9	1.41	0	0:00:10.878567
2501	4	9	1.14	0	0:00:10.918901
2502	8	9	0.434	0	0:00:10.875388
2503	8	9	1.74	0	0:00:10.883764
2504	1	9	0.925	0	0:00:10.850027
2505	7	9	0.984	0	0:00:10.881419
2506	3	9	1.12	0	0:00:10.892652
2507	0	9	0.627	0	0:00:10.883398
2508	6	9	0.866	0	0:00:10.871470
2509	2	9	0.769	0	0:00:10.890229
2510	4	9	1.11	0	0:00:10.867602
2511	8	9	0.389	0	0:00:10.925502
2512	2	9	1.16	0	0:00:10.867320
2513	2	9	0.823	0	0:00:10.902511
2514	9	9	1.76	1	0:00:10.896077
2515	2	9	1.7	0	0:00:10.869025
2516	2	9	1.22	0	0:00:10.867790
2517	9	9	1.96	1	0:00:10.872362
2518	7	7	0.386	1	0:00:10.890592
2519	4	9	1.75	0	0:00:10.872230
2520	1	9	1.51	0	0:00:10.900100
2521	9	9	1.38	1	0:00:10.874617
2522	1	9	1.67	0	0:00:10.869987
2523	4	9	0.62	0	0:00:10.881765
2524	3	9	1.26	0	0:00:10.893862
2525	5	9	1.27	0	0:00:10.892160
2526	3	9	0.0314	0	0:00:10.858692
2527	8	9	0.974	0	0:00:10.878110
2528	9	9	1.12	1	0:00:10.879334
2529	3	9	1.96	0	0:00:10.907279
2530	6	9	1.13	0	0:00:10.866401
2531	2	-1	0.0	0	0:00:10.933545
2532	0	9	0.853	0	0:00:10.866920
2533	8	9	0.545	0	0:00:10.874947
2534	9	9	1.45	1	0:00:10.905550
2535	0	9	1.41	0	0:00:10.871985
2536	5	9	1.52	0	0:00:10.880118
2537	1	1	0.0196	1	0:00:10.894307
2538	5	9	1.07	0	0:00:10.885944
2539	8	9	1.08	0	0:00:10.882033
2540	2	9	0.787	0	0:00:10.895479
2541	1	1	0.879	1	0:00:10.876938
2542	2	9	0.861	0	0:00:10.899001
2543	3	-1	0.0	0	0:00:10.889386
2544	2	9	1.47	0	0:00:10.857696
2545	4	7	0.194	0	0:00:10.885882
2546	8	9	1.43	0	0:00:10.874613
2547	4	9	1.12	0	0:00:10.907980
2548	0	-1	0.0	0	0:00:10.859922
2549	6	9	1.4	0	0:00:10.890418
2550	4	9	0.0463	0	0:00:10.895691
2551	2	9	1.24	0	0:00:10.916925
2552	9	9	1.96	1	0:00:10.877190
2553	8	9	1.23	0	0:00:10.884593
2554	4	7	0.295	0	0:00:10.893130
2555	7	9	0.507	0	0:00:10.896341
2556	6	9	1.01	0	0:00:10.903263
2557	2	9	0.948	0	0:00:10.875261
2558	4	9	1.55	0	0:00:10.894653
2559	7	7	0.128	1	0:00:10.869830
2560	7	9	1.29	0	0:00:10.893193
2561	6	9	0.909	0	0:00:10.884852
2562	4	9	0.315	0	0:00:10.900743
2563	2	9	0.814	0	0:00:10.884181
2564	2	9	1.41	0	0:00:10.897025
2565	3	-1	0.0	0	0:00:10.879410
2566	2	-1	0.0	0	0:00:10.878468
2567	4	9	1.2	0	0:00:10.886801
2568	9	9	0.475	1	0:00:10.905034
2569	0	9	0.286	0	0:00:10.886263
2570	0	9	0.0641	0	0:00:10.887502
2571	9	9	1.7	1	0:00:10.871876
2572	6	9	0.16	0	0:00:10.903611
2573	5	7	0.61	0	0:00:10.913505
2574	8	9	0.901	0	0:00:10.882454
2575	5	9	0.816	0	0:00:10.898704
2576	2	9	0.83	0	0:00:10.886531
2577	4	9	0.0523	0	0:00:10.881166
2578	8	8	0.719	1	0:00:10.912361
2579	8	9	1.27	0	0:00:10.897662
2580	6	9	0.51	0	0:00:10.853719
2581	4	-1	0.0	0	0:00:10.900431
2582	5	9	1.17	0	0:00:10.884116
2583	7	7	1.34	1	0:00:10.881107
2584	6	9	1.07	0	0:00:10.895235
2585	3	9	0.95	0	0:00:10.895721
2586	7	9	1.47	0	0:00:10.878956
2587	0	9	0.401	0	0:00:10.872946
2588	4	9	1.07	0	0:00:10.893404
2589	0	9	1.41	0	0:00:10.883220
2590	5	9	1.15	0	0:00:10.885857
2591	8	9	1.29	0	0:00:10.899575
2592	2	9	1.75	0	0:00:10.909790
2593	8	8	0.141	1	0:00:10.885194
2594	0	9	1.37	0	0:00:10.878981
2595	4	9	0.704	0	0:00:10.902049
2596	9	9	1.42	1	0:00:10.889365
2597	2	9	1.91	0	0:00:10.903573
2598	3	9	1.1	0	0:00:10.872117
2599	6	9	1.17	0	0:00:10.911860
2600	8	9	1.08	0	0:00:10.900623
2601	1	1	0.018	1	0:00:10.911133
2602	6	9	0.0751	0	0:00:10.873903
2603	0	9	0.611	0	0:00:10.888867
2604	8	9	1.46	0	0:00:10.894215
2605	4	9	1.01	0	0:00:10.894680
2606	3	9	1.02	0	0:00:10.896050
2607	1	9	0.871	0	0:00:10.894113
2608	4	-1	0.0	0	0:00:10.876833
2609	5	9	1.5	0	0:00:10.913612
2610	2	9	0.91	0	0:00:10.870342
2611	4	9	1.28	0	0:00:10.909024
2612	3	-1	0.0	0	0:00:10.895307
2613	6	9	1.02	0	0:00:10.927900
2614	0	9	0.883	0	0:00:10.863432
2615	7	7	0.662	1	0:00:10.905759
2616	1	9	0.823	0	0:00:10.888228
2617	3	9	0.735	0	0:00:10.897846
2618	5	9	1.55	0	0:00:10.879190
2619	7	9	0.483	0	0:00:10.882059
2620	1	9	1.03	0	0:00:10.911094
2621	8	9	0.762	0	0:00:10.900962
2622	0	9	1.04	0	0:00:10.873848
2623	4	9	0.524	0	0:00:10.896700
2624	8	9	0.234	0	0:00:10.884340
2625	2	9	0.303	0	0:00:10.895378
2626	7	9	1.43	0	0:00:10.894676
2627	7	9	0.271	0	0:00:10.894130
2628	0	9	0.991	0	0:00:10.876956
2629	2	9	1.18	0	0:00:10.906299
2630	2	9	1.69	0	0:00:10.881277
2631	4	9	0.849	0	0:00:10.913855
2632	3	9	1.58	0	0:00:10.887299
2633	3	9	0.897	0	0:00:10.909861
2634	1	9	0.423	0	0:00:10.905061
2635	6	9	1.13	0	0:00:10.879771
2636	1	9	1.36	0	0:00:10.900744
2637	6	9	1.2	0	0:00:10.875786
2638	4	9	0.526	0	0:00:10.891690
2639	6	9	1.01	0	0:00:10.910841
2640	7	7	0.17	1	0:00:10.897875
2641	4	9	0.451	0	0:00:10.887701
2642	7	9	0.217	0	0:00:10.922636
2643	3	7	0.0423	0	0:00:10.900923
2644	8	9	1.66	0	0:00:10.880341
2645	1	9	0.0244	0	0:00:10.926213
2646	3	9	1.81	0	0:00:10.894872
2647	1	9	0.59	0	0:00:10.897623
2648	4	9	0.256	0	0:00:10.863455
2649	6	9	1.07	0	0:00:10.915713
2650	5	9	1.67	0	0:00:10.888583
2651	5	9	1.46	0	0:00:10.904634
2652	7	7	1.25	1	0:00:10.867227
2653	4	9	0.619	0	0:00:10.901586
2654	5	9	0.799	0	0:00:10.939605
2655	4	9	0.662	0	0:00:10.865716
2656	9	9	0.988	1	0:00:10.885935
2657	7	9	0.649	0	0:00:10.931102
2658	7	9	0.165	0	0:00:10.885880
2659	2	9	1.46	0	0:00:10.918959
2660	3	9	0.143	0	0:00:10.907420
2661	3	9	0.276	0	0:00:10.878351
2662	6	9	1.38	0	0:00:10.918494
2663	7	9	0.174	0	0:00:10.897133
2664	4	9	0.276	0	0:00:10.915464
2665	1	9	0.404	0	0:00:10.883507
2666	6	9	0.872	0	0:00:10.914505
2667	1	9	1.15	0	0:00:10.875844
2668	0	9	0.891	0	0:00:10.901804
2669	6	9	1.67	0	0:00:10.901942
2670	9	9	1.21	1	0:00:10.894553
2671	6	9	0.764	0	0:00:10.910608
2672	0	9	0.843	0	0:00:10.889301
2673	2	9	1.33	0	0:00:10.915308
2674	0	7	0.278	0	0:00:10.908982
2675	2	9	0.431	0	0:00:10.886405
2676	4	9	0.564	0	0:00:10.900157
2677	7	9	0.817	0	0:00:10.905914
2678	0	7	0.496	0	0:00:10.908044
2679	0	0	0.58	1	0:00:10.893204
2680	0	9	1.05	0	0:00:10.875022
2681	0	9	0.581	0	0:00:10.903912
2682	7	-1	0.0	0	0:00:10.890803
2683	5	9	1.53	0	0:00:10.885915
2684	3	0	0.0685	0	0:00:10.909263
2685	2	9	0.423	0	0:00:10.894703
2686	7	7	0.316	1	0:00:10.899520
2687	8	9	0.766	0	0:00:10.902325
2688	5	9	0.491	0	0:00:10.910110
2689	5	9	1.33	0	0:00:10.886825
2690	2	9	1.01	0	0:00:10.902159
2691	2	-1	0.0	0	0:00:10.915386
2692	8	9	1.07	0	0:00:10.870411
2693	9	9	1.96	1	0:00:10.898693
2694	1	1	0.42	1	0:00:10.912803
2695	2	9	0.861	0	0:00:10.901396
2696	2	9	1.78	0	0:00:10.877573
2697	0	9	1.96	0	0:00:10.886648
2698	3	5	0.834	0	0:00:10.890345
2699	4	-1	0.0	0	0:00:10.910323
2700	9	9	1.16	1	0:00:10.912240
2701	1	9	1.04	0	0:00:10.875018
2702	6	9	1.28	0	0:00:10.907840
2703	9	9	1.29	1	0:00:10.906485
2704	0	9	1.16	0	0:00:10.903653
2705	8	9	0.748	0	0:00:10.890924
2706	3	9	1.1	0	0:00:10.893037
2707	6	9	1.48	0	0:00:10.890219
2708	4	9	0.503	0	0:00:10.902179
2709	6	9	1.43	0	0:00:10.913741
2710	7	9	1.02	0	0:00:10.893851
2711	5	9	1.44	0	0:00:10.891360
2712	1	9	1.91	0	0:00:10.895290
2713	8	9	0.604	0	0:00:10.890962
2714	9	9	1.69	1	0:00:10.891569
2715	0	9	0.958	0	0:00:10.892121
2716	5	9	1.41	0	0:00:10.891977
2717	0	9	0.113	0	0:00:10.916801
2718	5	9	1.17	0	0:00:10.910336
2719	4	9	0.922	0	0:00:10.892001
2720	3	9	1.45	0	0:00:10.904357
2721	8	9	0.299	0	0:00:10.913135
2722	5	9	0.199	0	0:00:10.907168
2723	2	9	1.5	0	0:00:10.911499
2724	0	9	0.629	0	0:00:10.902246
2725	8	9	0.609	0	0:00:10.895488
2726	5	9	0.469	0	0:00:10.893901
2727	9	9	1.96	1	0:00:10.907540
2728	2	9	0.529	0	0:00:10.900012
2729	5	-1	0.0	0	0:00:10.892660
2730	6	9	1.74	0	0:00:10.894354
2731	5	9	0.985	0	0:00:10.903840
2732	7	7	1.08	1	0:00:10.889622
2733	3	7	0.983	0	0:00:10.911679
2734	7	7	1.86	1	0:00:10.869720
2735	2	9	1.51	0	0:00:10.898875
2736	8	9	1.88	0	0:00:10.930988
2737	8	9	1.83	0	0:00:10.866505
2738	4	9	0.352	0	0:00:10.887788
2739	2	9	0.172	0	0:00:10.898952
2740	1	9	1.05	0	0:00:10.895551
2741	6	-1	0.0	0	0:00:10.910158
2742	2	9	0.67	0	0:00:10.894913
2743	9	9	1.83	1	0:00:10.907109
2744	9	9	1.75	1	0:00:10.885621
2745	8	9	1.3	0	0:00:10.887427
2746	2	9	1.07	0	0:00:10.893513
2747	3	8	0.159	0	0:00:10.907795
2748	1	9	0.809	0	0:00:10.890266
2749	0	7	0.118	0	0:00:10.913735
2750	5	-1	0.0	0	0:00:10.914494
2751	2	9	0.616	0	0:00:10.890675
2752	3	9	1.73	0	0:00:10.895603
2753	7	7	0.0415	1	0:00:10.900887
2754	9	9	1.1	1	0:00:10.886589
2755	5	7	1.4	0	0:00:10.933890
2756	9	0	0.183	0	0:00:10.850720
2757	1	9	1.31	0	0:00:10.888294
2758	1	9	1.5	0	0:00:10.892457
2759	3	9	0.934	0	0:00:10.899044
2760	2	9	0.553	0	0:00:10.904297
2761	7	7	0.614	1	0:00:10.912272
2762	4	9	0.244	0	0:00:10.920214
2763	4	-1	0.0	0	0:00:10.890337
2764	1	9	0.821	0	0:00:10.915730
2765	9	9	1.06	1	0:00:10.911582
2766	4	0	0.302	0	0:00:10.898420
2767	5	9	0.118	0	0:00:10.866843
2768	5	9	1.37	0	0:00:10.917319
2769	2	9	1.5	0	0:00:10.886321
2770	7	9	1.15	0	0:00:10.893159
2771	7	9	0.658	0	0:00:10.918839
2772	6	9	0.334	0	0:00:10.899592
2773	1	9	0.792	0	0:00:10.933589
2774	2	9	0.859	0	0:00:10.883132
2775	3	9	0.528	0	0:00:10.896825
2776	7	9	0.67	0	0:00:10.883489
