idx	label	predict	radius	correct	time
0	3	9	1.14	0	0:00:10.734716
1	8	9	2.99	0	0:00:10.844377
2	8	9	2.87	0	0:00:11.201583
3	0	9	2.45	0	0:00:11.320861
4	6	9	1.63	0	0:00:11.355200
5	6	0	0.476	0	0:00:11.485414
6	1	-1	0.0	0	0:00:11.494854
7	6	9	1.51	0	0:00:11.418574
8	3	9	1.81	0	0:00:11.472599
9	1	9	1.37	0	0:00:11.516073
10	0	9	1.68	0	0:00:11.543273
11	9	9	2.04	1	0:00:11.538689
12	5	9	1.48	0	0:00:11.517002
13	7	9	0.725	0	0:00:11.575597
14	9	9	1.36	1	0:00:11.474513
15	8	9	2.54	0	0:00:11.599690
16	5	9	1.51	0	0:00:11.429590
17	7	9	0.688	0	0:00:11.552726
18	8	9	1.89	0	0:00:11.619820
19	6	9	1.0	0	0:00:11.564514
20	7	7	0.14	1	0:00:11.612327
21	0	-1	0.0	0	0:00:11.583174
22	4	9	0.962	0	0:00:11.573405
23	9	0	0.365	0	0:00:11.523860
24	5	9	1.06	0	0:00:11.650202
25	2	9	1.13	0	0:00:11.523928
26	4	9	0.537	0	0:00:11.586436
27	0	9	0.988	0	0:00:11.636220
28	9	9	1.26	1	0:00:11.538974
29	6	9	0.264	0	0:00:11.681218
30	6	-1	0.0	0	0:00:11.642950
31	5	9	1.72	0	0:00:11.583526
32	4	9	1.96	0	0:00:11.565565
33	5	9	0.0395	0	0:00:11.586030
34	9	9	0.666	1	0:00:11.604416
35	2	9	1.3	0	0:00:11.557535
36	4	9	0.866	0	0:00:11.585534
37	1	9	2.71	0	0:00:11.585364
38	9	9	0.827	1	0:00:11.531014
39	5	9	2.24	0	0:00:11.576901
40	4	9	1.49	0	0:00:11.478947
41	6	9	0.374	0	0:00:11.613468
42	5	-1	0.0	0	0:00:11.558573
43	6	9	0.362	0	0:00:11.590779
44	0	9	2.88	0	0:00:11.467657
45	9	9	1.85	1	0:00:11.590333
46	3	9	1.08	0	0:00:11.520617
47	9	9	1.15	1	0:00:11.553040
48	7	9	1.54	0	0:00:11.542289
49	6	9	0.983	0	0:00:11.490597
50	9	9	1.42	1	0:00:11.536540
51	8	9	1.87	0	0:00:11.533052
52	0	9	1.97	0	0:00:11.526500
53	3	9	1.22	0	0:00:11.462070
54	8	9	3.44	0	0:00:11.537018
55	8	9	2.01	0	0:00:11.474146
56	7	9	0.429	0	0:00:11.595030
57	7	9	1.63	0	0:00:11.466577
58	4	9	1.87	0	0:00:11.541639
59	6	9	1.03	0	0:00:11.498270
60	7	9	0.562	0	0:00:11.484283
61	3	-1	0.0	0	0:00:11.541325
62	6	9	1.09	0	0:00:11.128450
63	3	9	0.737	0	0:00:11.698531
64	6	9	0.449	0	0:00:11.509372
65	2	9	0.774	0	0:00:11.434231
66	1	9	1.8	0	0:00:11.480520
67	2	9	1.66	0	0:00:11.457028
68	3	9	0.283	0	0:00:11.476944
69	7	9	1.45	0	0:00:11.502985
70	2	9	1.56	0	0:00:11.455966
71	6	9	0.678	0	0:00:11.502215
72	8	9	2.02	0	0:00:11.496701
73	8	9	2.78	0	0:00:11.415233
74	0	9	0.776	0	0:00:11.523478
75	2	9	1.27	0	0:00:11.425388
76	9	9	1.19	1	0:00:11.570386
77	3	9	2.16	0	0:00:11.416424
78	3	9	0.195	0	0:00:11.539859
79	8	9	1.46	0	0:00:11.450377
80	8	9	2.05	0	0:00:11.493228
81	1	9	0.598	0	0:00:11.354687
82	1	9	1.59	0	0:00:11.606116
83	7	9	1.18	0	0:00:11.534199
84	2	9	1.05	0	0:00:11.481168
85	5	-1	0.0	0	0:00:11.352201
86	2	9	1.64	0	0:00:11.542348
87	7	9	2.4	0	0:00:11.538867
88	8	9	1.8	0	0:00:11.528162
89	9	9	2.41	1	0:00:11.426908
90	0	9	3.11	0	0:00:11.553109
91	3	9	1.09	0	0:00:11.434999
92	8	9	2.85	0	0:00:11.450100
93	6	9	0.566	0	0:00:11.555827
94	4	9	0.568	0	0:00:11.261868
95	6	9	1.1	0	0:00:11.597393
96	6	9	0.71	0	0:00:11.526755
97	0	9	1.68	0	0:00:11.525362
98	0	-1	0.0	0	0:00:11.398167
99	7	9	0.416	0	0:00:11.548018
100	4	9	0.738	0	0:00:11.498110
101	5	9	1.19	0	0:00:11.516439
102	6	9	1.06	0	0:00:11.396621
103	3	9	0.359	0	0:00:11.526711
104	1	9	1.33	0	0:00:11.452739
105	1	9	2.92	0	0:00:11.490869
106	3	9	1.95	0	0:00:11.553240
107	6	9	1.46	0	0:00:11.399379
108	8	9	1.85	0	0:00:11.544221
109	7	9	1.87	0	0:00:11.496458
110	4	0	1.95	0	0:00:11.503852
111	0	9	1.83	0	0:00:11.514174
112	6	9	0.662	0	0:00:11.473244
113	2	9	1.66	0	0:00:11.549452
114	1	0	0.683	0	0:00:11.524147
115	3	9	0.0625	0	0:00:11.426821
116	0	9	0.626	0	0:00:11.561567
117	4	9	0.463	0	0:00:11.499391
118	2	9	0.0649	0	0:00:11.559533
119	7	9	0.372	0	0:00:11.490253
120	8	9	2.16	0	0:00:11.525143
121	3	-1	0.0	0	0:00:11.525394
122	1	9	1.75	0	0:00:11.537383
123	2	9	0.813	0	0:00:11.539769
124	8	9	1.05	0	0:00:11.489438
125	0	9	1.48	0	0:00:11.504871
126	8	9	1.85	0	0:00:11.573463
127	3	9	1.47	0	0:00:11.492803
128	5	-1	0.0	0	0:00:11.535502
129	2	9	1.29	0	0:00:11.564137
130	4	9	0.685	0	0:00:11.497666
131	1	9	1.87	0	0:00:11.402969
132	8	9	0.689	0	0:00:11.633740
133	9	0	1.09	0	0:00:11.527705
134	1	9	0.47	0	0:00:11.550574
135	2	9	1.1	0	0:00:11.561335
136	9	9	0.909	1	0:00:11.469931
137	7	9	1.51	0	0:00:11.551423
138	2	9	1.29	0	0:00:11.541967
139	9	9	3.07	1	0:00:11.440676
140	6	9	1.12	0	0:00:11.610347
141	5	9	1.0	0	0:00:11.455071
142	6	9	1.17	0	0:00:11.579477
143	3	9	1.69	0	0:00:11.489787
144	8	9	3.03	0	0:00:11.567860
145	7	9	0.974	0	0:00:11.537910
146	6	9	0.299	0	0:00:11.468910
147	2	9	1.36	0	0:00:11.539773
148	5	9	0.685	0	0:00:11.524317
149	2	9	1.75	0	0:00:11.485177
150	8	9	1.31	0	0:00:11.567160
151	9	9	0.875	1	0:00:11.470468
152	6	9	0.75	0	0:00:11.563979
153	0	9	1.09	0	0:00:11.510956
154	0	9	0.722	0	0:00:11.547799
155	5	9	1.68	0	0:00:11.493870
156	2	9	1.87	0	0:00:11.564734
157	9	9	1.63	1	0:00:11.430400
158	5	0	1.03	0	0:00:11.504321
159	4	9	1.28	0	0:00:11.561582
160	2	9	0.64	0	0:00:11.406342
161	1	9	1.14	0	0:00:11.582222
162	6	9	0.62	0	0:00:11.523104
163	6	9	1.72	0	0:00:11.530682
164	8	9	2.65	0	0:00:11.531924
165	4	9	0.79	0	0:00:11.526947
166	8	9	2.54	0	0:00:11.509008
167	4	9	1.05	0	0:00:11.442047
168	5	0	0.458	0	0:00:11.447915
169	0	9	1.68	0	0:00:11.599300
170	9	9	1.89	1	0:00:11.542352
171	9	9	0.272	1	0:00:11.439389
172	9	9	1.44	1	0:00:11.502489
173	8	9	2.09	0	0:00:11.601840
174	9	9	0.651	1	0:00:11.557772
175	9	9	1.77	1	0:00:11.540517
176	3	9	1.44	0	0:00:11.549167
177	7	9	0.54	0	0:00:11.438777
178	5	9	0.803	0	0:00:11.499084
179	0	9	1.19	0	0:00:11.542755
180	0	9	1.78	0	0:00:11.478468
181	5	-1	0.0	0	0:00:11.620159
182	2	9	0.629	0	0:00:11.507264
183	2	9	1.3	0	0:00:11.563228
184	3	9	0.005	0	0:00:11.542640
185	8	9	2.82	0	0:00:11.463019
186	6	9	0.668	0	0:00:11.508825
187	3	9	0.698	0	0:00:11.568031
188	4	9	0.876	0	0:00:11.582808
189	0	9	3.52	0	0:00:11.515209
190	5	9	1.17	0	0:00:11.501677
191	8	9	1.54	0	0:00:11.616898
192	0	9	0.521	0	0:00:11.545788
193	1	9	0.825	0	0:00:11.524337
194	7	9	0.12	0	0:00:11.600673
195	2	9	0.432	0	0:00:11.470006
196	8	9	1.89	0	0:00:11.521167
197	8	9	2.24	0	0:00:11.469848
198	7	0	0.381	0	0:00:11.454156
199	8	9	2.19	0	0:00:11.602498
200	5	9	0.481	0	0:00:11.571865
201	1	9	1.93	0	0:00:11.555265
202	8	9	1.19	0	0:00:11.527796
203	7	-1	0.0	0	0:00:11.464582
204	1	9	1.3	0	0:00:11.574053
205	3	9	0.637	0	0:00:11.527848
206	0	9	1.9	0	0:00:11.491337
207	5	9	1.47	0	0:00:11.568873
208	7	9	0.734	0	0:00:11.488478
209	9	9	2.77	1	0:00:11.553020
210	7	9	0.768	0	0:00:11.548329
211	4	9	0.409	0	0:00:11.362201
212	5	9	0.732	0	0:00:11.642009
213	9	9	1.44	1	0:00:11.460191
214	8	9	2.01	0	0:00:11.416375
215	0	9	0.334	0	0:00:11.598017
216	7	0	0.268	0	0:00:11.584977
217	9	9	1.84	1	0:00:11.440073
218	8	9	2.19	0	0:00:11.576864
219	2	9	0.795	0	0:00:11.512770
220	7	7	0.165	1	0:00:11.530441
221	6	9	0.705	0	0:00:11.523949
222	9	9	1.46	1	0:00:11.546502
223	4	9	0.623	0	0:00:11.485328
224	3	9	0.623	0	0:00:11.545176
225	9	9	0.859	1	0:00:11.446080
226	6	9	1.21	0	0:00:11.612184
227	4	9	1.48	0	0:00:11.511704
228	7	9	1.35	0	0:00:11.580221
229	6	-1	0.0	0	0:00:11.543005
230	5	-1	0.0	0	0:00:11.573033
231	1	9	0.143	0	0:00:11.542120
232	5	-1	0.0	0	0:00:11.547752
233	8	9	0.336	0	0:00:11.465141
234	8	9	2.71	0	0:00:11.541395
235	0	9	0.991	0	0:00:11.550008
236	4	9	0.985	0	0:00:11.583831
237	0	9	1.17	0	0:00:11.464661
238	5	-1	0.0	0	0:00:11.519424
239	5	0	0.722	0	0:00:11.613210
240	1	9	2.08	0	0:00:11.537334
241	1	9	1.53	0	0:00:11.467672
242	8	9	0.979	0	0:00:11.607991
243	9	9	1.66	1	0:00:11.577459
244	0	9	1.03	0	0:00:11.526184
245	3	9	0.653	0	0:00:11.442019
246	1	0	0.695	0	0:00:11.583638
247	9	9	2.49	1	0:00:11.534721
248	2	9	1.68	0	0:00:11.505935
249	2	9	0.802	0	0:00:11.553617
250	5	9	0.743	0	0:00:11.570863
251	3	9	0.839	0	0:00:11.529662
252	9	9	2.0	1	0:00:11.495408
253	9	0	0.377	0	0:00:11.541417
254	4	9	0.805	0	0:00:11.560376
255	0	9	1.01	0	0:00:11.455588
256	3	9	1.86	0	0:00:11.533992
257	0	9	2.24	0	0:00:11.559112
258	0	9	2.74	0	0:00:11.500916
259	9	0	0.184	0	0:00:11.563571
260	8	9	2.19	0	0:00:11.463138
261	1	9	2.78	0	0:00:11.529593
262	5	7	0.0384	0	0:00:11.563423
263	7	9	0.454	0	0:00:11.555011
264	0	9	0.707	0	0:00:11.514880
265	8	9	2.03	0	0:00:11.527852
266	2	9	1.23	0	0:00:11.562228
267	4	9	0.127	0	0:00:11.547584
268	7	9	0.84	0	0:00:11.574653
269	0	9	1.45	0	0:00:11.565239
270	2	9	1.2	0	0:00:11.383296
271	3	9	1.71	0	0:00:11.645534
272	6	9	0.758	0	0:00:11.568037
273	3	9	0.574	0	0:00:11.566645
274	8	9	1.7	0	0:00:11.552562
275	5	9	0.337	0	0:00:11.583608
276	0	9	0.92	0	0:00:11.406863
277	3	9	0.668	0	0:00:11.673140
278	4	-1	0.0	0	0:00:11.533020
279	3	9	0.749	0	0:00:11.474194
280	9	9	2.19	1	0:00:11.586582
281	0	0	0.883	1	0:00:11.476120
282	6	9	0.996	0	0:00:11.560983
283	1	9	1.66	0	0:00:11.614316
284	0	9	1.25	0	0:00:11.452143
285	9	9	1.81	1	0:00:11.562327
286	1	9	2.81	0	0:00:11.513739
287	0	9	2.15	0	0:00:11.546510
288	7	7	0.602	1	0:00:11.449088
289	9	9	0.829	1	0:00:11.484676
290	1	9	2.17	0	0:00:11.439753
291	2	9	1.4	0	0:00:11.562654
292	6	9	0.492	0	0:00:11.558910
293	9	9	2.64	1	0:00:11.500704
294	3	9	0.461	0	0:00:11.595059
295	4	9	1.33	0	0:00:11.523955
296	6	9	0.443	0	0:00:11.304589
297	0	9	1.96	0	0:00:11.629865
298	0	9	1.35	0	0:00:11.586375
299	6	9	1.04	0	0:00:11.509259
300	6	0	0.388	0	0:00:11.459013
301	6	9	1.07	0	0:00:11.565768
302	3	9	0.42	0	0:00:11.499341
303	2	9	1.65	0	0:00:11.560985
304	6	9	1.52	0	0:00:11.543248
305	1	9	2.64	0	0:00:11.483098
306	8	9	1.04	0	0:00:11.563384
307	2	9	1.13	0	0:00:11.539963
308	1	9	2.53	0	0:00:11.499133
309	6	9	1.17	0	0:00:11.528656
310	8	9	1.88	0	0:00:11.588664
311	6	9	1.29	0	0:00:11.530263
312	8	9	1.89	0	0:00:11.524261
313	0	9	2.16	0	0:00:11.491258
314	4	9	0.623	0	0:00:11.565015
315	0	-1	0.0	0	0:00:11.564186
316	7	9	0.886	0	0:00:11.569740
317	7	9	0.298	0	0:00:11.520618
318	5	9	0.463	0	0:00:11.581146
319	5	9	1.53	0	0:00:11.553447
320	3	9	1.74	0	0:00:11.525986
321	5	9	1.8	0	0:00:11.588113
322	2	0	0.376	0	0:00:11.522909
323	3	9	0.525	0	0:00:11.488039
324	4	0	0.74	0	0:00:11.585744
325	1	9	1.43	0	0:00:11.572075
326	7	9	1.17	0	0:00:11.514580
327	5	9	1.07	0	0:00:11.609309
328	4	9	1.38	0	0:00:11.565310
329	6	9	1.47	0	0:00:11.537224
330	1	9	2.24	0	0:00:11.562475
331	9	9	1.74	1	0:00:11.513309
332	3	9	0.822	0	0:00:11.561462
333	6	9	0.178	0	0:00:11.490237
334	6	9	0.844	0	0:00:11.558269
335	9	9	1.49	1	0:00:11.552688
336	3	9	1.16	0	0:00:11.556304
337	8	9	2.62	0	0:00:11.566334
338	0	9	0.683	0	0:00:11.538076
339	7	9	0.114	0	0:00:11.516419
340	2	9	1.49	0	0:00:11.561535
341	6	9	1.01	0	0:00:11.551932
342	2	9	1.42	0	0:00:11.559931
343	5	9	1.85	0	0:00:11.499008
344	8	9	2.03	0	0:00:11.589147
345	5	9	0.526	0	0:00:11.531488
346	4	-1	0.0	0	0:00:11.534038
347	6	0	1.31	0	0:00:11.626269
348	8	9	2.75	0	0:00:11.358406
349	9	9	1.38	1	0:00:11.603041
350	9	9	1.3	1	0:00:11.597725
351	1	9	0.222	0	0:00:11.304515
352	0	9	2.73	0	0:00:11.359382
353	2	9	0.0222	0	0:00:11.692015
354	2	9	0.964	0	0:00:11.298684
355	7	9	0.183	0	0:00:11.616057
356	3	9	0.736	0	0:00:11.503826
357	2	9	0.612	0	0:00:11.474649
358	8	9	1.55	0	0:00:11.166713
359	0	9	1.1	0	0:00:11.693761
360	9	9	1.26	1	0:00:11.539855
361	5	9	0.936	0	0:00:11.478149
362	8	9	3.39	0	0:00:11.468735
363	1	9	2.72	0	0:00:11.466412
364	9	0	0.327	0	0:00:11.437832
365	4	9	0.624	0	0:00:11.512617
366	1	0	1.11	0	0:00:11.516663
367	3	9	1.67	0	0:00:11.472070
368	8	9	1.21	0	0:00:11.512062
369	1	9	1.94	0	0:00:11.528010
370	4	9	1.13	0	0:00:11.485158
371	7	9	0.365	0	0:00:11.449406
372	9	9	2.27	1	0:00:11.577644
373	4	9	1.01	0	0:00:11.529132
374	2	9	2.11	0	0:00:11.544291
375	7	9	0.896	0	0:00:11.473765
376	0	9	2.63	0	0:00:11.543678
377	7	9	1.19	0	0:00:11.553110
378	0	9	1.91	0	0:00:11.542526
379	6	9	1.09	0	0:00:11.497202
380	6	9	1.37	0	0:00:11.511470
381	9	9	2.24	1	0:00:11.516210
382	0	-1	0.0	0	0:00:11.515342
383	9	9	2.25	1	0:00:11.516070
384	2	9	1.77	0	0:00:11.575616
385	8	9	0.252	0	0:00:11.494348
386	7	9	0.577	0	0:00:11.497767
387	2	9	0.405	0	0:00:11.582477
388	2	9	0.364	0	0:00:11.423709
389	5	9	0.493	0	0:00:11.601025
390	1	9	1.63	0	0:00:11.524879
391	2	9	2.43	0	0:00:11.564101
392	6	9	1.52	0	0:00:11.510929
393	2	9	0.595	0	0:00:11.511139
394	9	9	0.403	1	0:00:11.491878
395	6	9	0.12	0	0:00:11.574921
396	2	9	0.786	0	0:00:11.492223
397	3	9	0.396	0	0:00:11.556820
398	0	9	2.91	0	0:00:11.382287
399	3	9	1.51	0	0:00:11.549752
400	9	9	1.03	1	0:00:11.598818
401	8	9	0.584	0	0:00:11.556784
402	7	9	0.489	0	0:00:11.510960
403	8	9	1.92	0	0:00:11.554434
404	8	9	0.769	0	0:00:11.498331
405	4	9	0.34	0	0:00:11.526147
406	0	9	1.14	0	0:00:11.543877
407	1	9	1.33	0	0:00:11.573654
408	8	9	2.4	0	0:00:11.504653
409	2	9	1.01	0	0:00:11.511540
410	7	9	1.27	0	0:00:11.559745
411	9	9	1.72	1	0:00:11.547832
412	3	-1	0.0	0	0:00:11.557507
413	6	9	1.31	0	0:00:11.504161
414	1	9	2.22	0	0:00:11.534234
415	9	9	2.7	1	0:00:11.484761
416	0	-1	0.0	0	0:00:11.563145
417	7	9	2.65	0	0:00:11.573223
418	3	9	1.44	0	0:00:11.550613
419	7	9	1.45	0	0:00:11.530486
420	4	9	0.767	0	0:00:11.579201
421	5	9	0.571	0	0:00:11.505127
422	0	9	1.16	0	0:00:11.405154
423	0	9	1.05	0	0:00:11.540363
424	2	9	1.35	0	0:00:11.573891
425	9	9	2.78	1	0:00:11.603235
426	3	9	2.11	0	0:00:11.529963
427	4	9	1.1	0	0:00:11.577846
428	0	9	1.35	0	0:00:11.511891
429	6	9	0.748	0	0:00:11.493570
430	2	9	1.11	0	0:00:11.566072
431	5	9	2.61	0	0:00:11.503201
432	3	9	1.77	0	0:00:11.563976
433	7	9	0.609	0	0:00:11.538296
434	3	9	1.23	0	0:00:11.509386
435	7	-1	0.0	0	0:00:11.579071
436	2	9	1.52	0	0:00:11.549249
437	5	9	0.929	0	0:00:11.562755
438	3	-1	0.0	0	0:00:11.348055
439	1	0	1.32	0	0:00:11.620316
440	1	9	2.62	0	0:00:11.567154
441	4	9	0.343	0	0:00:11.536656
442	9	9	1.13	1	0:00:11.574832
443	9	9	2.72	1	0:00:11.388083
444	5	9	1.89	0	0:00:11.592252
445	7	9	1.3	0	0:00:11.541627
446	5	9	1.8	0	0:00:11.545935
447	0	9	2.19	0	0:00:11.498468
448	2	9	1.3	0	0:00:11.521631
449	2	9	1.13	0	0:00:11.541221
450	2	0	0.294	0	0:00:11.470111
451	9	9	2.57	1	0:00:11.545571
452	7	9	1.76	0	0:00:11.568804
453	3	9	1.44	0	0:00:11.536472
454	9	9	0.872	1	0:00:11.530876
455	4	9	1.53	0	0:00:11.490105
456	3	9	1.67	0	0:00:11.583108
457	5	9	0.814	0	0:00:11.509737
458	4	9	0.682	0	0:00:11.423070
459	6	9	2.18	0	0:00:11.599229
460	5	9	0.58	0	0:00:11.504940
461	6	9	0.81	0	0:00:11.552428
462	1	9	2.03	0	0:00:11.502074
463	4	9	1.29	0	0:00:11.550284
464	3	9	1.11	0	0:00:11.463541
465	4	9	1.01	0	0:00:11.524741
466	4	9	0.561	0	0:00:11.508692
467	3	9	1.19	0	0:00:11.560230
468	7	9	0.345	0	0:00:11.516799
469	8	9	1.67	0	0:00:11.509470
470	3	9	1.19	0	0:00:11.565849
471	7	9	0.192	0	0:00:11.487846
472	8	9	2.95	0	0:00:11.526691
473	0	9	1.07	0	0:00:11.539001
474	5	-1	0.0	0	0:00:11.498632
475	7	7	0.323	1	0:00:11.484165
476	6	9	0.731	0	0:00:11.398642
477	0	9	2.04	0	0:00:11.557296
478	5	9	0.3	0	0:00:11.564692
479	4	9	0.726	0	0:00:11.536053
480	8	9	2.02	0	0:00:11.505124
481	6	9	1.42	0	0:00:11.499403
482	8	9	1.6	0	0:00:11.552612
483	5	9	1.0	0	0:00:11.532187
484	5	0	0.387	0	0:00:11.423306
485	9	9	1.54	1	0:00:11.532445
486	9	9	0.523	1	0:00:11.513969
487	9	9	1.15	1	0:00:11.499089
488	5	9	1.77	0	0:00:11.525075
489	0	9	1.36	0	0:00:11.514772
490	1	9	1.88	0	0:00:11.424193
491	0	7	0.153	0	0:00:11.632124
492	8	9	1.26	0	0:00:11.518471
493	1	9	2.0	0	0:00:11.473481
494	1	9	2.78	0	0:00:11.503635
495	8	9	1.57	0	0:00:11.492238
496	0	9	1.59	0	0:00:11.390091
497	2	9	1.35	0	0:00:11.524804
498	2	9	0.825	0	0:00:11.580585
499	0	9	1.83	0	0:00:11.504101
500	4	9	1.14	0	0:00:11.455213
501	6	9	0.629	0	0:00:11.497710
502	5	9	1.12	0	0:00:11.521956
503	4	9	1.44	0	0:00:11.495873
504	9	9	1.4	1	0:00:11.521233
505	4	9	1.44	0	0:00:11.567661
506	7	9	0.441	0	0:00:11.464899
507	9	9	1.02	1	0:00:11.497664
508	9	9	2.02	1	0:00:11.511708
509	4	9	0.388	0	0:00:11.512287
510	5	9	1.94	0	0:00:11.474151
511	6	9	0.454	0	0:00:11.548450
512	6	9	1.66	0	0:00:11.451144
513	1	9	1.56	0	0:00:11.558841
514	5	9	0.361	0	0:00:11.486961
515	3	9	0.924	0	0:00:11.529845
516	8	9	2.78	0	0:00:11.492795
517	9	9	2.11	1	0:00:11.519327
518	5	9	0.182	0	0:00:11.445911
519	8	9	0.913	0	0:00:11.488818
520	5	9	2.09	0	0:00:11.541523
521	7	9	0.011	0	0:00:11.496135
522	0	9	1.74	0	0:00:11.527234
523	7	-1	0.0	0	0:00:11.304926
524	0	9	2.11	0	0:00:11.607902
525	5	9	1.92	0	0:00:11.427206
526	0	9	1.75	0	0:00:11.627948
527	0	9	1.63	0	0:00:11.459138
528	4	9	2.06	0	0:00:11.506357
529	6	9	1.04	0	0:00:11.527348
530	9	9	2.11	1	0:00:11.502344
531	0	9	1.77	0	0:00:11.532404
532	9	0	0.458	0	0:00:11.473603
533	5	9	2.82	0	0:00:11.451723
534	6	9	0.681	0	0:00:11.550065
535	6	9	0.509	0	0:00:11.538509
536	6	9	0.817	0	0:00:11.437168
537	2	9	0.993	0	0:00:11.504423
538	9	9	1.15	1	0:00:11.493856
539	0	9	1.3	0	0:00:11.436355
540	1	9	1.25	0	0:00:11.538148
541	7	9	0.588	0	0:00:11.525027
542	6	0	0.583	0	0:00:11.516079
543	7	-1	0.0	0	0:00:11.491439
544	5	9	1.74	0	0:00:11.517363
545	9	9	0.934	1	0:00:11.494631
546	1	9	2.53	0	0:00:11.496183
547	6	9	0.617	0	0:00:11.448744
548	2	9	1.34	0	0:00:11.607202
549	5	9	1.92	0	0:00:11.480075
550	5	9	0.372	0	0:00:11.496523
551	5	9	0.531	0	0:00:11.517891
552	8	9	0.39	0	0:00:11.533331
553	5	9	0.586	0	0:00:11.475501
554	9	9	0.618	1	0:00:11.488626
555	4	9	1.43	0	0:00:11.468073
556	6	9	0.826	0	0:00:11.460179
557	4	-1	0.0	0	0:00:11.504462
558	3	-1	0.0	0	0:00:11.480225
559	2	9	1.0	0	0:00:11.526269
560	0	9	1.69	0	0:00:11.537781
561	7	-1	0.0	0	0:00:11.505495
562	6	9	0.197	0	0:00:11.505406
563	2	9	1.3	0	0:00:11.525838
564	2	9	1.7	0	0:00:11.487435
565	3	9	2.51	0	0:00:11.430903
566	9	9	1.37	1	0:00:11.573494
567	7	9	0.395	0	0:00:11.496877
568	9	9	2.67	1	0:00:11.524655
569	2	9	1.02	0	0:00:11.526357
570	6	9	0.284	0	0:00:11.482970
571	7	-1	0.0	0	0:00:11.536282
572	1	9	2.45	0	0:00:11.520946
573	3	9	0.162	0	0:00:11.535259
574	6	-1	0.0	0	0:00:11.478475
575	6	9	1.45	0	0:00:11.509320
576	8	9	3.18	0	0:00:11.530055
577	9	9	0.248	1	0:00:11.505331
578	7	9	0.555	0	0:00:11.481460
579	5	9	1.92	0	0:00:11.570426
580	4	9	1.86	0	0:00:11.527466
581	0	9	0.551	0	0:00:11.546904
582	8	9	1.72	0	0:00:11.496425
583	4	9	1.64	0	0:00:11.498175
584	0	9	1.45	0	0:00:11.535159
585	9	9	1.46	1	0:00:11.502545
586	3	9	0.772	0	0:00:11.515790
587	4	9	1.29	0	0:00:11.502152
588	8	9	2.64	0	0:00:11.382656
589	9	9	2.11	1	0:00:11.586924
590	6	0	0.0464	0	0:00:11.552308
591	9	9	2.17	1	0:00:11.518879
592	2	9	0.456	0	0:00:11.510069
593	6	9	1.22	0	0:00:11.473572
594	1	9	0.546	0	0:00:11.519792
595	4	9	1.13	0	0:00:11.433796
596	7	9	1.21	0	0:00:11.434256
597	3	9	1.5	0	0:00:11.553701
598	5	9	0.515	0	0:00:11.527275
599	3	9	1.05	0	0:00:11.507785
600	8	9	1.82	0	0:00:11.482362
601	5	9	1.93	0	0:00:11.484266
602	0	9	0.725	0	0:00:11.499962
603	2	9	1.54	0	0:00:11.460529
604	1	9	0.463	0	0:00:11.533879
605	6	9	1.26	0	0:00:11.489594
606	4	9	1.63	0	0:00:11.511213
607	3	9	0.662	0	0:00:11.406389
608	3	9	0.57	0	0:00:11.554932
609	9	0	0.937	0	0:00:11.427673
610	6	9	0.545	0	0:00:11.534813
611	9	9	1.74	1	0:00:11.581958
612	8	9	3.0	0	0:00:11.458915
613	8	9	3.15	0	0:00:11.499650
614	5	-1	0.0	0	0:00:11.437511
615	8	9	1.39	0	0:00:11.558422
616	6	-1	0.0	0	0:00:11.383481
617	6	9	1.45	0	0:00:11.526098
618	2	9	1.39	0	0:00:11.537470
619	1	9	2.65	0	0:00:11.538006
620	7	9	0.684	0	0:00:11.516621
621	7	9	1.29	0	0:00:11.487000
622	1	9	1.56	0	0:00:11.467670
623	2	9	0.398	0	0:00:11.480854
624	7	7	0.198	1	0:00:11.569489
625	9	9	0.25	1	0:00:11.334968
626	9	0	0.759	0	0:00:11.616465
627	4	9	0.446	0	0:00:11.518011
628	4	9	0.669	0	0:00:11.478005
629	1	9	0.621	0	0:00:11.547984
630	2	9	1.45	0	0:00:11.426564
631	5	9	0.325	0	0:00:11.538741
632	6	9	0.0777	0	0:00:11.512715
633	8	9	2.79	0	0:00:11.502960
634	7	7	0.0214	1	0:00:11.477429
635	6	9	0.664	0	0:00:11.499446
636	8	9	0.463	0	0:00:11.498696
637	3	9	0.479	0	0:00:11.565443
638	0	9	2.08	0	0:00:11.531880
639	5	9	0.889	0	0:00:11.498922
640	5	9	0.484	0	0:00:11.494595
641	3	9	0.748	0	0:00:11.530172
642	0	9	2.67	0	0:00:11.438799
643	7	7	0.352	1	0:00:11.553745
644	9	9	1.48	1	0:00:11.532445
645	1	9	1.79	0	0:00:11.540742
646	3	9	0.83	0	0:00:11.493942
647	4	9	1.33	0	0:00:11.524754
648	4	9	1.07	0	0:00:11.504597
649	5	9	0.227	0	0:00:11.527759
650	3	9	0.906	0	0:00:11.490236
651	9	9	1.88	1	0:00:11.515590
652	5	-1	0.0	0	0:00:11.527467
653	6	0	0.141	0	0:00:11.466376
654	9	9	0.645	1	0:00:11.569616
655	2	9	1.69	0	0:00:11.506975
656	1	9	2.63	0	0:00:11.470610
657	1	9	1.49	0	0:00:11.419481
658	4	9	0.101	0	0:00:11.546161
659	1	9	0.399	0	0:00:11.521536
660	9	9	1.64	1	0:00:11.524495
661	4	9	0.816	0	0:00:11.442934
662	7	-1	0.0	0	0:00:11.544151
663	6	9	0.901	0	0:00:11.481703
664	3	9	0.622	0	0:00:11.511954
665	8	9	2.24	0	0:00:11.530594
666	9	9	0.462	1	0:00:11.430527
667	0	9	1.9	0	0:00:11.320420
668	1	9	1.63	0	0:00:11.622774
669	3	7	0.114	0	0:00:11.559493
670	6	0	0.0309	0	0:00:11.495889
671	3	9	1.51	0	0:00:11.448646
672	6	9	1.03	0	0:00:11.499735
673	3	9	0.258	0	0:00:11.411010
674	2	9	0.399	0	0:00:11.598661
675	0	9	0.624	0	0:00:11.527663
676	3	9	0.839	0	0:00:11.305416
677	1	-1	0.0	0	0:00:11.580196
678	0	0	1.42	1	0:00:11.528804
679	5	9	0.533	0	0:00:11.541353
680	9	9	0.609	1	0:00:11.396168
681	6	9	0.082	0	0:00:11.560505
682	4	9	0.466	0	0:00:11.527387
683	8	9	2.56	0	0:00:11.510259
684	9	9	0.88	1	0:00:11.524407
685	6	9	0.788	0	0:00:11.478666
686	9	9	1.11	1	0:00:11.484588
687	6	9	1.44	0	0:00:11.510802
688	3	9	0.389	0	0:00:11.447276
689	0	9	0.935	0	0:00:11.536537
690	3	0	0.167	0	0:00:11.528753
691	2	9	0.397	0	0:00:11.520319
692	2	-1	0.0	0	0:00:11.434116
693	7	9	1.02	0	0:00:11.551414
694	8	9	1.68	0	0:00:11.454127
695	3	9	0.0601	0	0:00:11.538289
696	8	9	2.18	0	0:00:11.446331
697	2	9	0.826	0	0:00:11.547175
698	7	9	1.57	0	0:00:11.467881
699	5	9	0.68	0	0:00:11.510590
700	7	0	0.241	0	0:00:11.509286
701	2	9	1.37	0	0:00:11.503718
702	4	9	1.06	0	0:00:11.497644
703	8	9	0.831	0	0:00:11.539945
704	7	9	0.896	0	0:00:11.543260
705	4	9	1.68	0	0:00:11.470881
706	2	9	0.883	0	0:00:11.531871
707	9	9	1.33	1	0:00:11.529399
708	8	9	1.98	0	0:00:11.539942
709	8	9	1.53	0	0:00:11.516606
710	6	9	0.336	0	0:00:11.481679
711	8	9	2.75	0	0:00:11.513217
712	8	9	1.39	0	0:00:11.538362
713	7	0	0.636	0	0:00:11.529351
714	4	9	1.48	0	0:00:11.469951
715	3	9	0.602	0	0:00:11.540999
716	3	9	0.563	0	0:00:11.549506
717	8	9	0.711	0	0:00:11.535453
718	4	9	0.0515	0	0:00:11.463428
719	9	9	2.47	1	0:00:11.544921
720	4	0	0.173	0	0:00:11.519712
721	8	9	2.15	0	0:00:11.522031
722	8	9	2.66	0	0:00:11.532782
723	1	9	1.66	0	0:00:11.472306
724	8	9	0.709	0	0:00:11.534535
725	2	9	1.97	0	0:00:11.442906
726	1	9	1.52	0	0:00:11.535594
727	3	9	1.37	0	0:00:11.554410
728	6	9	1.09	0	0:00:11.492816
729	5	0	0.999	0	0:00:11.561867
730	4	9	0.52	0	0:00:11.289615
731	2	9	0.792	0	0:00:11.694740
732	7	9	0.429	0	0:00:11.508665
733	9	9	2.22	1	0:00:11.486458
734	9	9	1.77	1	0:00:11.527136
735	4	9	1.42	0	0:00:11.488049
736	1	9	1.94	0	0:00:11.511685
737	4	9	0.785	0	0:00:11.502462
738	1	9	1.99	0	0:00:11.460570
739	3	7	0.437	0	0:00:11.520830
740	2	9	0.517	0	0:00:11.546189
741	7	9	0.304	0	0:00:11.530142
742	0	9	1.41	0	0:00:11.456810
743	7	9	0.0593	0	0:00:11.536978
744	9	9	1.49	1	0:00:11.487456
745	7	9	1.07	0	0:00:11.560775
746	6	9	0.169	0	0:00:11.440401
747	6	9	0.436	0	0:00:11.573640
748	2	9	0.764	0	0:00:11.358382
749	5	9	0.597	0	0:00:11.571573
750	9	9	0.409	1	0:00:11.459947
751	2	9	1.6	0	0:00:11.388439
752	9	9	0.852	1	0:00:11.516973
753	1	9	1.29	0	0:00:11.532591
754	2	9	0.809	0	0:00:11.456000
755	2	9	0.91	0	0:00:11.503029
756	6	9	0.846	0	0:00:11.314284
757	8	9	2.13	0	0:00:11.611606
758	2	9	1.95	0	0:00:11.504515
759	1	9	0.247	0	0:00:11.343490
760	3	9	0.682	0	0:00:11.450389
761	6	9	0.474	0	0:00:11.587095
762	6	9	0.558	0	0:00:11.484144
763	0	-1	0.0	0	0:00:11.493182
764	1	9	2.52	0	0:00:11.528844
765	2	9	1.52	0	0:00:11.483851
766	7	9	0.989	0	0:00:11.505955
767	0	9	2.14	0	0:00:11.457390
768	5	9	0.539	0	0:00:11.473086
769	4	9	1.38	0	0:00:11.450230
770	6	9	1.25	0	0:00:11.525048
771	1	9	1.74	0	0:00:11.481245
772	6	9	1.22	0	0:00:11.492754
773	4	9	0.606	0	0:00:11.444341
774	0	9	1.04	0	0:00:11.536103
775	2	7	0.622	0	0:00:11.532543
776	2	9	0.874	0	0:00:11.476328
777	6	9	0.799	0	0:00:11.498236
778	0	9	1.07	0	0:00:11.448130
779	5	-1	0.0	0	0:00:11.549822
780	9	9	1.06	1	0:00:11.476443
781	1	9	1.77	0	0:00:11.571886
782	7	9	0.717	0	0:00:11.506186
783	6	9	0.829	0	0:00:11.474764
784	7	9	0.0923	0	0:00:11.561835
785	0	9	2.01	0	0:00:11.471473
786	3	9	0.169	0	0:00:11.550050
787	9	9	1.08	1	0:00:11.511892
788	6	9	1.47	0	0:00:11.244471
789	8	9	2.62	0	0:00:11.631151
790	3	0	1.37	0	0:00:11.553075
791	0	-1	0.0	0	0:00:11.517275
792	3	9	0.214	0	0:00:11.468716
793	4	9	1.11	0	0:00:11.541590
794	7	9	0.939	0	0:00:11.470650
795	7	9	0.396	0	0:00:11.515418
796	1	9	1.23	0	0:00:11.288248
797	4	9	0.649	0	0:00:11.625690
798	7	9	0.818	0	0:00:11.487722
799	2	9	1.15	0	0:00:11.544788
800	7	9	0.344	0	0:00:11.472776
801	1	9	1.93	0	0:00:11.497197
802	4	9	2.8	0	0:00:11.468443
803	7	9	0.502	0	0:00:11.495170
804	4	9	0.858	0	0:00:11.499469
805	4	9	0.417	0	0:00:11.538620
806	8	9	1.91	0	0:00:11.491577
807	4	9	1.31	0	0:00:11.455093
808	7	9	0.71	0	0:00:11.555436
809	7	9	1.58	0	0:00:11.456248
810	5	9	0.546	0	0:00:11.479822
811	3	0	0.515	0	0:00:11.452294
812	7	9	0.581	0	0:00:11.540936
813	2	9	1.13	0	0:00:11.420944
814	0	9	2.96	0	0:00:11.550660
815	8	9	3.09	0	0:00:11.517795
816	9	9	1.46	1	0:00:11.479800
817	5	9	0.00126	0	0:00:11.472488
818	8	9	0.528	0	0:00:11.398433
819	3	9	1.32	0	0:00:11.561062
820	6	9	0.33	0	0:00:11.242729
821	2	9	1.38	0	0:00:11.588409
822	0	9	0.898	0	0:00:11.560638
823	8	9	2.72	0	0:00:11.485415
824	7	9	0.483	0	0:00:11.421315
825	3	9	0.948	0	0:00:11.461143
826	7	9	0.428	0	0:00:11.483773
827	6	9	1.43	0	0:00:11.511731
828	5	7	0.0825	0	0:00:11.512929
829	3	9	1.63	0	0:00:11.447527
830	1	9	2.28	0	0:00:11.505677
831	3	9	1.9	0	0:00:11.361965
832	2	9	0.959	0	0:00:11.583181
833	2	-1	0.0	0	0:00:11.504588
834	5	9	1.04	0	0:00:11.328990
835	4	9	0.877	0	0:00:11.626220
836	1	9	2.82	0	0:00:11.501198
837	2	9	0.467	0	0:00:11.474669
838	9	9	0.501	1	0:00:11.492321
839	2	9	1.13	0	0:00:11.448287
840	7	-1	0.0	0	0:00:11.503436
841	0	9	0.835	0	0:00:11.435196
842	7	-1	0.0	0	0:00:11.477920
843	2	9	1.29	0	0:00:11.374687
844	1	9	1.76	0	0:00:11.593291
845	3	9	0.0652	0	0:00:11.493490
846	2	9	0.913	0	0:00:11.507180
847	0	9	1.34	0	0:00:11.441606
848	2	9	1.08	0	0:00:11.512419
849	4	9	0.965	0	0:00:11.387861
850	7	9	1.99	0	0:00:11.517354
851	9	9	0.0956	1	0:00:11.475202
852	8	9	2.18	0	0:00:11.473130
853	9	9	2.19	1	0:00:11.464030
854	0	9	1.91	0	0:00:11.442023
855	7	9	0.475	0	0:00:11.495318
856	7	9	0.785	0	0:00:11.436443
857	0	9	1.43	0	0:00:11.577734
858	7	7	0.23	1	0:00:11.417437
859	8	9	1.47	0	0:00:11.485332
860	4	9	0.259	0	0:00:11.428123
861	6	0	0.34	0	0:00:11.409645
862	3	9	0.62	0	0:00:11.427076
863	3	9	0.757	0	0:00:11.550643
864	0	9	2.21	0	0:00:11.446313
865	1	9	1.95	0	0:00:11.502243
866	3	0	0.438	0	0:00:11.403323
867	7	9	0.575	0	0:00:11.474515
868	0	9	1.74	0	0:00:11.497611
869	1	9	1.96	0	0:00:11.490749
870	3	9	0.23	0	0:00:11.505014
871	1	9	2.28	0	0:00:11.479183
872	4	7	0.278	0	0:00:11.466299
873	2	9	1.52	0	0:00:11.468969
874	3	9	1.18	0	0:00:11.399193
875	8	9	3.29	0	0:00:11.521907
876	4	9	1.01	0	0:00:11.502229
877	2	9	1.02	0	0:00:11.514746
878	3	9	1.92	0	0:00:11.513902
879	7	9	0.129	0	0:00:11.483586
880	8	9	2.0	0	0:00:11.451310
881	4	9	1.27	0	0:00:11.433024
882	3	9	1.38	0	0:00:11.436477
883	0	9	0.106	0	0:00:11.523777
884	9	9	1.42	1	0:00:11.421581
885	0	9	1.07	0	0:00:11.581332
886	0	9	2.7	0	0:00:11.532344
887	1	9	1.67	0	0:00:11.451378
888	0	9	2.71	0	0:00:11.506009
889	4	9	1.11	0	0:00:11.533013
890	4	9	0.243	0	0:00:11.433179
891	6	9	0.762	0	0:00:11.466085
892	7	7	1.17	1	0:00:11.358371
893	6	9	0.653	0	0:00:11.579956
894	1	9	2.99	0	0:00:11.472292
895	1	9	1.1	0	0:00:11.538483
896	3	9	0.923	0	0:00:11.485129
897	7	9	0.594	0	0:00:11.501450
898	3	0	0.27	0	0:00:11.434681
899	5	9	1.24	0	0:00:11.474622
900	2	9	0.762	0	0:00:11.546915
901	6	9	0.339	0	0:00:11.477789
902	6	9	1.38	0	0:00:11.459567
903	5	9	1.76	0	0:00:11.571994
904	8	9	2.33	0	0:00:11.425730
905	7	9	1.79	0	0:00:11.511637
906	1	9	2.08	0	0:00:11.433870
907	6	9	0.0663	0	0:00:11.556786
908	8	9	1.66	0	0:00:11.447434
909	8	9	1.56	0	0:00:11.538691
910	5	9	0.838	0	0:00:11.490661
911	3	9	0.196	0	0:00:11.510778
912	0	-1	0.0	0	0:00:11.424141
913	4	9	0.434	0	0:00:11.329176
914	0	0	1.23	1	0:00:11.618376
915	1	9	1.36	0	0:00:11.428958
916	3	9	1.86	0	0:00:11.467010
917	8	9	2.9	0	0:00:11.493569
918	8	9	2.33	0	0:00:11.445070
919	0	9	1.17	0	0:00:11.498800
920	6	9	0.857	0	0:00:11.384574
921	9	9	1.31	1	0:00:11.552156
922	9	0	0.936	0	0:00:11.468180
923	9	9	0.46	1	0:00:11.509012
924	5	9	1.22	0	0:00:11.481543
925	5	-1	0.0	0	0:00:11.472108
926	8	9	1.66	0	0:00:11.489135
927	6	9	0.374	0	0:00:11.503753
928	0	9	0.504	0	0:00:11.457791
929	0	9	2.36	0	0:00:11.512352
930	4	9	0.991	0	0:00:11.516112
931	2	9	0.384	0	0:00:11.432939
932	3	9	0.999	0	0:00:11.490800
933	2	9	0.774	0	0:00:11.229719
934	7	7	0.399	1	0:00:11.663888
935	2	9	1.53	0	0:00:11.442722
936	2	9	1.02	0	0:00:11.540674
937	5	9	1.76	0	0:00:11.523456
938	9	9	0.908	1	0:00:11.458003
939	8	9	1.54	0	0:00:11.436302
940	9	0	0.254	0	0:00:11.441552
941	1	-1	0.0	0	0:00:11.497483
942	7	-1	0.0	0	0:00:11.517952
943	4	9	0.27	0	0:00:11.476955
944	0	9	2.39	0	0:00:11.523798
945	3	9	2.71	0	0:00:11.500155
946	0	9	1.0	0	0:00:11.459207
947	1	9	1.7	0	0:00:11.448446
948	3	9	1.13	0	0:00:11.477790
949	8	9	1.39	0	0:00:11.489483
950	3	9	1.42	0	0:00:11.446768
951	9	9	0.772	1	0:00:11.534279
952	6	9	1.11	0	0:00:11.426017
953	1	9	2.44	0	0:00:11.508798
954	4	9	1.04	0	0:00:11.492291
955	7	9	0.0641	0	0:00:11.520183
956	0	9	2.13	0	0:00:11.411637
957	3	9	0.184	0	0:00:11.567193
958	7	9	0.757	0	0:00:11.441890
959	8	9	3.35	0	0:00:11.490734
960	9	0	1.23	0	0:00:11.520317
961	1	9	1.53	0	0:00:11.456359
962	1	9	1.22	0	0:00:11.475806
963	6	9	0.92	0	0:00:11.444153
964	6	9	1.08	0	0:00:11.507104
965	6	0	0.446	0	0:00:11.492732
966	6	9	0.212	0	0:00:11.411383
967	9	9	0.624	1	0:00:11.412234
968	1	9	0.893	0	0:00:11.589450
969	9	9	0.909	1	0:00:11.214194
970	9	9	1.03	1	0:00:11.630417
971	4	9	0.467	0	0:00:11.468818
972	2	-1	0.0	0	0:00:11.454831
973	1	9	0.732	0	0:00:11.488222
974	7	9	0.743	0	0:00:11.396130
975	0	9	2.38	0	0:00:11.487048
976	6	9	1.6	0	0:00:11.490974
977	8	9	2.32	0	0:00:11.444349
978	1	9	1.58	0	0:00:11.455932
979	9	9	0.713	1	0:00:11.394750
980	2	9	0.673	0	0:00:11.464847
981	9	9	2.79	1	0:00:11.500776
982	0	9	1.24	0	0:00:11.303906
983	4	9	1.73	0	0:00:11.464154
984	7	7	0.297	1	0:00:11.571108
985	8	9	2.65	0	0:00:11.344399
986	3	9	1.56	0	0:00:11.493315
987	1	9	2.01	0	0:00:11.402863
988	2	9	0.503	0	0:00:11.549935
989	0	9	0.941	0	0:00:11.429195
990	1	9	1.18	0	0:00:11.374128
991	5	0	0.74	0	0:00:11.489071
992	8	9	3.03	0	0:00:11.394971
993	4	-1	0.0	0	0:00:11.445434
994	6	9	2.02	0	0:00:11.414219
995	3	9	0.295	0	0:00:11.537011
996	8	9	1.5	0	0:00:11.412420
997	1	9	2.3	0	0:00:11.315102
998	3	9	1.38	0	0:00:11.551757
999	8	9	2.16	0	0:00:11.465809
1000	5	9	2.33	0	0:00:11.315972
1001	0	9	1.12	0	0:00:11.515415
1002	8	9	1.22	0	0:00:11.459025
1003	4	9	1.33	0	0:00:11.437140
1004	8	9	1.32	0	0:00:11.442163
1005	1	9	2.05	0	0:00:11.462538
1006	1	9	1.22	0	0:00:11.398765
1007	8	9	1.91	0	0:00:11.542949
1008	9	9	0.634	1	0:00:11.448271
1009	6	9	0.244	0	0:00:11.442755
1010	0	9	1.6	0	0:00:11.413881
1011	8	9	1.85	0	0:00:11.501865
1012	6	0	0.412	0	0:00:11.515533
1013	1	9	0.878	0	0:00:11.483267
1014	3	9	0.378	0	0:00:11.479736
1015	4	9	0.908	0	0:00:11.497827
1016	1	9	0.727	0	0:00:11.519327
1017	6	9	0.496	0	0:00:11.354780
1018	0	9	1.9	0	0:00:11.524665
1019	5	9	2.69	0	0:00:11.470394
1020	1	9	1.81	0	0:00:11.469102
1021	1	9	1.33	0	0:00:11.484385
1022	0	9	1.39	0	0:00:11.492826
1023	0	9	1.46	0	0:00:11.525587
1024	3	9	0.124	0	0:00:11.469058
1025	5	9	1.02	0	0:00:11.383913
1026	0	9	0.405	0	0:00:11.575559
1027	0	9	0.516	0	0:00:11.517131
1028	6	9	1.01	0	0:00:11.305097
1029	6	9	1.67	0	0:00:11.576900
1030	3	-1	0.0	0	0:00:11.524565
1031	3	9	1.94	0	0:00:11.454102
1032	6	9	0.733	0	0:00:11.441986
1033	3	9	1.39	0	0:00:11.502128
1034	6	9	0.201	0	0:00:11.471537
1035	6	9	1.23	0	0:00:11.484483
1036	0	9	1.49	0	0:00:11.512430
1037	7	9	0.825	0	0:00:11.450559
1038	2	9	1.62	0	0:00:11.510589
1039	2	9	0.845	0	0:00:11.483711
1040	7	9	0.527	0	0:00:11.505288
1041	5	9	1.2	0	0:00:11.500833
1042	5	7	0.151	0	0:00:11.466499
1043	2	9	1.34	0	0:00:11.443085
1044	8	9	2.76	0	0:00:11.558798
1045	5	9	0.877	0	0:00:11.488237
1046	2	9	1.22	0	0:00:11.513452
1047	1	9	1.7	0	0:00:11.440609
1048	1	9	0.783	0	0:00:11.461101
1049	4	9	0.991	0	0:00:11.524552
1050	3	7	0.295	0	0:00:11.456461
1051	2	9	1.0	0	0:00:11.511998
1052	0	9	1.4	0	0:00:11.428053
1053	3	9	2.19	0	0:00:11.586297
1054	1	-1	0.0	0	0:00:11.524316
1055	5	9	1.09	0	0:00:11.376354
1056	3	0	0.117	0	0:00:11.551637
1057	7	9	2.55	0	0:00:11.494347
1058	6	-1	0.0	0	0:00:11.480422
1059	8	9	1.59	0	0:00:11.450499
1060	9	9	1.57	1	0:00:11.539790
1061	1	9	1.35	0	0:00:11.437046
1062	6	9	1.26	0	0:00:11.452946
1063	4	0	0.653	0	0:00:11.529541
1064	9	9	1.14	1	0:00:11.491426
1065	3	9	1.31	0	0:00:11.438854
1066	9	9	1.35	1	0:00:11.562719
1067	0	-1	0.0	0	0:00:11.501315
1068	9	9	1.55	1	0:00:11.498149
1069	6	9	1.66	0	0:00:11.310663
1070	3	7	0.0324	0	0:00:11.624771
1071	6	9	0.757	0	0:00:11.487616
1072	0	9	2.28	0	0:00:11.485743
1073	7	9	0.304	0	0:00:11.501335
1074	3	9	1.15	0	0:00:11.513231
1075	8	9	2.88	0	0:00:11.524027
1076	0	9	1.55	0	0:00:11.503803
1077	0	9	0.927	0	0:00:11.529439
1078	0	9	0.482	0	0:00:11.449102
1079	6	0	1.56	0	0:00:11.478197
1080	6	0	0.0279	0	0:00:11.466454
1081	6	9	1.9	0	0:00:11.579043
1082	9	9	1.9	1	0:00:11.491610
1083	2	9	1.17	0	0:00:11.518409
1084	5	9	1.92	0	0:00:11.408607
1085	4	0	0.699	0	0:00:11.431358
1086	4	9	1.02	0	0:00:11.579935
1087	6	0	0.288	0	0:00:11.506085
1088	3	0	0.158	0	0:00:11.422875
1089	6	9	0.242	0	0:00:11.471486
1090	0	9	2.34	0	0:00:11.421621
1091	8	9	3.39	0	0:00:11.582358
1092	6	0	0.635	0	0:00:11.461709
1093	0	9	1.77	0	0:00:11.545464
1094	6	9	2.37	0	0:00:11.441959
1095	2	9	0.483	0	0:00:11.486300
1096	7	9	0.459	0	0:00:11.465312
1097	5	0	0.747	0	0:00:11.489191
1098	1	0	0.00868	0	0:00:11.508697
1099	2	9	1.4	0	0:00:11.444635
1100	7	9	2.67	0	0:00:11.490188
1101	8	9	0.861	0	0:00:11.544215
1102	8	9	1.82	0	0:00:11.372958
1103	0	9	0.875	0	0:00:11.605852
1104	9	9	1.24	1	0:00:11.486951
1105	4	9	1.64	0	0:00:11.481336
1106	9	0	0.0134	0	0:00:11.424631
1107	7	9	0.177	0	0:00:11.502078
1108	2	9	0.869	0	0:00:11.501737
1109	0	9	1.47	0	0:00:11.516752
1110	2	9	0.371	0	0:00:11.502556
1111	8	9	3.03	0	0:00:11.438066
1112	3	9	0.0789	0	0:00:11.497000
1113	8	9	0.69	0	0:00:11.397948
1114	9	9	1.66	1	0:00:11.491181
1115	1	9	1.04	0	0:00:11.532128
1116	5	9	0.546	0	0:00:11.377114
1117	5	9	1.95	0	0:00:11.524953
1118	4	9	0.444	0	0:00:11.402602
1119	7	9	0.205	0	0:00:11.527314
1120	5	9	1.0	0	0:00:11.234676
1121	3	9	1.11	0	0:00:11.575998
1122	8	9	2.23	0	0:00:11.251623
1123	3	9	0.121	0	0:00:11.576235
1124	3	9	0.735	0	0:00:11.468374
1125	6	9	0.404	0	0:00:11.459939
1126	2	9	2.05	0	0:00:11.445660
1127	8	9	1.81	0	0:00:11.432115
1128	4	9	0.427	0	0:00:11.403486
1129	3	9	0.72	0	0:00:11.414465
1130	7	9	0.65	0	0:00:11.485249
1131	1	9	2.3	0	0:00:11.473432
1132	2	9	0.157	0	0:00:11.444533
1133	4	9	0.515	0	0:00:11.464885
1134	1	9	1.33	0	0:00:11.447623
1135	6	0	0.503	0	0:00:11.374499
1136	9	9	2.04	1	0:00:11.550267
1137	0	9	1.43	0	0:00:11.173635
1138	5	9	0.951	0	0:00:11.519744
1139	8	9	2.13	0	0:00:11.472291
1140	6	9	0.882	0	0:00:11.484592
1141	1	9	3.39	0	0:00:11.372429
1142	8	9	2.41	0	0:00:11.501652
1143	6	9	0.564	0	0:00:11.426663
1144	1	9	1.67	0	0:00:11.049963
1145	4	9	1.02	0	0:00:11.636245
1146	2	9	0.156	0	0:00:11.420983
1147	6	9	2.43	0	0:00:11.411138
1148	2	9	1.11	0	0:00:11.452392
1149	7	9	1.25	0	0:00:11.346869
1150	2	0	0.164	0	0:00:11.465523
1151	2	9	1.21	0	0:00:11.453799
1152	0	9	2.19	0	0:00:11.364609
1153	8	9	0.487	0	0:00:11.429230
1154	6	9	1.72	0	0:00:11.426690
1155	9	0	0.179	0	0:00:11.289980
1156	1	9	1.01	0	0:00:11.532036
1157	7	9	0.632	0	0:00:11.486434
1158	1	9	1.34	0	0:00:11.332648
1159	8	9	2.32	0	0:00:11.441603
1160	8	9	2.5	0	0:00:11.274789
1161	0	9	1.27	0	0:00:11.499433
1162	7	9	0.954	0	0:00:11.527089
1163	3	9	0.0666	0	0:00:11.435066
1164	8	9	2.8	0	0:00:11.473795
1165	0	9	1.72	0	0:00:11.373554
1166	3	9	0.846	0	0:00:11.378607
1167	4	9	0.571	0	0:00:11.484246
1168	3	7	0.0819	0	0:00:11.490765
1169	7	9	0.462	0	0:00:11.423799
1170	7	9	1.08	0	0:00:11.451735
1171	9	9	1.07	1	0:00:11.453369
1172	2	9	1.19	0	0:00:11.444675
1173	3	9	0.216	0	0:00:11.481842
1174	1	9	1.5	0	0:00:11.422463
1175	9	9	1.93	1	0:00:11.461468
1176	1	9	2.08	0	0:00:11.383266
1177	9	0	0.213	0	0:00:11.532903
1178	6	9	1.49	0	0:00:11.450527
1179	3	9	0.572	0	0:00:11.462564
1180	3	9	0.05	0	0:00:11.498447
1181	3	7	0.0898	0	0:00:11.446409
1182	1	9	1.83	0	0:00:11.222189
1183	0	9	1.96	0	0:00:11.571722
1184	6	9	0.463	0	0:00:11.345062
1185	1	9	2.3	0	0:00:11.527812
1186	4	9	0.7	0	0:00:11.454287
1187	1	9	1.44	0	0:00:11.431941
1188	0	9	1.45	0	0:00:11.287065
1189	0	9	1.85	0	0:00:11.468434
1190	1	9	1.06	0	0:00:11.377611
1191	1	9	1.16	0	0:00:11.512674
1192	6	9	0.263	0	0:00:11.358580
1193	5	9	0.733	0	0:00:11.466128
1194	4	9	2.22	0	0:00:11.459633
1195	6	9	0.375	0	0:00:11.427444
1196	2	9	0.812	0	0:00:11.371323
1197	0	9	0.401	0	0:00:11.453175
1198	7	7	0.695	1	0:00:11.387860
1199	9	9	1.82	1	0:00:11.542387
1200	8	9	2.52	0	0:00:11.315653
1201	7	9	0.867	0	0:00:11.490692
1202	2	9	1.5	0	0:00:11.473612
1203	0	9	1.61	0	0:00:11.430849
1204	6	9	1.05	0	0:00:11.403948
1205	8	9	2.42	0	0:00:11.507096
1206	1	9	1.66	0	0:00:11.430452
1207	4	9	2.5	0	0:00:11.476418
1208	3	9	1.51	0	0:00:11.466432
1209	7	9	0.198	0	0:00:11.368601
1210	0	9	1.77	0	0:00:11.570639
1211	6	9	1.61	0	0:00:11.427563
1212	1	9	2.27	0	0:00:11.513530
1213	8	9	2.86	0	0:00:11.360327
1214	5	9	2.35	0	0:00:11.565996
1215	7	9	0.411	0	0:00:11.408422
1216	8	9	1.21	0	0:00:11.447522
1217	4	9	1.44	0	0:00:11.499979
1218	8	9	1.62	0	0:00:11.529281
1219	3	9	1.79	0	0:00:11.396055
1220	9	9	0.893	1	0:00:11.405794
1221	9	9	1.07	1	0:00:11.508655
1222	9	9	0.925	1	0:00:11.458533
1223	8	9	1.98	0	0:00:11.382826
1224	7	9	0.834	0	0:00:11.549221
1225	6	9	0.929	0	0:00:11.503111
1226	6	9	0.248	0	0:00:11.480088
1227	3	0	1.1	0	0:00:11.456254
1228	5	9	0.737	0	0:00:11.407141
1229	1	9	1.59	0	0:00:11.438571
1230	5	9	0.843	0	0:00:11.574116
1231	9	9	0.402	1	0:00:11.457331
1232	1	9	2.46	0	0:00:11.293185
1233	4	9	1.16	0	0:00:11.540114
1234	1	-1	0.0	0	0:00:11.491415
1235	5	9	2.14	0	0:00:11.493217
1236	7	9	0.177	0	0:00:11.354980
1237	0	9	1.56	0	0:00:11.506255
1238	1	9	1.98	0	0:00:11.471308
1239	5	9	0.431	0	0:00:11.466667
1240	2	9	0.23	0	0:00:11.424240
1241	0	9	2.05	0	0:00:11.478182
1242	8	9	2.4	0	0:00:11.404326
1243	8	9	1.44	0	0:00:11.363677
1244	5	9	1.35	0	0:00:11.498904
1245	6	9	2.44	0	0:00:11.381241
1246	7	9	1.12	0	0:00:11.565668
1247	3	9	0.571	0	0:00:11.494438
1248	2	9	1.63	0	0:00:11.342619
1249	4	9	0.389	0	0:00:11.498910
1250	7	9	0.118	0	0:00:11.397280
1251	2	9	0.379	0	0:00:11.462601
1252	5	9	1.62	0	0:00:11.497708
1253	8	9	1.9	0	0:00:11.461878
1254	2	9	1.75	0	0:00:11.394382
1255	4	9	0.971	0	0:00:11.514330
1256	9	9	3.52	1	0:00:11.460898
1257	2	9	0.814	0	0:00:11.440758
1258	1	9	1.43	0	0:00:11.453310
1259	8	9	1.69	0	0:00:11.394672
1260	1	9	1.4	0	0:00:11.457664
1261	9	9	1.47	1	0:00:11.412956
1262	8	9	1.9	0	0:00:11.561270
1263	8	9	2.07	0	0:00:11.451422
1264	8	9	2.36	0	0:00:11.398008
1265	9	9	1.65	1	0:00:11.469329
1266	0	9	3.04	0	0:00:11.457851
1267	4	9	0.696	0	0:00:11.461607
1268	3	9	0.744	0	0:00:11.503409
1269	3	-1	0.0	0	0:00:11.322822
1270	1	0	0.64	0	0:00:11.548909
1271	8	9	0.66	0	0:00:11.496639
1272	4	7	0.749	0	0:00:11.472908
1273	6	9	0.4	0	0:00:11.484445
1274	3	9	0.939	0	0:00:11.451235
1275	3	9	1.67	0	0:00:11.477893
1276	5	9	0.412	0	0:00:11.329980
1277	2	9	0.937	0	0:00:11.507878
1278	2	9	0.202	0	0:00:11.439982
1279	8	9	2.03	0	0:00:11.444400
1280	3	9	0.832	0	0:00:11.398292
1281	8	9	3.31	0	0:00:11.487014
1282	9	9	2.63	1	0:00:11.452372
1283	5	9	1.43	0	0:00:11.504508
1284	8	9	2.07	0	0:00:11.478712
1285	9	9	0.701	1	0:00:11.478235
1286	8	9	2.22	0	0:00:11.443591
1287	9	9	0.403	1	0:00:11.439882
1288	1	9	2.39	0	0:00:11.503301
1289	6	9	1.52	0	0:00:11.445509
1290	5	9	1.44	0	0:00:11.462319
1291	9	9	3.05	1	0:00:11.490021
1292	4	0	0.621	0	0:00:11.432964
1293	4	9	0.902	0	0:00:11.451805
1294	8	9	2.13	0	0:00:11.460900
1295	0	9	1.34	0	0:00:11.517225
1296	7	9	1.03	0	0:00:11.503248
1297	2	9	0.989	0	0:00:11.408069
1298	9	9	2.79	1	0:00:11.525372
1299	7	9	1.11	0	0:00:11.426621
1300	4	-1	0.0	0	0:00:11.483967
1301	1	9	0.364	0	0:00:11.443506
1302	6	9	0.446	0	0:00:11.480799
1303	4	0	0.00737	0	0:00:11.490405
1304	4	9	1.68	0	0:00:11.485849
1305	9	9	1.68	1	0:00:11.485130
1306	1	9	1.01	0	0:00:11.395914
1307	2	9	2.71	0	0:00:11.529305
1308	5	9	0.71	0	0:00:11.432192
1309	6	9	1.16	0	0:00:11.535487
1310	0	9	2.22	0	0:00:11.427809
1311	8	9	3.26	0	0:00:11.448665
1312	6	9	0.804	0	0:00:11.495283
1313	1	9	2.27	0	0:00:11.258835
1314	9	9	2.1	1	0:00:11.611274
1315	4	9	1.58	0	0:00:11.535542
1316	5	9	1.85	0	0:00:11.413915
1317	9	9	2.8	1	0:00:11.526967
1318	5	9	0.0437	0	0:00:11.495834
1319	0	9	0.0279	0	0:00:11.420440
1320	7	9	1.27	0	0:00:11.446227
1321	2	9	0.155	0	0:00:11.493089
1322	0	9	2.38	0	0:00:11.498603
1323	0	9	2.28	0	0:00:11.475699
1324	4	9	0.909	0	0:00:11.392205
1325	2	9	1.38	0	0:00:11.350817
1326	6	9	1.31	0	0:00:11.456610
1327	6	0	0.514	0	0:00:11.361894
1328	5	9	1.83	0	0:00:11.554204
1329	5	9	0.105	0	0:00:11.497253
1330	2	9	0.63	0	0:00:11.452059
1331	8	9	1.42	0	0:00:11.433887
1332	1	9	1.97	0	0:00:11.520870
1333	7	9	0.932	0	0:00:11.444172
1334	3	9	1.52	0	0:00:11.365654
1335	1	9	2.83	0	0:00:11.496752
1336	4	9	1.6	0	0:00:11.375890
1337	5	9	1.76	0	0:00:11.540718
1338	6	9	0.971	0	0:00:11.414615
1339	5	0	1.04	0	0:00:11.484073
1340	1	9	2.1	0	0:00:11.424296
1341	4	9	0.617	0	0:00:11.540949
1342	7	9	0.906	0	0:00:11.417752
1343	0	9	0.989	0	0:00:11.353123
1344	9	9	0.605	1	0:00:11.535502
1345	4	9	1.47	0	0:00:11.496793
1346	3	9	1.59	0	0:00:11.379359
1347	8	9	2.55	0	0:00:11.359914
1348	2	-1	0.0	0	0:00:11.546612
1349	8	9	0.606	0	0:00:11.512799
1350	4	9	0.977	0	0:00:11.449938
1351	7	7	0.197	1	0:00:11.460833
1352	2	9	1.38	0	0:00:11.448901
1353	3	9	1.29	0	0:00:11.495026
1354	1	9	0.177	0	0:00:11.495503
1355	5	9	0.418	0	0:00:11.472261
1356	2	9	0.847	0	0:00:11.392296
1357	9	9	2.47	1	0:00:11.552364
1358	8	9	2.23	0	0:00:11.410944
1359	9	0	0.158	0	0:00:11.558261
1360	7	9	1.47	0	0:00:11.472278
1361	9	9	0.241	1	0:00:11.436435
1362	5	9	1.57	0	0:00:11.494537
1363	1	9	2.35	0	0:00:11.507308
1364	4	9	0.304	0	0:00:11.491017
1365	0	9	1.32	0	0:00:11.508519
1366	8	9	3.22	0	0:00:11.497729
1367	2	9	1.45	0	0:00:11.226882
1368	3	-1	0.0	0	0:00:11.588380
1369	8	9	1.73	0	0:00:11.491164
1370	9	9	0.806	1	0:00:11.471057
1371	1	9	2.26	0	0:00:11.518814
1372	1	9	1.52	0	0:00:11.423301
1373	3	9	0.291	0	0:00:11.435587
1374	2	9	1.77	0	0:00:11.518218
1375	4	-1	0.0	0	0:00:11.471898
1376	9	9	2.16	1	0:00:11.351240
1377	3	9	1.86	0	0:00:11.523681
1378	1	9	1.46	0	0:00:11.522824
1379	7	7	0.195	1	0:00:11.423235
1380	4	9	2.17	0	0:00:11.474056
1381	6	9	1.56	0	0:00:11.532898
1382	2	9	1.29	0	0:00:11.483968
1383	8	9	1.59	0	0:00:11.397616
1384	9	9	0.0549	1	0:00:11.444499
1385	5	9	0.236	0	0:00:11.475994
1386	3	9	1.03	0	0:00:11.507298
1387	9	9	3.44	1	0:00:11.472406
1388	5	9	0.451	0	0:00:11.480046
1389	5	9	1.19	0	0:00:11.449559
1390	6	9	1.98	0	0:00:11.502123
1391	7	9	1.34	0	0:00:11.469317
1392	2	9	0.22	0	0:00:11.416911
1393	4	9	0.752	0	0:00:11.551077
1394	6	9	1.66	0	0:00:11.462348
1395	3	9	0.817	0	0:00:11.360959
1396	1	9	2.09	0	0:00:11.473168
1397	0	9	2.16	0	0:00:11.553306
1398	7	9	2.24	0	0:00:11.492476
1399	2	9	1.9	0	0:00:11.488015
1400	5	9	1.95	0	0:00:11.455244
1401	4	9	0.759	0	0:00:11.490428
1402	7	9	0.224	0	0:00:11.407804
1403	6	-1	0.0	0	0:00:11.556879
1404	1	9	1.96	0	0:00:11.516219
1405	1	9	1.67	0	0:00:11.440041
1406	9	9	0.667	1	0:00:11.541072
1407	8	9	3.15	0	0:00:11.430052
1408	1	0	1.42	0	0:00:11.509190
1409	0	9	1.1	0	0:00:11.489536
1410	1	9	1.5	0	0:00:11.453091
1411	3	9	1.45	0	0:00:11.552104
1412	1	9	2.21	0	0:00:11.436847
1413	1	9	1.6	0	0:00:11.510245
1414	1	9	2.31	0	0:00:11.389661
1415	7	9	1.57	0	0:00:11.535034
1416	3	9	0.122	0	0:00:11.521117
1417	9	9	1.2	1	0:00:11.539829
1418	6	9	1.63	0	0:00:11.514355
1419	8	9	2.63	0	0:00:11.443063
1420	4	9	0.0832	0	0:00:11.546956
1421	6	9	1.47	0	0:00:11.391017
1422	8	9	1.85	0	0:00:11.501906
1423	4	9	0.954	0	0:00:11.526760
1424	9	9	0.619	1	0:00:11.469124
1425	4	9	0.401	0	0:00:11.505088
1426	7	-1	0.0	0	0:00:11.527399
1427	9	9	0.735	1	0:00:11.494092
1428	7	9	0.503	0	0:00:11.512500
1429	6	9	0.809	0	0:00:11.395790
1430	8	9	1.28	0	0:00:11.534588
1431	4	9	0.716	0	0:00:11.503838
1432	9	9	1.87	1	0:00:11.442423
1433	7	-1	0.0	0	0:00:11.569708
1434	0	9	2.11	0	0:00:11.458003
1435	1	9	1.29	0	0:00:11.506478
1436	6	9	1.02	0	0:00:11.521390
1437	1	9	1.58	0	0:00:11.499949
1438	5	9	0.795	0	0:00:11.459004
1439	9	9	2.99	1	0:00:11.550394
1440	0	9	1.76	0	0:00:11.502012
1441	4	9	1.64	0	0:00:11.395107
1442	3	9	0.698	0	0:00:11.467281
1443	4	9	0.498	0	0:00:11.596338
1444	1	9	2.45	0	0:00:11.478385
1445	3	9	0.987	0	0:00:11.507197
1446	0	9	0.715	0	0:00:11.509267
1447	8	9	2.81	0	0:00:11.547186
1448	4	0	0.254	0	0:00:11.459985
1449	6	9	1.1	0	0:00:11.510340
1450	2	-1	0.0	0	0:00:11.373418
1451	2	9	1.51	0	0:00:11.589653
1452	6	0	0.404	0	0:00:11.505291
1453	5	9	0.757	0	0:00:11.528774
1454	3	9	2.12	0	0:00:11.492481
1455	6	9	0.681	0	0:00:11.330794
1456	2	9	1.31	0	0:00:11.585455
1457	1	9	2.73	0	0:00:11.387431
1458	1	9	2.57	0	0:00:11.556329
1459	8	9	2.82	0	0:00:11.513129
1460	6	9	1.17	0	0:00:11.461300
1461	0	9	1.96	0	0:00:11.453886
1462	4	9	0.433	0	0:00:11.516936
1463	0	9	2.01	0	0:00:11.503327
1464	1	9	1.17	0	0:00:11.445026
1465	9	9	1.62	1	0:00:11.514177
1466	7	9	0.09	0	0:00:11.284621
1467	1	9	1.18	0	0:00:11.597704
1468	3	9	1.49	0	0:00:11.468948
1469	7	-1	0.0	0	0:00:11.528730
1470	7	9	0.377	0	0:00:11.375865
1471	8	9	1.65	0	0:00:11.522283
1472	7	9	0.505	0	0:00:11.497020
1473	7	7	0.0824	1	0:00:11.488827
1474	3	-1	0.0	0	0:00:11.463307
1475	9	9	1.14	1	0:00:11.446335
1476	7	7	0.693	1	0:00:11.501592
1477	7	-1	0.0	0	0:00:11.500276
1478	7	9	0.991	0	0:00:11.382932
1479	2	9	1.9	0	0:00:11.559763
1480	1	9	1.85	0	0:00:11.518740
1481	2	9	1.0	0	0:00:11.492631
1482	8	9	2.63	0	0:00:11.418151
1483	6	9	0.989	0	0:00:11.575081
1484	4	9	0.732	0	0:00:11.463252
1485	0	9	2.7	0	0:00:11.421232
1486	7	9	1.84	0	0:00:11.474565
1487	9	9	0.896	1	0:00:11.422389
1488	8	9	2.74	0	0:00:11.426580
1489	6	9	2.14	0	0:00:11.459975
1490	8	9	1.65	0	0:00:11.563037
1491	4	9	0.945	0	0:00:11.423645
1492	9	9	2.18	1	0:00:11.431714
1493	1	9	1.82	0	0:00:11.530078
1494	7	9	0.631	0	0:00:11.533843
1495	2	9	1.42	0	0:00:11.480486
1496	2	9	0.355	0	0:00:11.435468
1497	8	9	1.74	0	0:00:11.507888
1498	5	0	0.368	0	0:00:11.508451
1499	8	9	2.1	0	0:00:11.477587
1500	1	9	1.22	0	0:00:11.471440
1501	2	9	1.51	0	0:00:11.396746
1502	2	9	0.166	0	0:00:11.446257
1503	4	9	0.413	0	0:00:11.547859
1504	1	9	1.6	0	0:00:11.386037
1505	2	9	0.745	0	0:00:11.314228
1506	5	-1	0.0	0	0:00:11.606565
1507	2	9	1.22	0	0:00:11.490900
1508	8	9	3.01	0	0:00:11.478360
1509	1	9	0.842	0	0:00:11.477698
1510	8	9	1.67	0	0:00:11.481028
1511	1	9	1.9	0	0:00:11.484657
1512	8	9	2.57	0	0:00:11.334040
1513	6	9	0.516	0	0:00:11.526850
1514	0	9	1.48	0	0:00:11.492795
1515	2	9	0.964	0	0:00:11.437387
1516	4	9	1.18	0	0:00:11.506158
1517	1	9	1.87	0	0:00:11.434392
1518	3	9	0.3	0	0:00:11.521335
1519	6	9	0.473	0	0:00:11.421219
1520	7	9	0.268	0	0:00:11.534783
1521	7	9	0.0462	0	0:00:11.450370
1522	4	9	1.04	0	0:00:11.318420
1523	4	9	1.3	0	0:00:11.511290
1524	3	9	1.24	0	0:00:11.573409
1525	3	9	2.03	0	0:00:11.498087
1526	4	9	0.759	0	0:00:11.368068
1527	5	9	1.58	0	0:00:11.532810
1528	2	9	0.705	0	0:00:11.480533
1529	4	9	0.652	0	0:00:11.464881
1530	3	9	0.301	0	0:00:11.494615
1531	7	0	0.983	0	0:00:11.455804
1532	8	9	2.66	0	0:00:11.454206
1533	4	-1	0.0	0	0:00:11.452497
1534	4	9	1.78	0	0:00:11.494309
1535	4	9	0.551	0	0:00:11.511060
1536	5	-1	0.0	0	0:00:11.445743
1537	4	-1	0.0	0	0:00:11.544269
1538	3	9	0.586	0	0:00:11.511413
1539	2	9	1.45	0	0:00:11.489691
1540	8	9	2.44	0	0:00:11.363072
1541	4	9	1.53	0	0:00:11.601300
1542	5	9	0.45	0	0:00:11.508514
1543	5	9	0.976	0	0:00:11.498693
1544	4	9	0.535	0	0:00:11.436922
1545	1	9	1.86	0	0:00:11.551742
1546	4	9	0.426	0	0:00:11.479186
1547	2	9	0.35	0	0:00:11.521243
1548	5	9	1.29	0	0:00:11.440900
1549	1	9	1.29	0	0:00:11.439458
1550	6	9	0.953	0	0:00:11.606467
1551	4	9	1.62	0	0:00:11.455842
1552	3	9	0.233	0	0:00:11.534249
1553	4	9	1.12	0	0:00:11.510863
1554	4	9	0.319	0	0:00:11.502051
1555	0	9	1.74	0	0:00:11.516120
1556	8	9	1.08	0	0:00:11.461578
1557	8	9	2.31	0	0:00:11.355073
1558	4	9	0.668	0	0:00:11.494682
1559	5	0	0.0645	0	0:00:11.579664
1560	7	7	0.912	1	0:00:11.425622
1561	5	-1	0.0	0	0:00:11.503524
1562	6	9	1.65	0	0:00:11.524495
1563	9	9	2.51	1	0:00:11.503684
1564	1	9	0.923	0	0:00:11.430623
1565	6	9	2.01	0	0:00:11.511433
1566	7	7	0.226	1	0:00:11.535391
1567	2	-1	0.0	0	0:00:11.490161
1568	0	9	1.62	0	0:00:11.463906
1569	1	9	1.99	0	0:00:11.469053
1570	4	9	0.987	0	0:00:11.513573
1571	5	9	0.329	0	0:00:11.530264
1572	6	9	1.85	0	0:00:11.543330
1573	0	9	1.65	0	0:00:11.395894
1574	0	9	2.37	0	0:00:11.552300
1575	2	9	0.819	0	0:00:11.434634
1576	7	-1	0.0	0	0:00:11.506217
1577	5	9	0.979	0	0:00:11.519615
1578	6	9	0.828	0	0:00:11.536671
1579	0	9	2.09	0	0:00:11.462135
1580	6	0	0.279	0	0:00:11.481995
1581	2	0	0.0467	0	0:00:11.530698
1582	9	9	1.25	1	0:00:11.487012
1583	1	0	0.239	0	0:00:11.521860
1584	7	9	1.47	0	0:00:11.511600
1585	7	0	0.322	0	0:00:11.422102
1586	5	9	0.806	0	0:00:11.572746
1587	2	9	1.78	0	0:00:11.527621
1588	5	9	0.897	0	0:00:11.515377
1589	6	9	1.12	0	0:00:11.429758
1590	4	9	0.785	0	0:00:11.481487
1591	1	9	0.737	0	0:00:11.584800
1592	4	9	0.789	0	0:00:11.528373
1593	3	9	1.32	0	0:00:11.501017
1594	3	9	0.752	0	0:00:11.427870
1595	3	0	3.04	0	0:00:11.444369
1596	0	9	1.56	0	0:00:11.588219
1597	3	9	0.215	0	0:00:11.486657
1598	5	9	0.861	0	0:00:11.464859
1599	5	9	1.68	0	0:00:11.537104
1600	8	9	1.18	0	0:00:11.459202
1601	9	-1	0.0	0	0:00:11.491189
1602	7	9	1.88	0	0:00:11.579646
1603	3	-1	0.0	0	0:00:11.419596
1604	1	9	2.31	0	0:00:11.602374
1605	3	9	0.758	0	0:00:11.330700
1606	3	9	1.89	0	0:00:11.579480
1607	3	7	0.15	0	0:00:11.527624
1608	4	9	1.09	0	0:00:11.508502
1609	4	9	0.644	0	0:00:11.455520
1610	2	9	2.11	0	0:00:11.523887
1611	3	9	1.48	0	0:00:11.426245
1612	3	9	0.953	0	0:00:11.530566
1613	8	9	0.383	0	0:00:11.496454
1614	1	9	2.4	0	0:00:11.426164
1615	7	9	0.726	0	0:00:11.487038
1616	7	9	1.95	0	0:00:11.529845
1617	0	9	2.27	0	0:00:11.525724
1618	7	9	1.73	0	0:00:11.313995
1619	4	9	0.554	0	0:00:11.560000
1620	5	9	1.76	0	0:00:11.422609
1621	1	9	1.55	0	0:00:11.563348
1622	4	9	0.943	0	0:00:11.495181
1623	2	9	1.03	0	0:00:11.391778
1624	4	9	0.753	0	0:00:11.421082
1625	3	9	0.927	0	0:00:11.515328
1626	9	9	1.21	1	0:00:11.529744
1627	9	9	2.13	1	0:00:11.462687
1628	4	9	0.397	0	0:00:11.471885
1629	9	9	0.877	1	0:00:11.538951
1630	9	9	1.2	1	0:00:11.398880
1631	1	9	1.08	0	0:00:11.450796
1632	8	9	0.218	0	0:00:11.535023
1633	1	9	1.79	0	0:00:11.363264
1634	6	9	0.679	0	0:00:11.557157
1635	7	-1	0.0	0	0:00:11.401736
1636	5	9	1.06	0	0:00:11.451059
1637	5	9	1.84	0	0:00:11.535477
1638	4	9	1.51	0	0:00:11.456057
1639	9	9	2.93	1	0:00:11.448619
1640	7	7	0.665	1	0:00:11.529312
1641	6	0	0.17	0	0:00:11.384546
1642	5	9	1.13	0	0:00:11.501414
1643	9	9	1.83	1	0:00:11.485230
1644	2	9	1.86	0	0:00:11.278996
1645	4	9	0.0219	0	0:00:11.566299
1646	0	9	0.465	0	0:00:11.521649
1647	7	7	0.423	1	0:00:11.457224
1648	8	9	1.22	0	0:00:11.456234
1649	5	7	0.141	0	0:00:11.487845
1650	5	9	2.15	0	0:00:11.499126
1651	0	9	2.59	0	0:00:11.513593
1652	0	9	0.717	0	0:00:11.371936
1653	9	9	2.05	1	0:00:11.479849
1654	9	9	1.92	1	0:00:11.498018
1655	8	9	2.48	0	0:00:11.454934
1656	2	9	1.46	0	0:00:11.438522
1657	5	9	0.699	0	0:00:11.578403
1658	4	9	2.13	0	0:00:11.522012
1659	8	9	2.44	0	0:00:11.454341
1660	3	9	0.488	0	0:00:11.525921
1661	6	9	1.02	0	0:00:11.465884
1662	3	9	1.36	0	0:00:11.462115
1663	6	9	1.34	0	0:00:11.515160
1664	0	9	1.43	0	0:00:11.422371
1665	6	9	0.851	0	0:00:11.500613
1666	6	9	1.59	0	0:00:11.410216
1667	6	9	0.459	0	0:00:11.538172
1668	9	9	1.81	1	0:00:11.517988
1669	6	9	1.28	0	0:00:11.499564
1670	6	9	1.55	0	0:00:11.494639
1671	8	9	2.25	0	0:00:11.489817
1672	6	9	1.32	0	0:00:11.468785
1673	2	9	1.12	0	0:00:11.531285
1674	4	9	0.672	0	0:00:11.468236
1675	5	9	1.04	0	0:00:11.450335
1676	8	9	2.25	0	0:00:11.549204
1677	1	0	0.427	0	0:00:11.507977
1678	2	9	1.59	0	0:00:11.508698
1679	7	-1	0.0	0	0:00:11.499137
1680	6	9	0.0015	0	0:00:11.511235
1681	5	9	0.763	0	0:00:11.324123
1682	7	7	0.029	1	0:00:11.585504
1683	8	9	2.34	0	0:00:11.457643
1684	1	9	1.7	0	0:00:11.550634
1685	8	9	0.986	0	0:00:11.509513
1686	0	9	1.67	0	0:00:11.500158
1687	8	9	2.11	0	0:00:11.515779
1688	6	9	0.0111	0	0:00:11.380282
1689	9	9	1.12	1	0:00:11.589070
1690	2	0	0.14	0	0:00:11.421872
1691	8	9	2.93	0	0:00:11.475414
1692	9	0	0.909	0	0:00:11.534285
1693	4	9	2.43	0	0:00:11.530343
1694	0	9	0.485	0	0:00:11.506056
1695	9	9	1.17	1	0:00:11.416551
1696	4	9	0.596	0	0:00:11.539568
1697	9	9	1.57	1	0:00:11.479107
1698	5	9	1.64	0	0:00:11.423182
1699	7	9	0.388	0	0:00:11.592325
1700	5	9	1.49	0	0:00:11.501557
1701	5	9	1.73	0	0:00:11.285727
1702	9	9	2.18	1	0:00:11.635955
1703	5	9	2.14	0	0:00:11.470649
1704	3	9	0.373	0	0:00:11.528710
1705	0	9	2.44	0	0:00:11.523975
1706	1	9	2.35	0	0:00:11.467544
1707	9	9	1.29	1	0:00:11.487270
1708	7	9	1.89	0	0:00:11.435637
1709	2	9	0.48	0	0:00:11.530737
1710	4	9	1.77	0	0:00:11.438259
1711	1	9	1.72	0	0:00:11.523523
1712	0	9	2.29	0	0:00:11.550512
1713	8	0	1.43	0	0:00:11.479524
1714	0	9	0.432	0	0:00:11.503526
1715	3	9	0.682	0	0:00:11.320657
1716	1	9	1.85	0	0:00:11.600036
1717	7	7	0.245	1	0:00:11.565702
1718	0	9	1.87	0	0:00:11.433582
1719	0	9	1.69	0	0:00:11.531600
1720	4	9	0.285	0	0:00:11.399166
1721	8	9	1.17	0	0:00:11.444920
1722	6	9	2.3	0	0:00:11.524237
1723	2	9	0.769	0	0:00:11.545484
1724	4	9	1.15	0	0:00:11.491551
1725	0	9	2.49	0	0:00:11.525919
1726	0	9	1.48	0	0:00:11.477541
1727	9	9	1.57	1	0:00:11.505375
1728	0	9	2.64	0	0:00:11.466949
1729	8	9	2.71	0	0:00:11.530509
1730	4	9	1.96	0	0:00:11.468168
1731	5	9	0.642	0	0:00:11.532533
1732	9	0	1.72	0	0:00:11.537432
1733	3	-1	0.0	0	0:00:11.524135
1734	9	9	2.14	1	0:00:11.494009
1735	0	9	1.58	0	0:00:11.557831
1736	5	0	0.215	0	0:00:11.309235
1737	6	9	0.652	0	0:00:11.622172
1738	5	9	2.32	0	0:00:11.528765
1739	0	9	1.04	0	0:00:11.437353
1740	1	9	2.02	0	0:00:11.475141
1741	4	9	0.656	0	0:00:11.581665
1742	8	9	2.66	0	0:00:11.405047
1743	1	9	1.71	0	0:00:11.552828
1744	0	9	0.634	0	0:00:11.494528
1745	5	9	0.267	0	0:00:11.560192
1746	2	9	1.83	0	0:00:11.454515
1747	1	9	0.676	0	0:00:11.417331
1748	0	9	1.29	0	0:00:11.517506
1749	2	7	0.0483	0	0:00:11.567779
1750	8	9	1.68	0	0:00:11.516743
1751	1	9	0.837	0	0:00:11.495021
1752	5	0	0.391	0	0:00:11.511442
1753	6	9	0.525	0	0:00:11.416402
1754	7	7	0.101	1	0:00:11.564555
1755	7	9	0.299	0	0:00:11.501431
1756	2	9	0.782	0	0:00:11.557643
1757	6	9	0.509	0	0:00:11.328738
1758	2	9	1.71	0	0:00:11.645452
1759	5	9	0.744	0	0:00:11.496352
1760	0	9	2.36	0	0:00:11.543073
1761	1	9	1.47	0	0:00:11.507454
1762	4	9	1.61	0	0:00:11.518759
1763	2	9	1.16	0	0:00:11.531587
1764	5	9	1.4	0	0:00:11.555837
1765	4	9	1.32	0	0:00:11.361435
1766	6	9	0.36	0	0:00:11.653100
1767	2	9	1.84	0	0:00:11.376995
1768	2	9	1.38	0	0:00:11.571965
1769	1	9	2.76	0	0:00:11.516698
1770	7	-1	0.0	0	0:00:11.513758
1771	2	9	1.19	0	0:00:11.350422
1772	8	9	1.25	0	0:00:11.647931
1773	5	0	1.55	0	0:00:11.502708
1774	5	9	0.681	0	0:00:11.558613
1775	3	9	0.54	0	0:00:11.500953
1776	0	9	2.49	0	0:00:11.492409
1777	4	9	0.642	0	0:00:11.499890
1778	8	9	3.06	0	0:00:11.511775
1779	3	9	0.709	0	0:00:11.550562
1780	7	9	1.05	0	0:00:11.439424
1781	6	9	0.63	0	0:00:11.526360
1782	3	9	1.21	0	0:00:11.556837
1783	8	9	2.28	0	0:00:11.475939
1784	1	9	2.26	0	0:00:11.516188
1785	0	9	0.733	0	0:00:11.586904
1786	1	9	1.76	0	0:00:11.483302
1787	3	9	0.299	0	0:00:11.518115
1788	3	0	0.54	0	0:00:11.539599
1789	0	7	0.336	0	0:00:11.463177
1790	7	9	1.75	0	0:00:11.503235
1791	4	9	1.02	0	0:00:11.550602
1792	9	9	2.48	1	0:00:11.564799
1793	5	9	0.152	0	0:00:11.527189
1794	3	9	0.588	0	0:00:11.547892
1795	6	9	1.54	0	0:00:11.544123
1796	0	9	2.26	0	0:00:11.532104
1797	1	9	1.1	0	0:00:11.552930
1798	4	9	0.297	0	0:00:11.563448
1799	4	9	0.491	0	0:00:11.535643
1800	4	9	1.43	0	0:00:11.569174
1801	4	-1	0.0	0	0:00:11.568794
1802	2	9	0.757	0	0:00:11.510639
1803	2	9	1.31	0	0:00:11.493858
1804	5	9	0.755	0	0:00:11.579512
1805	8	9	2.02	0	0:00:11.581671
1806	1	0	0.116	0	0:00:11.547883
1807	5	9	1.75	0	0:00:11.519958
1808	9	9	0.756	1	0:00:11.520134
1809	8	9	2.07	0	0:00:11.581365
1810	1	9	2.6	0	0:00:11.461254
1811	1	9	1.96	0	0:00:11.613156
1812	5	9	0.0699	0	0:00:11.405050
1813	3	9	0.675	0	0:00:11.660390
1814	9	9	2.49	1	0:00:11.550531
1815	9	9	1.58	1	0:00:11.401438
1816	7	9	0.482	0	0:00:11.575445
1817	6	9	0.902	0	0:00:11.444825
1818	5	9	1.87	0	0:00:11.542147
1819	0	9	0.977	0	0:00:11.511166
1820	8	9	1.49	0	0:00:11.544882
1821	4	9	0.46	0	0:00:11.408761
1822	7	9	0.369	0	0:00:11.588089
1823	0	0	1.84	1	0:00:11.547776
1824	9	9	1.69	1	0:00:11.512029
1825	2	9	1.01	0	0:00:11.512279
1826	8	9	2.93	0	0:00:11.483376
1827	4	7	0.343	0	0:00:11.509645
1828	7	9	1.71	0	0:00:11.521118
1829	1	9	0.681	0	0:00:11.556100
1830	3	9	1.35	0	0:00:11.460824
1831	9	9	1.87	1	0:00:11.376835
1832	6	9	2.11	0	0:00:11.634544
1833	8	9	2.61	0	0:00:11.403490
1834	9	9	1.53	1	0:00:11.541218
1835	0	9	0.722	0	0:00:11.551026
1836	4	9	0.957	0	0:00:11.523046
1837	9	9	0.197	1	0:00:11.430649
1838	6	9	1.85	0	0:00:11.572572
1839	7	-1	0.0	0	0:00:11.518245
1840	8	9	1.52	0	0:00:11.494835
1841	9	9	0.834	1	0:00:11.464439
1842	4	9	0.418	0	0:00:11.555944
1843	8	9	1.94	0	0:00:11.522588
1844	9	9	1.55	1	0:00:11.507789
1845	7	9	0.681	0	0:00:11.524243
1846	2	9	1.43	0	0:00:11.503321
1847	5	9	1.84	0	0:00:11.507894
1848	3	9	1.27	0	0:00:11.547197
1849	7	-1	0.0	0	0:00:11.557806
1850	1	9	1.29	0	0:00:11.499520
1851	0	9	0.575	0	0:00:11.532100
1852	2	9	1.09	0	0:00:11.367590
1853	9	9	1.22	1	0:00:11.510436
1854	5	9	1.07	0	0:00:11.605631
1855	5	9	1.94	0	0:00:11.529397
1856	8	9	2.47	0	0:00:11.445145
1857	5	9	1.41	0	0:00:11.559831
1858	4	9	0.0384	0	0:00:11.528588
1859	2	9	0.551	0	0:00:11.494869
1860	8	9	2.39	0	0:00:11.566925
1861	3	9	1.19	0	0:00:11.480826
1862	5	9	0.942	0	0:00:11.395901
1863	5	9	0.883	0	0:00:11.618947
1864	7	9	0.746	0	0:00:11.404943
1865	7	9	1.28	0	0:00:11.605173
1866	8	9	2.88	0	0:00:11.302917
1867	6	9	1.4	0	0:00:11.588641
1868	2	9	0.696	0	0:00:11.586158
1869	8	9	2.66	0	0:00:11.455293
1870	2	9	0.57	0	0:00:11.485531
1871	3	9	1.81	0	0:00:11.548115
1872	5	9	1.77	0	0:00:11.492224
1873	6	0	1.08	0	0:00:11.351477
1874	8	9	0.943	0	0:00:11.455812
1875	0	9	1.53	0	0:00:11.538561
1876	2	9	0.577	0	0:00:11.571297
1877	3	9	1.13	0	0:00:11.548503
1878	7	7	0.622	1	0:00:11.465312
1879	0	9	1.26	0	0:00:11.514139
1880	1	9	1.42	0	0:00:11.408610
1881	9	9	2.11	1	0:00:11.519107
1882	1	9	0.688	0	0:00:11.572934
1883	3	9	1.26	0	0:00:11.490161
1884	7	9	0.655	0	0:00:11.514289
1885	5	9	0.513	0	0:00:11.475981
1886	8	9	1.68	0	0:00:11.510242
1887	3	9	1.54	0	0:00:11.521468
1888	2	9	1.85	0	0:00:11.388156
1889	9	9	2.31	1	0:00:11.232129
1890	6	9	0.384	0	0:00:11.642303
1891	8	9	0.633	0	0:00:11.213306
1892	6	9	0.269	0	0:00:11.580822
1893	9	9	1.31	1	0:00:11.536623
1894	3	9	0.513	0	0:00:11.507080
1895	8	9	1.94	0	0:00:11.411913
1896	9	9	0.895	1	0:00:11.482668
1897	8	9	1.03	0	0:00:11.441754
1898	0	9	1.2	0	0:00:11.396710
1899	7	9	0.739	0	0:00:11.518920
1900	8	9	1.55	0	0:00:11.417497
1901	5	9	1.48	0	0:00:11.538875
1902	0	-1	0.0	0	0:00:11.459254
1903	0	9	2.52	0	0:00:11.388634
1904	1	9	2.27	0	0:00:11.553271
1905	3	9	1.49	0	0:00:11.366258
1906	9	9	0.052	1	0:00:11.580953
1907	1	9	0.0433	0	0:00:11.431632
1908	5	9	1.1	0	0:00:11.455444
1909	3	9	1.66	0	0:00:11.456427
1910	4	0	0.214	0	0:00:11.541023
1911	4	9	0.0157	0	0:00:11.466825
1912	0	9	2.11	0	0:00:11.464034
1913	9	9	1.21	1	0:00:11.499380
1914	9	9	1.31	1	0:00:11.448983
1915	9	9	2.22	1	0:00:11.485100
1916	9	9	0.638	1	0:00:11.553964
1917	8	9	2.13	0	0:00:11.477935
1918	2	9	0.887	0	0:00:11.469896
1919	4	9	1.11	0	0:00:11.533338
1920	2	7	0.0378	0	0:00:11.544607
1921	2	9	0.975	0	0:00:11.443156
1922	5	9	0.986	0	0:00:11.516759
1923	1	9	1.34	0	0:00:11.463988
1924	9	9	0.272	1	0:00:11.513634
1925	1	9	1.18	0	0:00:11.352059
1926	0	9	2.56	0	0:00:11.562603
1927	9	9	1.33	1	0:00:11.472214
1928	4	9	1.39	0	0:00:11.537536
1929	2	9	1.28	0	0:00:11.412985
1930	1	9	0.875	0	0:00:11.541441
1931	6	9	0.342	0	0:00:11.503205
1932	0	9	1.32	0	0:00:11.553421
1933	3	9	1.21	0	0:00:11.496277
1934	7	9	0.953	0	0:00:11.507493
1935	6	9	1.09	0	0:00:11.552702
1936	3	-1	0.0	0	0:00:11.545209
1937	1	9	1.63	0	0:00:11.525695
1938	8	9	2.18	0	0:00:11.537914
1939	6	9	0.507	0	0:00:11.518839
1940	5	9	0.541	0	0:00:11.441534
1941	7	9	1.08	0	0:00:11.574507
1942	2	9	1.25	0	0:00:11.569355
1943	8	9	2.21	0	0:00:11.542531
1944	4	9	1.89	0	0:00:11.536556
1945	4	9	0.221	0	0:00:11.470408
1946	8	9	1.21	0	0:00:11.574263
1947	3	9	1.31	0	0:00:11.460869
1948	5	9	2.25	0	0:00:11.600132
1949	0	9	1.44	0	0:00:11.511501
1950	5	9	0.936	0	0:00:11.579184
1951	7	9	1.08	0	0:00:11.532261
1952	4	9	0.401	0	0:00:11.540987
1953	4	9	1.22	0	0:00:11.524632
1954	2	9	1.45	0	0:00:11.542512
1955	2	9	1.91	0	0:00:11.483055
1956	7	9	0.44	0	0:00:11.578625
1957	3	9	1.38	0	0:00:11.546607
1958	6	9	0.948	0	0:00:11.581661
1959	0	9	0.427	0	0:00:11.496274
1960	2	9	1.2	0	0:00:11.580839
1961	7	9	0.171	0	0:00:11.495531
1962	6	9	0.497	0	0:00:11.352137
1963	2	9	1.03	0	0:00:11.644965
1964	3	9	1.28	0	0:00:11.552938
1965	0	9	0.546	0	0:00:11.518566
1966	7	9	0.666	0	0:00:11.488119
1967	7	9	0.757	0	0:00:11.447611
1968	8	9	3.09	0	0:00:11.506193
1969	1	0	0.373	0	0:00:11.613311
1970	1	0	1.01	0	0:00:11.470752
1971	4	9	1.29	0	0:00:11.532662
1972	6	9	1.53	0	0:00:11.536781
1973	0	9	1.27	0	0:00:11.517834
1974	6	9	1.78	0	0:00:11.253247
1975	6	9	0.0718	0	0:00:11.675876
1976	5	9	0.908	0	0:00:11.586380
1977	5	-1	0.0	0	0:00:11.454927
1978	6	9	0.681	0	0:00:11.536678
1979	3	9	0.712	0	0:00:11.547873
1980	9	9	1.87	1	0:00:11.435872
1981	3	9	1.37	0	0:00:11.578892
1982	6	9	0.756	0	0:00:11.528787
1983	8	9	1.3	0	0:00:11.446492
1984	7	7	0.344	1	0:00:11.561415
1985	6	9	0.939	0	0:00:11.529304
1986	4	9	0.951	0	0:00:11.498574
1987	9	9	1.87	1	0:00:11.532458
1988	5	9	0.945	0	0:00:11.551765
1989	6	9	1.23	0	0:00:11.541562
1990	4	9	0.049	0	0:00:11.504024
1991	1	9	0.599	0	0:00:11.552495
1992	6	9	0.217	0	0:00:11.554837
1993	3	7	0.407	0	0:00:11.534356
1994	8	9	0.327	0	0:00:11.524909
1995	2	9	0.663	0	0:00:11.571114
1996	3	0	0.361	0	0:00:11.564243
1997	9	9	1.37	1	0:00:11.496893
1998	8	9	1.41	0	0:00:11.557646
1999	5	9	0.0771	0	0:00:11.521621
2000	1	9	0.88	0	0:00:11.580441
2001	5	9	0.695	0	0:00:11.528094
2002	4	9	0.414	0	0:00:11.580333
2003	5	9	0.431	0	0:00:11.514654
2004	7	-1	0.0	0	0:00:11.570144
2005	5	9	2.09	0	0:00:11.336572
2006	7	7	0.608	1	0:00:11.643091
2007	8	9	2.21	0	0:00:11.593614
2008	9	9	2.59	1	0:00:11.245655
2009	1	9	2.38	0	0:00:11.682225
2010	7	9	1.29	0	0:00:11.554326
2011	2	9	1.36	0	0:00:11.520301
2012	5	9	1.75	0	0:00:11.507567
2013	6	9	1.29	0	0:00:11.500984
2014	8	9	2.14	0	0:00:11.498220
2015	4	9	0.947	0	0:00:11.474427
2016	6	9	1.36	0	0:00:11.464192
2017	5	9	0.338	0	0:00:11.502696
2018	3	9	1.24	0	0:00:11.546522
2019	9	9	0.489	1	0:00:11.532616
2020	9	9	1.71	1	0:00:11.499713
2021	8	9	3.04	0	0:00:11.531685
2022	5	-1	0.0	0	0:00:11.422017
2023	5	0	1.43	0	0:00:11.527943
2024	6	9	1.71	0	0:00:11.526479
2025	4	9	1.59	0	0:00:11.546557
2026	5	7	0.108	0	0:00:11.455681
2027	9	9	0.884	1	0:00:11.538616
2028	7	9	0.838	0	0:00:11.533326
2029	3	9	1.26	0	0:00:11.491315
2030	4	9	0.998	0	0:00:11.506995
2031	1	9	2.22	0	0:00:11.555988
2032	4	9	0.442	0	0:00:11.462478
2033	2	9	1.4	0	0:00:11.491896
2034	3	9	1.2	0	0:00:11.551867
2035	6	9	1.46	0	0:00:11.496887
2036	5	-1	0.0	0	0:00:11.536470
2037	5	9	0.0946	0	0:00:11.538329
2038	2	9	0.54	0	0:00:11.530855
2039	8	9	1.8	0	0:00:11.477944
2040	0	9	2.86	0	0:00:11.446440
2041	0	9	1.78	0	0:00:11.557852
2042	1	9	1.12	0	0:00:11.580359
2043	8	9	1.11	0	0:00:11.513024
2044	3	9	0.752	0	0:00:11.472761
2045	1	9	1.34	0	0:00:11.416280
2046	3	0	0.21	0	0:00:11.638850
2047	5	9	0.482	0	0:00:11.517404
2048	8	9	2.45	0	0:00:11.513650
2049	3	9	0.0467	0	0:00:11.542948
2050	8	9	2.86	0	0:00:11.391190
2051	5	9	0.314	0	0:00:11.546716
2052	8	9	3.44	0	0:00:11.511971
2053	6	9	2.11	0	0:00:11.560729
2054	3	9	2.05	0	0:00:11.448933
2055	5	9	1.48	0	0:00:11.603746
2056	5	9	1.39	0	0:00:11.554857
2057	5	9	2.35	0	0:00:11.510225
2058	0	9	2.76	0	0:00:11.464721
2059	9	9	0.255	1	0:00:11.552346
2060	5	9	1.14	0	0:00:11.537873
2061	5	-1	0.0	0	0:00:11.519942
2062	7	9	0.785	0	0:00:11.559374
2063	1	9	1.36	0	0:00:11.526369
2064	8	9	2.03	0	0:00:11.521859
2065	2	9	1.51	0	0:00:11.513488
2066	2	9	0.933	0	0:00:11.509721
2067	7	0	0.525	0	0:00:11.569960
2068	3	9	1.21	0	0:00:11.373301
2069	4	9	0.644	0	0:00:11.560707
2070	2	9	1.41	0	0:00:11.579340
2071	9	9	0.677	1	0:00:11.551706
2072	6	9	2.12	0	0:00:11.518387
2073	2	9	1.55	0	0:00:11.444518
2074	2	9	1.3	0	0:00:11.502967
2075	4	9	1.04	0	0:00:11.555178
2076	3	9	0.0998	0	0:00:11.514127
2077	0	9	1.99	0	0:00:11.539340
2078	2	9	0.832	0	0:00:11.570048
2079	0	9	0.438	0	0:00:11.499187
2080	1	9	1.8	0	0:00:11.549248
2081	3	9	0.571	0	0:00:11.563773
2082	2	9	1.18	0	0:00:11.551208
2083	2	9	2.27	0	0:00:11.557717
2084	7	-1	0.0	0	0:00:11.433983
2085	0	9	0.623	0	0:00:11.626540
2086	1	9	1.76	0	0:00:11.572390
2087	0	9	1.11	0	0:00:11.362135
2088	7	-1	0.0	0	0:00:11.565043
2089	7	0	0.94	0	0:00:11.516693
2090	2	9	0.537	0	0:00:11.531898
2091	0	9	0.975	0	0:00:11.600825
2092	1	9	1.5	0	0:00:11.164288
2093	6	9	1.66	0	0:00:11.741051
2094	5	7	0.106	0	0:00:11.538574
2095	0	7	0.109	0	0:00:11.539226
2096	2	9	1.31	0	0:00:11.360413
2097	2	9	1.8	0	0:00:11.153635
2098	0	9	1.79	0	0:00:11.596529
2099	1	9	2.48	0	0:00:11.472747
2100	2	9	0.339	0	0:00:11.544316
2101	6	9	0.864	0	0:00:11.453935
2102	0	9	2.62	0	0:00:11.298245
2103	1	0	0.928	0	0:00:11.474488
2104	6	9	1.34	0	0:00:11.472107
2105	6	9	0.0514	0	0:00:11.441327
2106	5	0	0.841	0	0:00:11.457095
2107	3	9	0.801	0	0:00:11.435945
2108	4	9	0.819	0	0:00:11.537645
2109	0	9	1.55	0	0:00:11.387171
2110	0	9	1.68	0	0:00:11.521682
2111	9	9	1.42	1	0:00:11.489135
2112	1	9	1.92	0	0:00:11.198910
2113	0	9	1.66	0	0:00:11.645573
2114	2	9	0.392	0	0:00:11.481917
2115	5	9	1.32	0	0:00:11.390734
2116	9	9	1.47	1	0:00:11.543332
2117	7	9	0.446	0	0:00:11.485224
2118	8	9	1.77	0	0:00:11.402413
2119	6	9	1.28	0	0:00:11.521334
2120	4	9	2.18	0	0:00:11.441170
2121	6	9	0.889	0	0:00:11.536779
2122	0	9	0.527	0	0:00:11.469070
2123	2	9	0.949	0	0:00:11.471281
2124	0	9	1.57	0	0:00:11.415028
2125	1	9	0.386	0	0:00:11.548361
2126	9	9	0.782	1	0:00:11.395958
2127	2	-1	0.0	0	0:00:11.578392
2128	4	9	1.1	0	0:00:11.464525
2129	9	9	1.07	1	0:00:11.484100
2130	0	9	0.462	0	0:00:11.433612
2131	7	9	0.844	0	0:00:11.606096
2132	2	9	1.06	0	0:00:11.434642
2133	3	9	1.01	0	0:00:11.454715
2134	4	9	0.624	0	0:00:11.523252
2135	8	9	3.15	0	0:00:11.514149
2136	0	9	1.07	0	0:00:11.487155
2137	2	9	1.56	0	0:00:11.437054
2138	6	9	0.491	0	0:00:11.580855
2139	8	9	2.49	0	0:00:11.392694
2140	9	9	1.61	1	0:00:11.596560
2141	7	9	0.383	0	0:00:11.516618
2142	1	9	0.715	0	0:00:11.503338
2143	9	9	0.561	1	0:00:11.337862
2144	3	9	0.776	0	0:00:11.597378
2145	7	9	0.68	0	0:00:11.451156
2146	2	9	0.816	0	0:00:11.522207
2147	7	-1	0.0	0	0:00:11.580928
2148	9	9	1.28	1	0:00:11.518010
2149	6	9	2.13	0	0:00:11.445830
2150	9	9	1.43	1	0:00:11.484035
2151	5	9	2.64	0	0:00:11.534810
2152	7	9	1.82	0	0:00:11.530287
2153	8	9	2.65	0	0:00:11.451759
2154	5	9	1.57	0	0:00:11.535626
2155	9	9	2.36	1	0:00:11.490829
2156	8	9	1.28	0	0:00:11.543489
2157	3	9	0.678	0	0:00:11.516335
2158	9	0	0.62	0	0:00:11.548484
2159	8	9	1.84	0	0:00:11.548233
2160	0	9	2.61	0	0:00:11.383015
2161	5	9	0.685	0	0:00:11.564078
2162	5	9	3.29	0	0:00:11.499063
2163	7	0	0.0894	0	0:00:11.575954
2164	1	9	1.1	0	0:00:11.518949
2165	2	9	0.785	0	0:00:11.281139
2166	0	9	1.57	0	0:00:11.643587
2167	7	9	0.703	0	0:00:11.263127
2168	5	9	0.487	0	0:00:11.690107
2169	8	9	2.05	0	0:00:11.483571
2170	2	9	1.55	0	0:00:11.499270
2171	2	9	0.866	0	0:00:11.448288
2172	5	9	0.652	0	0:00:11.165135
2173	3	7	0.413	0	0:00:11.677726
2174	9	9	2.24	1	0:00:11.523724
2175	3	9	0.533	0	0:00:11.430038
2176	1	9	2.57	0	0:00:11.510019
2177	9	9	0.123	1	0:00:11.425255
2178	3	0	0.9	0	0:00:11.558225
2179	1	9	1.79	0	0:00:11.450013
2180	4	9	0.218	0	0:00:11.477849
2181	3	0	0.101	0	0:00:11.546371
2182	4	9	1.0	0	0:00:11.349883
2183	4	9	1.18	0	0:00:11.578112
2184	9	9	0.106	1	0:00:11.462737
2185	0	9	1.45	0	0:00:11.535771
2186	9	9	0.724	1	0:00:11.505286
2187	5	-1	0.0	0	0:00:11.496408
2188	9	9	2.32	1	0:00:11.478673
2189	2	9	0.626	0	0:00:11.445918
2190	9	9	1.3	1	0:00:11.544719
2191	4	-1	0.0	0	0:00:11.500275
2192	0	9	1.76	0	0:00:11.415694
2193	2	9	1.39	0	0:00:11.541334
2194	8	9	2.01	0	0:00:11.526181
2195	4	9	0.338	0	0:00:11.521224
2196	8	9	0.17	0	0:00:11.456606
2197	6	9	0.921	0	0:00:11.525357
2198	8	9	1.73	0	0:00:11.541696
2199	2	9	2.0	0	0:00:11.500631
2200	0	9	2.08	0	0:00:11.402344
2201	5	9	1.14	0	0:00:11.588870
2202	9	9	2.32	1	0:00:11.472534
2203	6	9	0.0103	0	0:00:11.383863
2204	9	9	0.684	1	0:00:11.655758
2205	5	9	0.459	0	0:00:11.438679
2206	1	9	1.86	0	0:00:11.503963
2207	3	9	0.485	0	0:00:11.555024
2208	4	9	1.94	0	0:00:11.562771
2209	4	9	0.677	0	0:00:11.504688
2210	2	9	1.88	0	0:00:11.523441
2211	7	9	0.653	0	0:00:11.512420
2212	2	9	0.828	0	0:00:11.572038
2213	4	9	1.4	0	0:00:11.368041
2214	4	9	0.0355	0	0:00:11.623119
2215	0	9	0.56	0	0:00:11.521078
2216	2	-1	0.0	0	0:00:11.547318
2217	8	9	2.15	0	0:00:11.561508
2218	4	9	0.972	0	0:00:11.545114
2219	5	9	1.23	0	0:00:11.444204
2220	1	9	0.913	0	0:00:11.587002
2221	2	9	1.97	0	0:00:11.574440
2222	6	-1	0.0	0	0:00:11.550257
2223	8	9	1.02	0	0:00:11.539022
2224	1	9	0.682	0	0:00:11.584409
2225	7	-1	0.0	0	0:00:11.547930
2226	2	9	0.485	0	0:00:11.562424
2227	8	9	2.21	0	0:00:11.496409
2228	7	9	0.306	0	0:00:11.469435
2229	4	9	1.24	0	0:00:11.523746
2230	3	9	0.986	0	0:00:11.580096
2231	3	-1	0.0	0	0:00:11.554032
2232	0	9	1.16	0	0:00:11.437528
2233	3	-1	0.0	0	0:00:11.557125
2234	7	9	0.0786	0	0:00:11.595837
2235	2	9	0.879	0	0:00:11.479064
2236	5	9	0.548	0	0:00:11.577992
2237	6	9	0.689	0	0:00:11.551431
2238	1	9	0.859	0	0:00:11.538686
2239	7	9	1.13	0	0:00:11.493210
2240	9	9	1.6	1	0:00:11.457324
2241	0	9	0.759	0	0:00:11.470702
2242	2	9	0.737	0	0:00:11.597675
2243	3	9	1.09	0	0:00:11.587987
2244	9	9	1.5	1	0:00:11.491975
2245	8	9	2.14	0	0:00:11.523760
2246	9	9	0.775	1	0:00:11.566660
2247	5	9	2.2	0	0:00:11.451114
2248	0	9	1.86	0	0:00:11.541810
2249	0	9	2.2	0	0:00:11.521653
2250	7	9	0.23	0	0:00:11.557434
2251	6	9	1.78	0	0:00:11.505268
2252	3	9	1.09	0	0:00:11.526374
2253	3	9	1.43	0	0:00:11.532295
2254	8	9	1.41	0	0:00:11.512730
2255	1	9	2.94	0	0:00:11.541474
2256	4	7	0.0674	0	0:00:11.540578
2257	0	9	2.47	0	0:00:11.538204
2258	1	0	1.67	0	0:00:11.517091
2259	5	-1	0.0	0	0:00:11.495792
2260	4	9	0.668	0	0:00:11.576200
2261	3	9	1.11	0	0:00:11.478997
2262	2	9	1.02	0	0:00:11.545432
2263	6	9	0.384	0	0:00:11.427846
2264	0	9	1.6	0	0:00:11.422699
2265	8	9	2.44	0	0:00:11.633502
2266	8	9	2.9	0	0:00:11.583934
2267	6	9	0.704	0	0:00:11.533159
2268	3	9	0.73	0	0:00:11.463045
2269	3	9	0.779	0	0:00:11.610773
2270	2	9	0.962	0	0:00:11.556914
2271	9	9	3.0	1	0:00:11.550588
2272	7	9	0.395	0	0:00:11.526657
2273	5	9	0.532	0	0:00:11.503484
2274	1	9	2.33	0	0:00:11.532990
2275	6	9	1.42	0	0:00:11.601498
2276	0	9	1.51	0	0:00:11.493873
2277	5	9	0.0263	0	0:00:11.597899
2278	9	9	1.99	1	0:00:11.418318
2279	9	9	2.02	1	0:00:11.647312
2280	4	9	1.44	0	0:00:11.243080
2281	5	9	1.63	0	0:00:11.717889
2282	9	9	1.47	1	0:00:11.550757
2283	4	0	0.0789	0	0:00:11.566270
2284	8	9	1.53	0	0:00:11.514047
2285	3	-1	0.0	0	0:00:11.354030
2286	3	9	0.0269	0	0:00:11.561347
2287	2	0	0.077	0	0:00:11.562460
2288	5	9	0.171	0	0:00:11.532314
2289	1	9	0.771	0	0:00:11.494218
2290	9	9	1.82	1	0:00:11.529722
2291	5	9	1.13	0	0:00:11.531571
2292	5	-1	0.0	0	0:00:11.491202
2293	8	9	1.49	0	0:00:11.552841
2294	1	9	1.13	0	0:00:11.554690
2295	8	9	2.07	0	0:00:11.574149
2296	9	9	1.07	1	0:00:11.423397
2297	7	-1	0.0	0	0:00:11.597973
2298	0	9	1.95	0	0:00:11.530149
2299	6	-1	0.0	0	0:00:11.568010
2300	3	9	1.04	0	0:00:11.493288
2301	2	9	0.712	0	0:00:11.564078
2302	0	9	0.528	0	0:00:11.511504
2303	2	9	1.61	0	0:00:11.599222
2304	6	9	0.676	0	0:00:11.557222
2305	9	9	0.823	1	0:00:11.543096
2306	3	9	0.505	0	0:00:11.572787
2307	9	9	0.333	1	0:00:11.527480
2308	1	9	2.99	0	0:00:11.559055
2309	6	9	0.928	0	0:00:11.497658
2310	6	9	1.6	0	0:00:11.574630
2311	7	9	1.47	0	0:00:11.484002
2312	2	9	1.14	0	0:00:11.469416
2313	6	9	1.79	0	0:00:11.608602
2314	3	9	0.139	0	0:00:11.577803
2315	2	9	1.82	0	0:00:11.545265
2316	5	9	0.53	0	0:00:11.421163
2317	5	9	1.68	0	0:00:11.628756
2318	2	9	1.42	0	0:00:11.505362
2319	7	9	2.07	0	0:00:11.574343
2320	5	9	1.84	0	0:00:11.505768
2321	2	9	1.94	0	0:00:11.551558
2322	0	9	1.44	0	0:00:11.434555
2323	8	9	1.24	0	0:00:11.496552
2324	0	9	1.53	0	0:00:11.629656
2325	7	9	1.93	0	0:00:11.548009
2326	7	-1	0.0	0	0:00:11.475637
2327	1	9	2.13	0	0:00:11.575750
2328	7	-1	0.0	0	0:00:11.582514
2329	4	9	0.751	0	0:00:11.537312
2330	0	9	2.62	0	0:00:11.495276
2331	2	9	0.694	0	0:00:11.534438
2332	2	9	1.3	0	0:00:11.537189
2333	6	9	1.72	0	0:00:11.550532
2334	1	9	1.13	0	0:00:11.396603
2335	5	9	0.245	0	0:00:11.624794
2336	9	9	1.14	1	0:00:11.547709
2337	7	9	0.585	0	0:00:11.508603
2338	6	9	0.525	0	0:00:11.585299
2339	2	9	0.298	0	0:00:11.420316
2340	7	9	1.65	0	0:00:11.583603
2341	0	9	1.72	0	0:00:11.568828
2342	5	9	0.085	0	0:00:11.436310
2343	6	9	1.4	0	0:00:11.465443
2344	0	9	2.94	0	0:00:11.612770
2345	1	0	2.06	0	0:00:11.601023
2346	1	9	1.8	0	0:00:11.513824
2347	8	9	1.76	0	0:00:11.495378
2348	4	9	1.15	0	0:00:11.532312
2349	5	9	2.18	0	0:00:11.583756
2350	3	9	1.22	0	0:00:11.563365
2351	1	9	1.72	0	0:00:11.521399
2352	2	9	0.434	0	0:00:11.543878
2353	4	9	1.21	0	0:00:11.513952
2354	8	9	1.98	0	0:00:11.573671
2355	9	9	1.42	1	0:00:11.519094
2356	8	9	2.04	0	0:00:11.558954
2357	1	9	1.86	0	0:00:11.474302
2358	7	-1	0.0	0	0:00:11.589387
2359	2	9	0.736	0	0:00:11.590754
2360	7	9	0.0962	0	0:00:11.592784
2361	2	9	1.66	0	0:00:11.555036
2362	3	9	0.781	0	0:00:11.548012
2363	2	9	1.28	0	0:00:11.388810
2364	6	9	1.15	0	0:00:11.595900
2365	7	9	1.8	0	0:00:11.584132
2366	9	9	0.495	1	0:00:11.575766
2367	4	9	0.393	0	0:00:11.564101
2368	0	-1	0.0	0	0:00:11.505811
2369	1	9	2.54	0	0:00:11.597467
2370	0	9	2.38	0	0:00:11.570321
2371	4	9	1.73	0	0:00:11.352784
2372	5	9	1.46	0	0:00:11.712406
2373	0	9	0.555	0	0:00:11.584245
2374	8	9	2.34	0	0:00:11.400547
2375	0	9	1.57	0	0:00:11.650700
2376	7	9	3.26	0	0:00:11.565655
2377	6	0	0.19	0	0:00:11.559499
2378	1	9	1.32	0	0:00:11.529073
2379	0	9	1.4	0	0:00:11.503512
2380	8	9	1.35	0	0:00:11.624912
2381	5	-1	0.0	0	0:00:11.520647
2382	9	9	0.98	1	0:00:11.605737
2383	2	9	1.26	0	0:00:11.509190
2384	5	9	0.528	0	0:00:11.574727
2385	4	9	1.62	0	0:00:11.589843
2386	4	9	0.627	0	0:00:11.577036
2387	9	9	0.972	1	0:00:11.539089
2388	0	9	1.08	0	0:00:11.596505
2389	6	0	0.481	0	0:00:11.563142
2390	1	9	0.59	0	0:00:11.490696
2391	2	9	1.04	0	0:00:11.582118
2392	5	9	0.902	0	0:00:11.596851
2393	1	9	1.66	0	0:00:11.587532
2394	6	9	1.85	0	0:00:11.556120
2395	7	9	1.96	0	0:00:11.556567
2396	1	9	0.329	0	0:00:11.433414
2397	5	-1	0.0	0	0:00:11.663969
2398	8	9	1.89	0	0:00:11.581134
2399	8	9	3.07	0	0:00:11.555084
2400	0	-1	0.0	0	0:00:11.451509
2401	3	9	1.42	0	0:00:11.452637
2402	9	9	1.43	1	0:00:11.622914
2403	4	9	0.627	0	0:00:11.595098
2404	0	9	1.21	0	0:00:11.523671
2405	3	9	1.38	0	0:00:11.316339
2406	4	9	1.37	0	0:00:11.668248
2407	9	9	1.12	1	0:00:11.607687
2408	2	9	1.65	0	0:00:11.321712
2409	4	9	1.01	0	0:00:11.712455
2410	3	9	1.4	0	0:00:11.546009
2411	0	9	2.14	0	0:00:11.487188
2412	6	9	2.06	0	0:00:11.558072
2413	4	9	0.728	0	0:00:11.495061
2414	5	9	0.13	0	0:00:11.462763
2415	6	9	0.569	0	0:00:11.584564
2416	6	9	1.38	0	0:00:11.578442
2417	7	7	0.307	1	0:00:11.549899
2418	8	9	2.72	0	0:00:11.535330
2419	4	9	0.818	0	0:00:11.559889
2420	8	9	2.59	0	0:00:11.503719
2421	8	9	1.9	0	0:00:11.590794
2422	3	9	1.84	0	0:00:11.530311
2423	2	9	1.12	0	0:00:11.549716
2424	8	9	2.23	0	0:00:11.577314
2425	0	9	1.62	0	0:00:11.571483
2426	2	9	0.796	0	0:00:11.600051
2427	5	9	1.25	0	0:00:11.572119
2428	6	9	0.0689	0	0:00:11.567838
2429	8	9	2.55	0	0:00:11.502805
2430	7	9	0.745	0	0:00:11.466021
2431	8	9	1.76	0	0:00:11.497857
2432	9	9	1.01	1	0:00:11.687094
2433	9	9	1.78	1	0:00:11.556412
2434	0	9	1.86	0	0:00:11.550082
2435	6	9	0.388	0	0:00:11.578088
2436	6	9	0.932	0	0:00:11.586318
2437	8	9	1.87	0	0:00:11.449251
2438	1	9	1.95	0	0:00:11.603240
2439	1	0	1.16	0	0:00:11.562372
2440	7	9	2.08	0	0:00:11.529798
2441	4	9	0.623	0	0:00:11.607742
2442	4	9	0.767	0	0:00:11.562387
2443	2	9	1.51	0	0:00:11.557677
2444	3	9	0.222	0	0:00:11.195850
2445	6	9	1.3	0	0:00:11.722931
2446	9	0	0.837	0	0:00:11.620133
2447	6	9	1.05	0	0:00:11.464442
2448	2	9	0.955	0	0:00:11.598635
2449	4	9	1.37	0	0:00:11.357476
2450	1	9	2.4	0	0:00:11.660867
2451	8	9	2.94	0	0:00:11.549864
2452	2	9	1.46	0	0:00:11.529472
2453	3	9	1.88	0	0:00:11.559189
2454	1	9	1.99	0	0:00:11.568632
2455	6	-1	0.0	0	0:00:11.495194
2456	8	9	2.25	0	0:00:11.569559
2457	6	9	0.865	0	0:00:11.469693
2458	8	9	3.24	0	0:00:11.625270
2459	5	9	1.03	0	0:00:11.449769
2460	9	9	0.634	1	0:00:11.545725
2461	0	9	1.41	0	0:00:11.590425
2462	1	9	1.92	0	0:00:11.529772
2463	0	0	0.0431	1	0:00:11.531190
2464	2	9	1.75	0	0:00:11.556225
2465	9	9	1.01	1	0:00:11.585923
2466	2	9	0.591	0	0:00:11.562435
2467	9	9	2.24	1	0:00:11.546399
2468	0	9	1.75	0	0:00:11.562300
2469	9	9	1.95	1	0:00:11.485492
2470	7	-1	0.0	0	0:00:11.472825
2471	8	9	2.21	0	0:00:11.421902
2472	5	9	0.937	0	0:00:11.608375
2473	0	9	2.19	0	0:00:11.635339
2474	6	9	0.425	0	0:00:11.597093
2475	6	9	1.53	0	0:00:11.205367
2476	8	9	2.48	0	0:00:11.570667
2477	1	9	1.37	0	0:00:11.631859
2478	6	9	0.196	0	0:00:11.459247
2479	5	9	0.245	0	0:00:11.595880
2480	8	9	2.9	0	0:00:11.489393
2481	7	9	0.17	0	0:00:11.486111
2482	9	9	0.847	1	0:00:11.521062
2483	2	9	0.863	0	0:00:11.527624
2484	1	9	1.48	0	0:00:11.574033
2485	6	9	1.8	0	0:00:11.530945
2486	7	9	1.5	0	0:00:11.539481
2487	5	9	0.68	0	0:00:11.417371
2488	6	9	1.61	0	0:00:11.595634
2489	3	9	0.901	0	0:00:11.400857
2490	0	9	0.928	0	0:00:11.596290
2491	9	9	1.9	1	0:00:11.478256
2492	8	9	2.97	0	0:00:11.627854
2493	9	9	2.15	1	0:00:11.437599
2494	5	-1	0.0	0	0:00:11.608832
2495	9	9	1.13	1	0:00:11.564186
2496	9	9	0.331	1	0:00:11.368076
2497	9	9	3.17	1	0:00:11.539251
2498	3	9	1.88	0	0:00:11.599643
2499	6	9	1.23	0	0:00:11.540958
2500	4	9	1.73	0	0:00:11.572045
2501	4	9	1.48	0	0:00:11.529699
2502	8	9	2.45	0	0:00:11.559096
2503	8	9	2.22	0	0:00:11.485811
2504	1	9	1.67	0	0:00:11.502704
2505	7	9	0.714	0	0:00:11.643931
2506	3	0	0.263	0	0:00:11.565535
2507	0	9	1.65	0	0:00:11.525556
2508	6	-1	0.0	0	0:00:11.552917
2509	2	9	0.394	0	0:00:11.567836
2510	4	9	0.717	0	0:00:11.458067
2511	8	9	1.45	0	0:00:11.605692
2512	2	9	1.81	0	0:00:11.562643
2513	2	9	1.25	0	0:00:11.588679
2514	9	9	1.67	1	0:00:11.523685
2515	2	9	0.585	0	0:00:11.569869
2516	2	9	0.865	0	0:00:11.588403
2517	9	9	1.46	1	0:00:11.480865
2518	7	9	0.666	0	0:00:11.586612
2519	4	9	0.97	0	0:00:11.418936
2520	1	9	2.67	0	0:00:11.634032
2521	9	9	1.65	1	0:00:11.542494
2522	1	9	2.68	0	0:00:11.555527
2523	4	9	1.09	0	0:00:11.610868
2524	3	9	1.32	0	0:00:11.557076
2525	5	9	1.78	0	0:00:11.561750
2526	3	9	0.598	0	0:00:11.555312
2527	8	9	2.49	0	0:00:11.564662
2528	9	9	0.307	1	0:00:11.569747
2529	3	9	2.29	0	0:00:11.539042
2530	6	9	1.06	0	0:00:11.587176
2531	2	9	0.262	0	0:00:11.606516
2532	0	9	2.51	0	0:00:11.565767
2533	8	9	1.22	0	0:00:11.524832
2534	9	9	1.41	1	0:00:11.579852
2535	0	9	1.6	0	0:00:11.600761
2536	5	9	1.4	0	0:00:11.546038
2537	1	9	2.74	0	0:00:11.567931
2538	5	9	1.51	0	0:00:11.565610
2539	8	9	1.66	0	0:00:11.590171
2540	2	-1	0.0	0	0:00:11.589244
2541	1	9	0.212	0	0:00:11.554262
2542	2	9	2.37	0	0:00:11.542698
2543	3	-1	0.0	0	0:00:11.633937
2544	2	9	1.41	0	0:00:11.591925
2545	4	9	0.714	0	0:00:11.559240
2546	8	9	2.45	0	0:00:11.553031
2547	4	9	2.08	0	0:00:11.572880
2548	0	9	0.797	0	0:00:11.594621
2549	6	9	1.32	0	0:00:11.597312
2550	4	9	0.34	0	0:00:11.524627
2551	2	9	1.68	0	0:00:11.471122
2552	9	9	2.01	1	0:00:11.415740
2553	8	9	1.29	0	0:00:11.689251
2554	4	9	0.622	0	0:00:11.590580
2555	7	9	0.361	0	0:00:11.472304
2556	6	9	0.585	0	0:00:11.484503
2557	2	9	0.983	0	0:00:11.664924
2558	4	9	1.99	0	0:00:11.543058
2559	7	9	0.336	0	0:00:11.492327
2560	7	9	1.59	0	0:00:11.565959
2561	6	9	1.42	0	0:00:11.540374
2562	4	9	1.4	0	0:00:11.538187
2563	2	9	0.851	0	0:00:11.538328
2564	2	9	1.56	0	0:00:11.492496
2565	3	9	0.336	0	0:00:11.600259
2566	2	0	0.46	0	0:00:11.584866
2567	4	9	0.684	0	0:00:11.514796
2568	9	9	0.212	1	0:00:11.578073
2569	0	9	1.34	0	0:00:11.581997
2570	0	9	1.45	0	0:00:11.434578
2571	9	9	1.94	1	0:00:11.598530
2572	6	9	0.996	0	0:00:11.451886
2573	5	7	0.485	0	0:00:11.585563
2574	8	9	1.99	0	0:00:11.573557
2575	5	9	1.87	0	0:00:11.560559
2576	2	9	1.36	0	0:00:11.567542
2577	4	9	0.769	0	0:00:11.579623
2578	8	9	1.96	0	0:00:11.535109
2579	8	9	1.9	0	0:00:11.587421
2580	6	0	1.24	0	0:00:11.555069
2581	4	9	0.41	0	0:00:11.603454
2582	5	9	1.42	0	0:00:11.521272
2583	7	7	0.00532	1	0:00:11.583160
2584	6	9	0.774	0	0:00:11.568910
2585	3	9	1.29	0	0:00:11.521495
2586	7	9	1.69	0	0:00:11.614055
2587	0	9	2.28	0	0:00:11.599929
2588	4	9	0.865	0	0:00:11.545804
2589	0	9	1.2	0	0:00:11.578475
2590	5	9	0.956	0	0:00:11.600611
2591	8	9	1.5	0	0:00:11.560171
2592	2	9	2.2	0	0:00:11.432272
2593	8	9	1.8	0	0:00:11.473572
2594	0	9	1.96	0	0:00:11.706020
2595	4	9	0.549	0	0:00:11.568649
2596	9	9	0.415	1	0:00:11.514511
2597	2	9	1.54	0	0:00:11.626136
