idx	label	predict	radius	correct	time
0	3	9	1.58	0	0:00:15.435970
1	8	9	2.74	0	0:00:15.168911
2	8	9	2.63	0	0:00:15.169181
3	0	9	2.28	0	0:00:15.166351
4	6	9	1.56	0	0:00:15.166669
5	6	9	0.67	0	0:00:15.168115
6	1	9	1.03	0	0:00:15.167284
7	6	9	1.67	0	0:00:15.167660
8	3	9	1.48	0	0:00:15.167093
9	1	9	1.72	0	0:00:15.168792
10	0	9	1.51	0	0:00:15.168222
11	9	9	2.39	1	0:00:15.147699
12	5	9	1.53	0	0:00:15.166988
13	7	9	0.783	0	0:00:15.167309
14	9	9	1.53	1	0:00:15.163941
15	8	9	1.95	0	0:00:15.162522
16	5	9	1.69	0	0:00:15.167092
17	7	9	1.08	0	0:00:15.168537
18	8	9	2.42	0	0:00:15.168022
19	6	9	1.13	0	0:00:15.167284
20	7	7	0.52	1	0:00:15.167152
21	0	4	0.149	0	0:00:15.168034
22	4	9	1.32	0	0:00:15.166798
23	9	9	1.16	1	0:00:15.167340
24	5	9	0.745	0	0:00:15.168288
25	2	9	1.22	0	0:00:15.167579
26	4	9	1.06	0	0:00:15.168082
27	0	9	0.855	0	0:00:15.167102
28	9	9	1.6	1	0:00:15.168827
29	6	9	1.77	0	0:00:15.165341
30	6	9	0.548	0	0:00:15.165210
31	5	9	1.97	0	0:00:15.168641
32	4	9	1.72	0	0:00:15.168538
33	5	9	0.49	0	0:00:15.168158
34	9	9	0.85	1	0:00:15.167674
35	2	9	1.58	0	0:00:15.167834
36	4	9	1.11	0	0:00:15.168795
37	1	9	2.67	0	0:00:15.167483
38	9	9	1.71	1	0:00:15.166616
39	5	9	1.93	0	0:00:15.169071
40	4	9	1.29	0	0:00:15.166108
41	6	9	1.29	0	0:00:15.165784
42	5	9	0.579	0	0:00:15.167294
43	6	9	1.04	0	0:00:15.166276
44	0	9	2.63	0	0:00:15.159258
45	9	9	1.61	1	0:00:15.168414
46	3	9	1.3	0	0:00:15.166783
47	9	9	1.14	1	0:00:15.166199
48	7	9	1.36	0	0:00:15.166637
49	6	9	1.17	0	0:00:15.165210
50	9	9	1.35	1	0:00:15.167602
51	8	9	2.08	0	0:00:15.167016
52	0	9	2.13	0	0:00:15.165848
53	3	9	2.11	0	0:00:15.166882
54	8	9	2.74	0	0:00:15.167053
55	8	9	2.1	0	0:00:15.164046
56	7	-1	0.0	0	0:00:15.166274
57	7	9	2.52	0	0:00:15.166772
58	4	9	1.7	0	0:00:15.165776
59	6	9	0.92	0	0:00:15.165704
60	7	7	0.128	1	0:00:15.165209
61	3	9	0.395	0	0:00:15.161463
62	6	9	1.59	0	0:00:15.165524
63	3	9	1.5	0	0:00:15.164490
64	6	9	0.525	0	0:00:15.164432
65	2	9	0.84	0	0:00:15.163058
66	1	9	1.85	0	0:00:15.165323
67	2	9	1.4	0	0:00:15.164007
68	3	9	0.866	0	0:00:15.162292
69	7	9	1.67	0	0:00:15.165454
70	2	9	1.41	0	0:00:15.165123
71	6	9	1.47	0	0:00:15.164043
72	8	9	1.89	0	0:00:15.164995
73	8	9	2.67	0	0:00:15.163371
74	0	9	0.813	0	0:00:15.163470
75	2	9	1.01	0	0:00:15.166438
76	9	9	1.02	1	0:00:15.166768
77	3	9	2.38	0	0:00:15.165311
78	3	9	0.701	0	0:00:15.162752
79	8	9	1.53	0	0:00:15.164568
80	8	9	1.92	0	0:00:15.164972
81	1	9	1.77	0	0:00:15.163399
82	1	9	1.56	0	0:00:15.166234
83	7	9	0.502	0	0:00:15.165143
84	2	9	0.932	0	0:00:15.167130
85	5	7	0.0475	0	0:00:15.165995
86	2	9	1.88	0	0:00:15.166099
87	7	9	2.38	0	0:00:15.165618
88	8	9	1.86	0	0:00:15.165346
89	9	9	2.54	1	0:00:15.167143
90	0	9	2.74	0	0:00:15.166193
91	3	9	1.45	0	0:00:15.167576
92	8	9	2.27	0	0:00:15.167022
93	6	9	0.75	0	0:00:15.166132
94	4	9	0.677	0	0:00:15.164250
95	6	9	1.13	0	0:00:15.164724
96	6	9	1.23	0	0:00:15.164561
97	0	9	1.7	0	0:00:15.166736
98	0	4	0.0266	0	0:00:15.165080
99	7	9	1.03	0	0:00:15.167137
100	4	9	0.635	0	0:00:15.166529
101	5	9	1.36	0	0:00:15.166633
102	6	9	1.74	0	0:00:15.166873
103	3	9	1.44	0	0:00:15.166660
104	1	9	1.11	0	0:00:15.165135
105	1	9	2.74	0	0:00:15.167181
106	3	9	2.08	0	0:00:15.168314
107	6	9	1.98	0	0:00:15.166837
108	8	9	2.12	0	0:00:15.167552
109	7	9	1.9	0	0:00:15.166858
110	4	0	0.473	0	0:00:15.166113
111	0	9	1.63	0	0:00:15.166216
112	6	9	1.53	0	0:00:15.162552
113	2	9	2.14	0	0:00:15.168370
114	1	9	0.817	0	0:00:15.166694
115	3	9	0.659	0	0:00:15.168303
116	0	9	0.365	0	0:00:15.167732
117	4	9	0.792	0	0:00:15.166491
118	2	9	0.988	0	0:00:15.167333
119	7	9	1.17	0	0:00:15.166430
120	8	9	2.14	0	0:00:15.162598
121	3	9	0.12	0	0:00:15.165401
122	1	9	2.15	0	0:00:15.165758
123	2	9	0.88	0	0:00:15.165880
124	8	9	0.79	0	0:00:15.166203
125	0	9	2.07	0	0:00:15.166503
126	8	9	1.94	0	0:00:15.165145
127	3	9	1.68	0	0:00:15.165473
128	5	-1	0.0	0	0:00:15.167928
129	2	9	1.64	0	0:00:15.160678
130	4	9	1.2	0	0:00:15.167879
131	1	9	1.74	0	0:00:15.164830
132	8	9	0.811	0	0:00:15.168538
133	9	9	0.368	1	0:00:15.167850
134	1	9	0.781	0	0:00:15.166889
135	2	9	1.12	0	0:00:15.166420
136	9	9	2.2	1	0:00:15.163225
137	7	9	1.01	0	0:00:15.165059
138	2	9	1.64	0	0:00:15.166659
139	9	9	2.74	1	0:00:15.164763
140	6	9	1.08	0	0:00:15.164465
141	5	9	0.804	0	0:00:15.166917
142	6	9	1.97	0	0:00:15.166526
143	3	9	2.25	0	0:00:15.164587
144	8	9	2.67	0	0:00:15.167526
145	7	9	0.95	0	0:00:15.166217
146	6	9	1.23	0	0:00:15.160387
147	2	9	1.8	0	0:00:15.167220
148	5	9	0.974	0	0:00:15.165210
149	2	9	2.01	0	0:00:15.166110
150	8	9	1.59	0	0:00:15.166989
151	9	9	1.03	1	0:00:15.165795
152	6	9	0.996	0	0:00:15.166976
153	0	9	0.781	0	0:00:15.165039
154	0	9	1.08	0	0:00:15.167191
155	5	9	1.94	0	0:00:15.167591
156	2	9	1.7	0	0:00:15.166152
157	9	9	1.74	1	0:00:15.164165
158	5	9	0.259	0	0:00:15.169155
159	4	9	1.08	0	0:00:15.164326
160	2	9	0.392	0	0:00:15.164925
161	1	9	1.22	0	0:00:15.167394
162	6	9	1.25	0	0:00:15.166944
163	6	9	1.87	0	0:00:15.164719
164	8	9	2.56	0	0:00:15.164994
165	4	9	0.794	0	0:00:15.167164
166	8	9	2.44	0	0:00:15.166063
167	4	9	1.51	0	0:00:15.166571
168	5	9	0.39	0	0:00:15.165639
169	0	9	2.34	0	0:00:15.168585
170	9	9	1.61	1	0:00:15.168390
171	9	9	0.544	1	0:00:15.168853
172	9	9	1.42	1	0:00:15.167603
173	8	9	2.11	0	0:00:15.167150
174	9	9	1.25	1	0:00:15.167569
175	9	9	1.98	1	0:00:15.167230
176	3	9	1.39	0	0:00:15.167278
177	7	9	0.83	0	0:00:15.166387
178	5	9	1.27	0	0:00:15.166733
179	0	9	1.01	0	0:00:15.162287
180	0	9	2.05	0	0:00:15.164143
181	5	9	0.0351	0	0:00:15.163172
182	2	9	1.13	0	0:00:15.166861
183	2	9	1.37	0	0:00:15.165408
184	3	9	0.692	0	0:00:15.165991
185	8	9	2.56	0	0:00:15.163352
186	6	9	1.27	0	0:00:15.163958
187	3	9	0.911	0	0:00:15.163828
188	4	9	1.03	0	0:00:15.166105
189	0	9	2.74	0	0:00:15.166824
190	5	9	2.56	0	0:00:15.166331
191	8	9	1.74	0	0:00:15.166917
192	0	9	1.21	0	0:00:15.165170
193	1	9	0.739	0	0:00:15.167031
194	7	9	1.3	0	0:00:15.167995
195	2	9	0.599	0	0:00:15.165906
196	8	9	1.98	0	0:00:15.165530
197	8	9	1.76	0	0:00:15.165320
198	7	-1	0.0	0	0:00:15.164933
199	8	9	1.97	0	0:00:15.165560
200	5	9	0.816	0	0:00:15.165807
201	1	9	2.27	0	0:00:15.164185
202	8	9	1.25	0	0:00:15.165104
203	7	7	0.496	1	0:00:15.164682
204	1	9	1.63	0	0:00:15.167208
205	3	9	2.13	0	0:00:15.164277
206	0	9	2.31	0	0:00:15.166218
207	5	9	1.82	0	0:00:15.165657
208	7	9	0.596	0	0:00:15.163817
209	9	9	2.67	1	0:00:15.166072
210	7	9	0.908	0	0:00:15.163989
211	4	9	1.62	0	0:00:15.165613
212	5	9	0.395	0	0:00:15.166264
213	9	9	1.48	1	0:00:15.160797
214	8	9	2.15	0	0:00:15.168534
215	0	9	0.149	0	0:00:15.167485
216	7	-1	0.0	0	0:00:15.165024
217	9	9	1.82	1	0:00:15.168327
218	8	9	1.47	0	0:00:15.165200
219	2	9	0.259	0	0:00:15.165427
220	7	7	0.8	1	0:00:15.167300
221	6	9	1.12	0	0:00:15.166358
222	9	9	1.39	1	0:00:15.164605
223	4	9	0.558	0	0:00:15.165481
224	3	9	1.16	0	0:00:15.164063
225	9	9	1.24	1	0:00:15.166777
226	6	9	1.86	0	0:00:15.164786
227	4	9	1.54	0	0:00:15.165713
228	7	9	1.02	0	0:00:15.166690
229	6	7	0.0532	0	0:00:15.167261
230	5	9	0.107	0	0:00:15.164053
231	1	9	1.99	0	0:00:15.166684
232	5	-1	0.0	0	0:00:15.165667
233	8	9	0.564	0	0:00:15.166426
234	8	9	2.67	0	0:00:15.167479
235	0	9	0.916	0	0:00:15.164936
236	4	9	1.44	0	0:00:15.165461
237	0	9	1.42	0	0:00:15.164098
238	5	9	0.883	0	0:00:15.165519
239	5	-1	0.0	0	0:00:15.166123
240	1	9	2.42	0	0:00:15.166859
241	1	9	1.73	0	0:00:15.165089
242	8	9	1.14	0	0:00:15.163783
243	9	9	1.72	1	0:00:15.165553
244	0	9	1.09	0	0:00:15.165271
245	3	9	1.54	0	0:00:15.165085
246	1	9	0.739	0	0:00:15.163904
247	9	9	2.48	1	0:00:15.161093
248	2	9	1.47	0	0:00:15.165846
249	2	9	1.59	0	0:00:15.165623
250	5	9	0.752	0	0:00:15.166472
251	3	9	1.25	0	0:00:15.164322
252	9	9	1.84	1	0:00:15.167098
253	9	9	1.12	1	0:00:15.163582
254	4	9	0.828	0	0:00:15.166248
255	0	9	0.945	0	0:00:15.166232
256	3	9	2.02	0	0:00:15.165335
257	0	9	2.46	0	0:00:15.165769
258	0	9	2.67	0	0:00:15.165936
259	9	9	1.34	1	0:00:15.165585
260	8	9	1.99	0	0:00:15.167600
261	1	9	2.74	0	0:00:15.166552
262	5	7	0.0178	0	0:00:15.164967
263	7	9	1.07	0	0:00:15.164897
264	0	9	0.768	0	0:00:15.162898
265	8	9	2.14	0	0:00:15.166041
266	2	9	1.3	0	0:00:15.165752
267	4	9	0.277	0	0:00:15.167960
268	7	9	0.862	0	0:00:15.166895
269	0	9	1.09	0	0:00:15.167189
270	2	9	1.12	0	0:00:15.166375
271	3	9	1.43	0	0:00:15.167516
272	6	9	1.37	0	0:00:15.164535
273	3	9	1.26	0	0:00:15.167159
274	8	9	1.71	0	0:00:15.167778
275	5	9	0.146	0	0:00:15.166350
276	0	9	0.894	0	0:00:15.168269
277	3	9	1.15	0	0:00:15.170143
278	4	7	0.147	0	0:00:15.166127
279	3	9	0.562	0	0:00:15.165639
280	9	9	2.32	1	0:00:15.166473
281	0	0	0.0441	1	0:00:15.168293
282	6	9	1.13	0	0:00:15.166547
283	1	9	2.26	0	0:00:15.168439
284	0	9	1.21	0	0:00:15.167511
285	9	9	1.8	1	0:00:15.166570
286	1	9	2.67	0	0:00:15.167387
287	0	9	1.98	0	0:00:15.169615
288	7	7	1.01	1	0:00:15.165260
289	9	9	0.695	1	0:00:15.166147
290	1	9	2.52	0	0:00:15.166553
291	2	9	1.45	0	0:00:15.166304
292	6	9	1.33	0	0:00:15.166336
293	9	9	2.63	1	0:00:15.166357
294	3	9	0.521	0	0:00:15.166321
295	4	9	1.16	0	0:00:15.162886
296	6	9	1.63	0	0:00:15.168387
297	0	9	1.56	0	0:00:15.169477
298	0	9	0.774	0	0:00:15.165692
299	6	9	1.01	0	0:00:15.166282
300	6	-1	0.0	0	0:00:15.168436
301	6	9	1.35	0	0:00:15.166317
302	3	9	0.27	0	0:00:15.167695
303	2	9	1.66	0	0:00:15.167428
304	6	9	1.46	0	0:00:15.163976
305	1	9	2.52	0	0:00:15.165801
306	8	9	1.29	0	0:00:15.165988
307	2	9	0.924	0	0:00:15.167033
308	1	9	2.19	0	0:00:15.166115
309	6	9	1.36	0	0:00:15.166244
310	8	9	1.92	0	0:00:15.167186
311	6	9	1.76	0	0:00:15.159893
312	8	9	1.57	0	0:00:15.167624
313	0	9	1.51	0	0:00:15.165430
314	4	9	0.501	0	0:00:15.163931
315	0	7	0.173	0	0:00:15.166312
316	7	9	0.939	0	0:00:15.166041
317	7	9	0.351	0	0:00:15.165201
318	5	9	0.98	0	0:00:15.165371
319	5	9	1.62	0	0:00:15.165525
320	3	9	1.48	0	0:00:15.165483
321	5	9	2.05	0	0:00:15.163271
322	2	9	0.866	0	0:00:15.165637
323	3	9	1.14	0	0:00:15.165705
324	4	9	0.644	0	0:00:15.164785
325	1	9	1.67	0	0:00:15.165237
326	7	9	1.12	0	0:00:15.164798
327	5	9	1.34	0	0:00:15.166729
328	4	9	1.43	0	0:00:15.163040
329	6	9	1.47	0	0:00:15.167392
330	1	9	1.56	0	0:00:15.164770
331	9	9	1.83	1	0:00:15.166826
332	3	9	0.9	0	0:00:15.164804
333	6	9	0.734	0	0:00:15.165757
334	6	9	1.84	0	0:00:15.165368
335	9	9	2.19	1	0:00:15.166729
336	3	9	1.54	0	0:00:15.167253
337	8	9	2.56	0	0:00:15.166501
338	0	9	0.332	0	0:00:15.166663
339	7	9	1.25	0	0:00:15.165231
340	2	9	1.53	0	0:00:15.167068
341	6	9	1.56	0	0:00:15.165430
342	2	9	1.19	0	0:00:15.165993
343	5	9	1.6	0	0:00:15.165948
344	8	9	2.19	0	0:00:15.165042
345	5	9	0.869	0	0:00:15.163215
346	4	7	0.0264	0	0:00:15.164982
347	6	9	0.0269	0	0:00:15.164540
348	8	9	1.51	0	0:00:15.164876
349	9	9	2.27	1	0:00:15.167876
350	9	9	2.52	1	0:00:15.166025
351	1	9	1.64	0	0:00:15.165872
352	0	9	2.74	0	0:00:15.165468
353	2	9	0.00959	0	0:00:15.167354
354	2	9	1.67	0	0:00:15.164992
355	7	9	1.04	0	0:00:15.165879
356	3	9	1.64	0	0:00:15.166596
357	2	9	0.849	0	0:00:15.164870
358	8	9	1.8	0	0:00:15.166625
359	0	9	1.72	0	0:00:15.165206
360	9	9	2.01	1	0:00:15.166711
361	5	9	0.799	0	0:00:15.163774
362	8	9	2.58	0	0:00:15.164812
363	1	9	2.67	0	0:00:15.165573
364	9	9	0.912	1	0:00:15.166546
365	4	9	0.425	0	0:00:15.163809
366	1	9	0.614	0	0:00:15.164657
367	3	9	1.62	0	0:00:15.164683
368	8	9	1.24	0	0:00:15.166601
369	1	9	2.23	0	0:00:15.164522
370	4	9	1.4	0	0:00:15.163843
371	7	7	0.0612	1	0:00:15.163649
372	9	9	2.56	1	0:00:15.164489
373	4	9	1.11	0	0:00:15.165433
374	2	9	2.21	0	0:00:15.167235
375	7	9	0.993	0	0:00:15.167199
376	0	9	2.67	0	0:00:15.167285
377	7	9	1.22	0	0:00:15.165339
378	0	9	2.02	0	0:00:15.167095
379	6	9	1.56	0	0:00:15.163500
380	6	9	1.48	0	0:00:15.164589
381	9	9	2.45	1	0:00:15.165033
382	0	0	0.0501	1	0:00:15.167681
383	9	9	1.98	1	0:00:15.165464
384	2	9	1.93	0	0:00:15.166617
385	8	-1	0.0	0	0:00:15.165025
386	7	9	0.446	0	0:00:15.169968
387	2	9	0.173	0	0:00:15.165940
388	2	9	0.586	0	0:00:15.167126
389	5	9	0.787	0	0:00:15.166896
390	1	9	2.17	0	0:00:15.166525
391	2	9	2.74	0	0:00:15.163712
392	6	9	1.39	0	0:00:15.165200
393	2	9	0.209	0	0:00:15.164555
394	9	9	1.02	1	0:00:15.164601
395	6	9	1.52	0	0:00:15.161750
396	2	9	0.926	0	0:00:15.161635
397	3	9	0.704	0	0:00:15.163939
398	0	9	2.63	0	0:00:15.165137
399	3	9	2.46	0	0:00:15.164604
400	9	9	2.63	1	0:00:15.163926
401	8	9	1.06	0	0:00:15.165523
402	7	9	0.296	0	0:00:15.167385
403	8	9	1.97	0	0:00:15.163963
404	8	9	0.979	0	0:00:15.166031
405	4	9	0.716	0	0:00:15.165120
406	0	9	1.11	0	0:00:15.166083
407	1	9	1.16	0	0:00:15.165307
408	8	9	2.12	0	0:00:15.166216
409	2	9	0.601	0	0:00:15.164300
410	7	9	1.57	0	0:00:15.162750
411	9	9	2.58	1	0:00:15.163657
412	3	7	0.397	0	0:00:15.164337
413	6	9	1.65	0	0:00:15.164002
414	1	9	2.18	0	0:00:15.160909
415	9	9	2.6	1	0:00:15.167554
416	0	-1	0.0	0	0:00:15.167760
417	7	9	2.54	0	0:00:15.167184
418	3	9	1.31	0	0:00:15.166290
419	7	9	1.63	0	0:00:15.166097
420	4	9	1.48	0	0:00:15.167760
421	5	9	0.657	0	0:00:15.165400
422	0	9	1.07	0	0:00:15.164637
423	0	9	1.4	0	0:00:15.166162
424	2	9	1.68	0	0:00:15.167302
425	9	9	2.6	1	0:00:15.166912
426	3	9	1.96	0	0:00:15.165095
427	4	9	1.25	0	0:00:15.165144
428	0	9	1.61	0	0:00:15.166622
429	6	9	1.28	0	0:00:15.166089
430	2	9	1.29	0	0:00:15.165588
431	5	9	2.24	0	0:00:15.164155
432	3	9	1.6	0	0:00:15.165982
433	7	9	0.607	0	0:00:15.167499
434	3	9	1.63	0	0:00:15.165552
435	7	7	0.158	1	0:00:15.166600
436	2	9	1.72	0	0:00:15.166426
437	5	9	1.35	0	0:00:15.164795
438	3	9	0.486	0	0:00:15.165756
439	1	9	0.271	0	0:00:15.165641
440	1	9	2.41	0	0:00:15.164890
441	4	9	0.509	0	0:00:15.164585
442	9	9	1.22	1	0:00:15.164944
443	9	9	2.67	1	0:00:15.164842
444	5	9	1.83	0	0:00:15.165301
445	7	9	1.49	0	0:00:15.166727
446	5	9	1.86	0	0:00:15.166350
447	0	9	1.6	0	0:00:15.164128
448	2	9	0.958	0	0:00:15.171524
449	2	9	0.803	0	0:00:15.168539
450	2	9	0.482	0	0:00:15.167501
451	9	9	2.52	1	0:00:15.165915
452	7	9	1.53	0	0:00:15.166224
453	3	9	1.26	0	0:00:15.166034
454	9	9	1.25	1	0:00:15.167106
455	4	9	1.29	0	0:00:15.166107
456	3	9	1.55	0	0:00:15.165556
457	5	9	1.54	0	0:00:15.166095
458	4	9	1.05	0	0:00:15.166291
459	6	9	2.32	0	0:00:15.166051
460	5	9	0.33	0	0:00:15.163787
461	6	9	1.02	0	0:00:15.165551
462	1	9	2.67	0	0:00:15.167076
463	4	9	1.39	0	0:00:15.166243
464	3	9	0.933	0	0:00:15.158710
465	4	9	0.82	0	0:00:15.168283
466	4	9	0.103	0	0:00:15.165615
467	3	9	1.67	0	0:00:15.167424
468	7	9	0.255	0	0:00:15.166245
469	8	9	1.65	0	0:00:15.166165
470	3	9	1.44	0	0:00:15.166445
471	7	9	0.368	0	0:00:15.167070
472	8	9	2.74	0	0:00:15.164890
473	0	9	0.784	0	0:00:15.168361
474	5	7	0.218	0	0:00:15.167323
475	7	7	0.564	1	0:00:15.169364
476	6	9	0.568	0	0:00:15.164969
477	0	9	2.17	0	0:00:15.169213
478	5	9	0.683	0	0:00:15.169301
479	4	9	0.758	0	0:00:15.166505
480	8	9	2.26	0	0:00:15.166313
481	6	9	2.11	0	0:00:15.168689
482	8	9	1.59	0	0:00:15.164211
483	5	9	1.03	0	0:00:15.167156
484	5	9	0.921	0	0:00:15.165882
485	9	9	1.65	1	0:00:15.166102
486	9	9	0.884	1	0:00:15.165437
487	9	9	1.48	1	0:00:15.164248
488	5	9	1.59	0	0:00:15.167593
489	0	9	1.46	0	0:00:15.166037
490	1	9	2.03	0	0:00:15.166323
491	0	7	0.531	0	0:00:15.166536
492	8	9	1.13	0	0:00:15.166734
493	1	9	1.95	0	0:00:15.166516
494	1	9	2.63	0	0:00:15.163636
495	8	9	1.43	0	0:00:15.165233
496	0	9	1.5	0	0:00:15.164864
497	2	9	1.42	0	0:00:15.163304
498	2	9	0.609	0	0:00:15.167899
499	0	9	1.22	0	0:00:15.168268
500	4	9	2.1	0	0:00:15.166977
501	6	9	0.858	0	0:00:15.165183
502	5	9	1.26	0	0:00:15.162812
503	4	9	1.65	0	0:00:15.166754
504	9	9	1.55	1	0:00:15.167506
505	4	9	1.35	0	0:00:15.166893
506	7	9	0.567	0	0:00:15.164505
507	9	9	1.03	1	0:00:15.166696
508	9	9	1.69	1	0:00:15.165054
509	4	9	0.543	0	0:00:15.165185
510	5	9	1.74	0	0:00:15.163502
511	6	9	1.07	0	0:00:15.164667
512	6	9	1.52	0	0:00:15.164911
513	1	9	1.53	0	0:00:15.160692
514	5	9	0.0296	0	0:00:15.168291
515	3	9	1.49	0	0:00:15.162507
516	8	9	2.43	0	0:00:15.165314
517	9	9	2.54	1	0:00:15.165585
518	5	9	0.723	0	0:00:15.165810
519	8	9	0.869	0	0:00:15.163928
520	5	9	1.89	0	0:00:15.164654
521	7	7	0.671	1	0:00:15.166475
522	0	9	1.37	0	0:00:15.166040
523	7	9	0.0707	0	0:00:15.164889
524	0	9	1.75	0	0:00:15.164184
525	5	9	2.36	0	0:00:15.162010
526	0	9	1.58	0	0:00:15.163682
527	0	9	1.54	0	0:00:15.164359
528	4	9	2.01	0	0:00:15.164085
529	6	9	1.39	0	0:00:15.161670
530	9	9	2.31	1	0:00:15.161367
531	0	9	2.13	0	0:00:15.166006
532	9	9	0.989	1	0:00:15.162787
533	5	9	2.54	0	0:00:15.162623
534	6	9	1.26	0	0:00:15.164052
535	6	9	1.02	0	0:00:15.163906
536	6	9	2.0	0	0:00:15.162905
537	2	9	1.51	0	0:00:15.163807
538	9	9	1.51	1	0:00:15.164289
539	0	9	1.36	0	0:00:15.162683
540	1	9	2.38	0	0:00:15.162484
541	7	9	1.24	0	0:00:15.163073
542	6	9	0.661	0	0:00:15.164657
543	7	9	0.163	0	0:00:15.163581
544	5	9	1.67	0	0:00:15.164293
545	9	9	1.09	1	0:00:15.163002
546	1	9	2.41	0	0:00:15.164235
547	6	9	1.14	0	0:00:15.163413
548	2	9	1.35	0	0:00:15.163061
549	5	9	1.43	0	0:00:15.162485
550	5	9	0.6	0	0:00:15.162600
551	5	9	0.755	0	0:00:15.164045
552	8	9	0.341	0	0:00:15.164464
553	5	9	0.317	0	0:00:15.164490
554	9	9	1.87	1	0:00:15.164668
555	4	9	1.65	0	0:00:15.165472
556	6	9	0.986	0	0:00:15.164734
557	4	9	0.467	0	0:00:15.165950
558	3	9	0.901	0	0:00:15.163560
559	2	9	1.1	0	0:00:15.163290
560	0	9	1.23	0	0:00:15.165362
561	7	7	0.133	1	0:00:15.166633
562	6	9	0.381	0	0:00:15.165304
563	2	9	1.73	0	0:00:15.164007
564	2	9	1.49	0	0:00:15.164295
565	3	9	2.6	0	0:00:15.161445
566	9	9	1.4	1	0:00:15.163004
567	7	9	1.51	0	0:00:15.165863
568	9	9	2.74	1	0:00:15.164284
569	2	9	1.09	0	0:00:15.169915
570	6	9	0.636	0	0:00:15.174423
571	7	7	0.689	1	0:00:15.166875
572	1	9	2.74	0	0:00:15.165441
573	3	9	1.67	0	0:00:15.169358
574	6	-1	0.0	0	0:00:15.173432
575	6	9	1.51	0	0:00:15.169482
576	8	9	2.32	0	0:00:15.173314
577	9	9	0.355	1	0:00:15.172209
578	7	9	0.644	0	0:00:15.175190
579	5	9	2.4	0	0:00:15.173128
580	4	9	2.28	0	0:00:15.173429
581	0	9	0.507	0	0:00:15.174097
582	8	9	1.35	0	0:00:15.171711
583	4	9	1.81	0	0:00:15.166926
584	0	9	1.65	0	0:00:15.170438
585	9	9	1.28	1	0:00:15.168638
586	3	9	0.722	0	0:00:15.169767
587	4	9	1.31	0	0:00:15.168994
588	8	9	2.63	0	0:00:15.169792
589	9	9	2.56	1	0:00:15.168148
590	6	9	0.723	0	0:00:15.165649
591	9	9	2.52	1	0:00:15.166445
592	2	9	1.46	0	0:00:15.168532
593	6	9	1.43	0	0:00:15.167515
594	1	9	0.363	0	0:00:15.165448
595	4	9	1.67	0	0:00:15.161249
596	7	9	0.998	0	0:00:15.163905
597	3	9	1.51	0	0:00:15.162523
598	5	9	1.12	0	0:00:15.163689
599	3	9	0.788	0	0:00:15.164044
600	8	9	1.83	0	0:00:15.162009
601	5	9	1.91	0	0:00:15.167003
602	0	9	0.448	0	0:00:15.164760
603	2	9	1.65	0	0:00:15.165758
604	1	9	1.35	0	0:00:15.166054
605	6	9	2.22	0	0:00:15.165937
606	4	9	2.26	0	0:00:15.166808
607	3	9	0.721	0	0:00:15.166255
608	3	9	1.16	0	0:00:15.167450
609	9	9	0.76	1	0:00:15.168582
610	6	9	1.26	0	0:00:15.166793
611	9	9	1.97	1	0:00:15.167501
612	8	9	2.67	0	0:00:15.169046
613	8	9	2.46	0	0:00:15.165217
614	5	9	0.872	0	0:00:15.166481
615	8	9	1.37	0	0:00:15.166562
616	6	-1	0.0	0	0:00:15.164912
617	6	9	1.62	0	0:00:15.166950
618	2	9	1.42	0	0:00:15.166359
619	1	9	2.74	0	0:00:15.168110
620	7	9	0.56	0	0:00:15.166230
621	7	9	1.9	0	0:00:15.166514
622	1	9	1.73	0	0:00:15.166197
623	2	9	0.261	0	0:00:15.164423
624	7	7	0.581	1	0:00:15.165670
625	9	9	1.81	1	0:00:15.165122
626	9	9	0.561	1	0:00:15.167145
627	4	9	0.437	0	0:00:15.166432
628	4	9	0.234	0	0:00:15.166272
629	1	9	0.709	0	0:00:15.166039
630	2	9	1.62	0	0:00:15.164732
631	5	9	0.588	0	0:00:15.165265
632	6	9	0.981	0	0:00:15.162385
633	8	9	2.43	0	0:00:15.166768
634	7	7	0.136	1	0:00:15.165456
635	6	9	0.539	0	0:00:15.168177
636	8	9	1.02	0	0:00:15.165956
637	3	9	0.455	0	0:00:15.165052
638	0	9	1.88	0	0:00:15.167854
639	5	9	0.942	0	0:00:15.168240
640	5	9	1.04	0	0:00:15.165613
641	3	9	1.3	0	0:00:15.166003
642	0	9	2.32	0	0:00:15.166195
643	7	7	0.808	1	0:00:15.165804
644	9	9	1.27	1	0:00:15.166749
645	1	9	1.91	0	0:00:15.169037
646	3	9	1.71	0	0:00:15.168055
647	4	9	0.965	0	0:00:15.165183
648	4	9	0.967	0	0:00:15.165310
649	5	-1	0.0	0	0:00:15.164733
650	3	9	1.21	0	0:00:15.166393
651	9	9	1.97	1	0:00:15.167099
652	5	9	0.295	0	0:00:15.166777
653	6	9	1.18	0	0:00:15.167378
654	9	9	1.24	1	0:00:15.166115
655	2	9	1.65	0	0:00:15.168055
656	1	9	2.63	0	0:00:15.167235
657	1	9	1.44	0	0:00:15.164327
658	4	9	1.37	0	0:00:15.166989
659	1	9	1.82	0	0:00:15.168027
660	9	9	1.91	1	0:00:15.166871
661	4	9	0.496	0	0:00:15.166826
662	7	7	0.991	1	0:00:15.164875
663	6	9	1.67	0	0:00:15.166552
664	3	9	1.15	0	0:00:15.165859
665	8	9	2.36	0	0:00:15.164255
666	9	9	1.8	1	0:00:15.166993
667	0	9	1.56	0	0:00:15.158543
668	1	9	1.68	0	0:00:15.151426
669	3	9	0.0825	0	0:00:15.151937
670	6	9	1.04	0	0:00:15.164756
671	3	9	1.75	0	0:00:15.163065
672	6	9	1.21	0	0:00:15.163163
673	3	9	1.24	0	0:00:15.165616
674	2	9	0.88	0	0:00:15.162298
675	0	9	0.346	0	0:00:15.163682
676	3	9	0.933	0	0:00:15.167289
677	1	9	1.6	0	0:00:15.168708
678	0	0	0.277	1	0:00:15.169555
679	5	9	0.955	0	0:00:15.168058
680	9	9	1.37	1	0:00:15.170390
681	6	9	1.44	0	0:00:15.167095
682	4	9	0.76	0	0:00:15.171892
683	8	9	2.24	0	0:00:15.169256
684	9	9	2.2	1	0:00:15.166139
685	6	9	0.821	0	0:00:15.166797
686	9	9	1.35	1	0:00:15.167259
687	6	9	1.73	0	0:00:15.164381
688	3	9	0.948	0	0:00:15.166402
689	0	9	1.31	0	0:00:15.170469
690	3	9	1.28	0	0:00:15.168402
691	2	9	0.462	0	0:00:15.165649
692	2	7	0.276	0	0:00:15.165262
693	7	9	0.632	0	0:00:15.165884
694	8	9	1.95	0	0:00:15.165545
695	3	9	0.379	0	0:00:15.166921
696	8	9	2.23	0	0:00:15.165499
697	2	9	1.07	0	0:00:15.163204
698	7	9	1.19	0	0:00:15.164482
699	5	9	1.18	0	0:00:15.166924
700	7	9	1.32	0	0:00:15.164300
701	2	9	1.08	0	0:00:15.166166
702	4	9	1.23	0	0:00:15.167056
703	8	9	0.904	0	0:00:15.166214
704	7	9	0.837	0	0:00:15.165453
705	4	9	1.88	0	0:00:15.164121
706	2	9	0.468	0	0:00:15.163628
707	9	9	1.34	1	0:00:15.165632
708	8	9	2.38	0	0:00:15.165765
709	8	9	1.68	0	0:00:15.167349
710	6	9	0.677	0	0:00:15.165173
711	8	9	2.52	0	0:00:15.166635
712	8	9	1.13	0	0:00:15.167438
713	7	9	0.632	0	0:00:15.168086
714	4	9	1.78	0	0:00:15.165204
715	3	9	1.11	0	0:00:15.160162
716	3	9	1.06	0	0:00:15.170308
717	8	9	1.76	0	0:00:15.167572
718	4	7	0.236	0	0:00:15.163431
719	9	9	2.44	1	0:00:15.166989
720	4	9	1.13	0	0:00:15.163026
721	8	9	2.18	0	0:00:15.165176
722	8	9	2.6	0	0:00:15.167454
723	1	9	1.92	0	0:00:15.165835
724	8	9	0.86	0	0:00:15.166663
725	2	9	2.15	0	0:00:15.168256
726	1	9	2.44	0	0:00:15.167664
727	3	9	1.12	0	0:00:15.167709
728	6	9	1.08	0	0:00:15.165984
729	5	9	0.299	0	0:00:15.169128
730	4	9	0.633	0	0:00:15.166125
731	2	9	0.379	0	0:00:15.164374
732	7	9	0.166	0	0:00:15.165640
733	9	9	2.46	1	0:00:15.165723
734	9	9	2.26	1	0:00:15.166417
735	4	9	1.87	0	0:00:15.167081
736	1	9	1.92	0	0:00:15.168623
737	4	9	0.659	0	0:00:15.166562
738	1	9	2.48	0	0:00:15.169238
739	3	7	0.785	0	0:00:15.169248
740	2	9	0.543	0	0:00:15.166707
741	7	7	0.22	1	0:00:15.166391
742	0	9	1.73	0	0:00:15.166923
743	7	9	0.4	0	0:00:15.166446
744	9	9	2.09	1	0:00:15.166310
745	7	9	1.22	0	0:00:15.166822
746	6	9	1.2	0	0:00:15.163788
747	6	9	0.731	0	0:00:15.164070
748	2	9	0.408	0	0:00:15.162580
749	5	9	0.617	0	0:00:15.164639
750	9	9	1.4	1	0:00:15.166452
751	2	9	1.96	0	0:00:15.166745
752	9	9	1.28	1	0:00:15.165984
753	1	9	1.92	0	0:00:15.165235
754	2	9	1.02	0	0:00:15.166586
755	2	9	1.05	0	0:00:15.165106
756	6	9	1.48	0	0:00:15.166413
757	8	9	2.31	0	0:00:15.165973
758	2	9	2.14	0	0:00:15.166979
759	1	9	1.32	0	0:00:15.165303
760	3	9	0.986	0	0:00:15.163538
761	6	9	1.29	0	0:00:15.165805
762	6	9	0.375	0	0:00:15.166848
763	0	7	0.602	0	0:00:15.168141
764	1	9	2.6	0	0:00:15.168602
765	2	9	1.23	0	0:00:15.165271
766	7	9	1.32	0	0:00:15.167403
767	0	9	2.07	0	0:00:15.164475
768	5	9	0.732	0	0:00:15.168350
769	4	9	1.54	0	0:00:15.164246
770	6	9	1.65	0	0:00:15.167256
771	1	9	2.04	0	0:00:15.166377
772	6	9	1.18	0	0:00:15.166774
773	4	9	0.764	0	0:00:15.166029
774	0	9	0.793	0	0:00:15.165612
775	2	7	0.666	0	0:00:15.166017
776	2	9	1.27	0	0:00:15.165691
777	6	9	2.01	0	0:00:15.164735
778	0	9	1.63	0	0:00:15.165459
779	5	9	0.355	0	0:00:15.167452
780	9	9	0.866	1	0:00:15.168267
781	1	9	2.08	0	0:00:15.165603
782	7	9	0.32	0	0:00:15.166273
783	6	9	1.01	0	0:00:15.166872
784	7	9	1.59	0	0:00:15.169406
785	0	9	1.88	0	0:00:15.167810
786	3	9	1.21	0	0:00:15.165164
787	9	9	1.14	1	0:00:15.165926
788	6	9	1.46	0	0:00:15.168104
789	8	9	2.67	0	0:00:15.166393
790	3	0	1.17	0	0:00:15.166054
791	0	9	0.0313	0	0:00:15.169680
792	3	7	0.0662	0	0:00:15.170869
793	4	9	1.42	0	0:00:15.169464
794	7	9	0.748	0	0:00:15.169983
795	7	-1	0.0	0	0:00:15.171370
796	1	9	1.48	0	0:00:15.184788
797	4	9	0.999	0	0:00:15.179438
798	7	9	0.777	0	0:00:15.167101
799	2	9	1.16	0	0:00:15.163720
800	7	9	0.639	0	0:00:15.159323
801	1	9	2.08	0	0:00:15.157992
802	4	9	2.54	0	0:00:15.159334
803	7	7	0.0358	1	0:00:15.158292
804	4	9	1.0	0	0:00:15.162572
805	4	9	1.28	0	0:00:15.165473
806	8	9	2.18	0	0:00:15.167336
807	4	9	1.78	0	0:00:15.166389
808	7	9	1.53	0	0:00:15.165647
809	7	9	1.29	0	0:00:15.166860
810	5	9	0.218	0	0:00:15.165516
811	3	9	0.0191	0	0:00:15.163985
812	7	9	0.453	0	0:00:15.127132
813	2	9	0.865	0	0:00:15.165344
814	0	9	2.67	0	0:00:15.163850
815	8	9	2.74	0	0:00:15.165519
816	9	9	1.72	1	0:00:15.166078
817	5	9	0.118	0	0:00:15.162864
818	8	9	0.596	0	0:00:15.164114
819	3	9	1.7	0	0:00:15.164550
820	6	9	0.508	0	0:00:15.164541
821	2	9	0.972	0	0:00:15.163559
822	0	9	1.26	0	0:00:15.166057
823	8	9	2.74	0	0:00:15.165783
824	7	9	0.538	0	0:00:15.162842
825	3	9	1.23	0	0:00:15.166744
826	7	9	1.31	0	0:00:15.164331
827	6	9	2.32	0	0:00:15.165295
828	5	7	0.861	0	0:00:15.162421
829	3	9	1.05	0	0:00:15.163612
830	1	9	2.28	0	0:00:15.165307
831	3	9	2.16	0	0:00:15.164650
832	2	9	0.615	0	0:00:15.164849
833	2	9	0.402	0	0:00:15.162166
834	5	9	0.98	0	0:00:15.164612
835	4	9	0.985	0	0:00:15.166883
836	1	9	2.63	0	0:00:15.166086
837	2	9	0.75	0	0:00:15.165401
838	9	9	0.426	1	0:00:15.164324
839	2	9	0.932	0	0:00:15.165534
840	7	7	0.648	1	0:00:15.166560
841	0	9	1.2	0	0:00:15.164778
842	7	7	0.505	1	0:00:15.165509
843	2	9	1.24	0	0:00:15.165752
844	1	9	2.04	0	0:00:15.165799
845	3	9	0.646	0	0:00:15.160801
846	2	9	0.864	0	0:00:15.166301
847	0	9	0.938	0	0:00:15.167260
848	2	9	1.29	0	0:00:15.165159
849	4	9	1.14	0	0:00:15.163914
850	7	9	2.15	0	0:00:15.164545
851	9	9	1.65	1	0:00:15.164619
852	8	9	2.23	0	0:00:15.166404
853	9	9	2.49	1	0:00:15.163516
854	0	9	1.71	0	0:00:15.165295
855	7	9	0.558	0	0:00:15.165693
856	7	9	0.627	0	0:00:15.165319
857	0	9	1.3	0	0:00:15.165774
858	7	7	0.593	1	0:00:15.167006
859	8	9	1.75	0	0:00:15.166800
860	4	9	0.24	0	0:00:15.164424
861	6	9	1.18	0	0:00:15.167279
862	3	9	0.993	0	0:00:15.159788
863	3	9	0.561	0	0:00:15.169166
864	0	9	1.57	0	0:00:15.166337
865	1	9	2.31	0	0:00:15.164315
866	3	9	0.609	0	0:00:15.164958
867	7	9	0.352	0	0:00:15.164846
868	0	9	1.56	0	0:00:15.166476
869	1	9	2.42	0	0:00:15.166957
870	3	9	1.03	0	0:00:15.166507
871	1	9	2.21	0	0:00:15.165979
872	4	7	0.0837	0	0:00:15.166222
873	2	9	1.54	0	0:00:15.167252
874	3	9	1.49	0	0:00:15.165153
875	8	9	2.67	0	0:00:15.166039
876	4	9	1.05	0	0:00:15.163726
877	2	9	0.874	0	0:00:15.159264
878	3	9	2.11	0	0:00:15.165899
879	7	7	0.0756	1	0:00:15.164668
880	8	9	2.03	0	0:00:15.166070
881	4	9	1.09	0	0:00:15.164959
882	3	9	1.29	0	0:00:15.164937
883	0	9	0.165	0	0:00:15.165488
884	9	9	1.81	1	0:00:15.164384
885	0	9	0.608	0	0:00:15.164183
886	0	9	2.5	0	0:00:15.166034
887	1	9	1.94	0	0:00:15.164167
888	0	9	2.56	0	0:00:15.166953
889	4	9	1.14	0	0:00:15.167383
890	4	9	0.917	0	0:00:15.166425
891	6	9	0.934	0	0:00:15.165318
892	7	7	1.55	1	0:00:15.167522
893	6	9	1.11	0	0:00:15.164745
894	1	9	2.23	0	0:00:15.166288
895	1	9	1.37	0	0:00:15.165855
896	3	9	0.667	0	0:00:15.166695
897	7	9	0.225	0	0:00:15.166321
898	3	9	0.649	0	0:00:15.165150
899	5	9	0.929	0	0:00:15.163863
900	2	9	1.04	0	0:00:15.167623
901	6	9	0.857	0	0:00:15.166494
902	6	9	1.55	0	0:00:15.165854
903	5	9	1.67	0	0:00:15.164957
904	8	9	2.11	0	0:00:15.167631
905	7	9	1.63	0	0:00:15.166970
906	1	9	2.63	0	0:00:15.167859
907	6	9	0.862	0	0:00:15.164772
908	8	9	1.84	0	0:00:15.160935
909	8	9	1.46	0	0:00:15.159615
910	5	9	0.899	0	0:00:15.166511
911	3	9	0.978	0	0:00:15.166745
912	0	7	0.0813	0	0:00:15.165743
913	4	9	1.52	0	0:00:15.166250
914	0	9	0.588	0	0:00:15.166641
915	1	9	1.46	0	0:00:15.165872
916	3	9	2.35	0	0:00:15.164509
917	8	9	2.74	0	0:00:15.163909
918	8	9	2.04	0	0:00:15.165942
919	0	9	1.34	0	0:00:15.165958
920	6	9	1.52	0	0:00:15.165223
921	9	9	1.34	1	0:00:15.166335
922	9	9	0.713	1	0:00:15.166008
923	9	9	0.65	1	0:00:15.164925
924	5	9	1.56	0	0:00:15.164387
925	5	9	0.261	0	0:00:15.165847
926	8	9	2.42	0	0:00:15.159472
927	6	9	0.44	0	0:00:15.168566
928	0	9	0.804	0	0:00:15.164926
929	0	9	2.17	0	0:00:15.167418
930	4	9	0.957	0	0:00:15.167361
931	2	9	0.679	0	0:00:15.167547
932	3	9	1.31	0	0:00:15.165417
933	2	9	1.01	0	0:00:15.166251
934	7	7	1.31	1	0:00:15.165420
935	2	9	1.23	0	0:00:15.166271
936	2	9	1.05	0	0:00:15.165644
937	5	9	1.39	0	0:00:15.168705
938	9	9	1.14	1	0:00:15.165227
939	8	9	1.72	0	0:00:15.167020
940	9	9	1.23	1	0:00:15.165067
941	1	9	0.777	0	0:00:15.161773
942	7	9	0.508	0	0:00:15.167420
943	4	9	0.402	0	0:00:15.163843
944	0	9	2.29	0	0:00:15.167433
945	3	9	2.07	0	0:00:15.166142
946	0	9	0.648	0	0:00:15.165988
947	1	9	1.97	0	0:00:15.164841
948	3	9	0.992	0	0:00:15.165009
949	8	9	1.61	0	0:00:15.163212
950	3	9	1.26	0	0:00:15.164526
951	9	9	2.0	1	0:00:15.164438
952	6	9	1.32	0	0:00:15.166436
953	1	9	2.19	0	0:00:15.166887
954	4	9	0.846	0	0:00:15.165674
955	7	9	0.1	0	0:00:15.163297
956	0	9	2.13	0	0:00:15.164341
957	3	9	1.1	0	0:00:15.161315
958	7	9	0.773	0	0:00:15.165447
959	8	9	2.74	0	0:00:15.165128
960	9	9	0.382	1	0:00:15.167959
961	1	9	1.61	0	0:00:15.166002
962	1	9	1.67	0	0:00:15.166626
963	6	9	1.01	0	0:00:15.165749
964	6	9	1.64	0	0:00:15.164416
965	6	9	0.51	0	0:00:15.164616
966	6	9	0.484	0	0:00:15.163693
967	9	9	0.564	1	0:00:15.164921
968	1	9	1.19	0	0:00:15.164843
969	9	9	0.919	1	0:00:15.163099
970	9	9	1.41	1	0:00:15.166008
971	4	9	1.25	0	0:00:15.164910
972	2	7	0.0785	0	0:00:15.164284
973	1	9	2.1	0	0:00:15.164576
974	7	9	0.485	0	0:00:15.162388
975	0	9	2.26	0	0:00:15.163651
976	6	9	2.38	0	0:00:15.166030
977	8	9	2.45	0	0:00:15.165685
978	1	9	2.06	0	0:00:15.163029
979	9	9	2.0	1	0:00:15.165936
980	2	9	1.73	0	0:00:15.163582
981	9	9	2.74	1	0:00:15.163169
982	0	9	1.44	0	0:00:15.163429
983	4	9	1.82	0	0:00:15.162558
984	7	7	0.82	1	0:00:15.163530
985	8	9	2.45	0	0:00:15.164053
986	3	9	1.1	0	0:00:15.163232
987	1	9	2.06	0	0:00:15.165035
988	2	9	0.365	0	0:00:15.164370
989	0	9	0.549	0	0:00:15.165058
990	1	9	1.5	0	0:00:15.162988
991	5	9	0.821	0	0:00:15.165906
992	8	9	2.74	0	0:00:15.159317
993	4	7	0.593	0	0:00:15.166959
994	6	9	2.27	0	0:00:15.167078
995	3	9	0.302	0	0:00:15.164922
996	8	9	1.65	0	0:00:15.164865
997	1	9	1.99	0	0:00:15.165725
998	3	9	1.38	0	0:00:15.165652
999	8	9	2.63	0	0:00:15.165279
1000	5	9	2.06	0	0:00:15.162842
1001	0	9	1.62	0	0:00:15.164678
1002	8	9	1.81	0	0:00:15.168013
1003	4	9	1.08	0	0:00:15.165683
1004	8	9	1.48	0	0:00:15.165740
1005	1	9	2.19	0	0:00:15.164771
1006	1	9	2.42	0	0:00:15.166140
1007	8	9	2.14	0	0:00:15.165151
1008	9	9	0.474	1	0:00:15.163981
1009	6	7	0.0196	0	0:00:15.162170
1010	0	9	1.56	0	0:00:15.162208
1011	8	9	1.81	0	0:00:15.166979
1012	6	9	0.54	0	0:00:15.165862
1013	1	9	1.93	0	0:00:15.165433
1014	3	9	0.55	0	0:00:15.166164
1015	4	9	1.71	0	0:00:15.166175
1016	1	9	1.8	0	0:00:15.166567
1017	6	9	1.37	0	0:00:15.163479
1018	0	9	2.18	0	0:00:15.165602
1019	5	9	2.49	0	0:00:15.166805
1020	1	9	2.09	0	0:00:15.166058
1021	1	9	1.22	0	0:00:15.165607
1022	0	9	0.929	0	0:00:15.166492
1023	0	9	1.63	0	0:00:15.165018
1024	3	7	0.0154	0	0:00:15.164434
1025	5	9	0.688	0	0:00:15.160776
1026	0	9	1.7	0	0:00:15.166129
1027	0	9	0.43	0	0:00:15.164799
1028	6	9	0.809	0	0:00:15.165890
1029	6	9	2.17	0	0:00:15.163923
1030	3	9	1.47	0	0:00:15.167135
1031	3	9	0.458	0	0:00:15.165891
1032	6	9	0.879	0	0:00:15.166282
1033	3	9	1.29	0	0:00:15.166739
1034	6	9	0.704	0	0:00:15.165463
1035	6	9	1.59	0	0:00:15.164803
1036	0	9	1.66	0	0:00:15.165607
1037	7	9	0.552	0	0:00:15.162796
1038	2	9	1.24	0	0:00:15.164323
1039	2	9	0.856	0	0:00:15.164146
1040	7	9	0.896	0	0:00:15.165204
1041	5	9	0.965	0	0:00:15.165632
1042	5	7	0.0223	0	0:00:15.164749
1043	2	9	1.31	0	0:00:15.162291
1044	8	9	2.58	0	0:00:15.167432
1045	5	9	1.27	0	0:00:15.163844
1046	2	9	1.14	0	0:00:15.164653
1047	1	9	1.79	0	0:00:15.167565
1048	1	9	1.42	0	0:00:15.165349
1049	4	9	0.769	0	0:00:15.165249
1050	3	7	1.19	0	0:00:15.165500
1051	2	9	1.16	0	0:00:15.164722
1052	0	9	1.9	0	0:00:15.165203
1053	3	9	2.41	0	0:00:15.167149
1054	1	9	0.0318	0	0:00:15.164740
1055	5	9	0.893	0	0:00:15.165544
1056	3	9	0.418	0	0:00:15.168208
1057	7	9	2.48	0	0:00:15.163008
1058	6	9	0.586	0	0:00:15.165473
1059	8	9	1.84	0	0:00:15.162268
1060	9	9	1.74	1	0:00:15.166198
1061	1	9	1.54	0	0:00:15.166474
1062	6	9	1.97	0	0:00:15.163627
1063	4	9	0.841	0	0:00:15.165337
1064	9	9	1.31	1	0:00:15.165847
1065	3	9	2.46	0	0:00:15.164736
1066	9	9	2.26	1	0:00:15.164953
1067	0	7	0.133	0	0:00:15.164494
1068	9	9	1.7	1	0:00:15.166370
1069	6	9	1.74	0	0:00:15.165843
1070	3	9	0.0772	0	0:00:15.164996
1071	6	9	1.29	0	0:00:15.163156
1072	0	9	2.33	0	0:00:15.165948
1073	7	9	0.159	0	0:00:15.165515
1074	3	9	1.18	0	0:00:15.164066
1075	8	9	2.74	0	0:00:15.166889
1076	0	9	1.66	0	0:00:15.166444
1077	0	9	0.678	0	0:00:15.159983
1078	0	9	0.217	0	0:00:15.167334
1079	6	0	0.24	0	0:00:15.166622
1080	6	9	0.508	0	0:00:15.164814
1081	6	9	1.99	0	0:00:15.166789
1082	9	9	1.86	1	0:00:15.167246
1083	2	9	1.37	0	0:00:15.165875
1084	5	9	1.69	0	0:00:15.163637
1085	4	9	0.612	0	0:00:15.163956
1086	4	9	0.714	0	0:00:15.164566
1087	6	9	0.675	0	0:00:15.165571
1088	3	9	0.383	0	0:00:15.164625
1089	6	9	0.992	0	0:00:15.164573
1090	0	9	2.06	0	0:00:15.164584
1091	8	9	2.67	0	0:00:15.164554
1092	6	9	1.01	0	0:00:15.165628
1093	0	9	1.48	0	0:00:15.162430
1094	6	9	2.35	0	0:00:15.165851
1095	2	9	1.96	0	0:00:15.164405
1096	7	9	0.412	0	0:00:15.165471
1097	5	9	0.646	0	0:00:15.166525
1098	1	9	1.44	0	0:00:15.166770
1099	2	9	1.44	0	0:00:15.164641
1100	7	9	2.49	0	0:00:15.165035
1101	8	9	0.776	0	0:00:15.165330
1102	8	9	1.82	0	0:00:15.165657
1103	0	9	0.823	0	0:00:15.164306
1104	9	9	1.77	1	0:00:15.165285
1105	4	9	1.4	0	0:00:15.162493
1106	9	9	1.6	1	0:00:15.163224
1107	7	7	0.055	1	0:00:15.165921
1108	2	9	0.891	0	0:00:15.167102
1109	0	9	1.51	0	0:00:15.167354
1110	2	9	0.517	0	0:00:15.162330
1111	8	9	2.67	0	0:00:15.167016
1112	3	9	0.25	0	0:00:15.167135
1113	8	9	0.789	0	0:00:15.163749
1114	9	9	1.86	1	0:00:15.165559
1115	1	9	1.24	0	0:00:15.167239
1116	5	9	0.815	0	0:00:15.166808
1117	5	9	2.08	0	0:00:15.166672
1118	4	9	0.388	0	0:00:15.164078
1119	7	-1	0.0	0	0:00:15.165843
1120	5	9	1.06	0	0:00:15.165203
1121	3	9	1.56	0	0:00:15.168219
1122	8	9	2.74	0	0:00:15.163113
1123	3	9	1.74	0	0:00:15.163654
1124	3	9	0.72	0	0:00:15.164193
1125	6	9	1.23	0	0:00:15.165574
1126	2	9	2.1	0	0:00:15.167024
1127	8	9	1.87	0	0:00:15.161649
1128	4	9	0.56	0	0:00:15.165505
1129	3	9	0.651	0	0:00:15.164759
1130	7	9	0.547	0	0:00:15.162855
1131	1	9	2.44	0	0:00:15.166553
1132	2	9	1.67	0	0:00:15.168386
1133	4	9	0.938	0	0:00:15.169383
1134	1	9	2.22	0	0:00:15.167528
1135	6	9	0.489	0	0:00:15.169160
1136	9	9	2.18	1	0:00:15.163918
1137	0	9	1.74	0	0:00:15.172848
1138	5	9	1.14	0	0:00:15.176023
1139	8	9	2.09	0	0:00:15.171273
1140	6	9	1.22	0	0:00:15.168042
1141	1	9	2.56	0	0:00:15.172253
1142	8	9	2.6	0	0:00:15.172029
1143	6	9	1.53	0	0:00:15.164822
1144	1	9	1.64	0	0:00:15.167404
1145	4	9	0.947	0	0:00:15.165493
1146	2	9	0.478	0	0:00:15.167351
1147	6	9	2.54	0	0:00:15.166868
1148	2	9	1.08	0	0:00:15.164682
1149	7	9	1.93	0	0:00:15.166997
1150	2	9	1.16	0	0:00:15.164917
1151	2	9	1.27	0	0:00:15.164104
1152	0	9	2.09	0	0:00:15.167133
1153	8	9	0.684	0	0:00:15.165417
1154	6	9	1.93	0	0:00:15.157339
1155	9	9	0.351	1	0:00:15.157480
1156	1	9	1.41	0	0:00:15.156403
1157	7	9	0.751	0	0:00:15.159797
1158	1	9	1.85	0	0:00:15.192690
1159	8	9	2.13	0	0:00:15.164449
1160	8	9	2.42	0	0:00:15.166753
1161	0	9	1.36	0	0:00:15.165020
1162	7	9	0.721	0	0:00:15.165992
1163	3	7	0.28	0	0:00:15.163701
1164	8	9	2.28	0	0:00:15.163358
1165	0	9	2.0	0	0:00:15.166281
1166	3	9	1.5	0	0:00:15.164752
1167	4	9	1.01	0	0:00:15.166343
1168	3	7	0.344	0	0:00:15.165386
1169	7	9	0.401	0	0:00:15.164975
1170	7	9	1.12	0	0:00:15.165889
1171	9	9	1.63	1	0:00:15.165032
1172	2	9	1.27	0	0:00:15.166591
1173	3	9	0.719	0	0:00:15.166814
1174	1	9	2.2	0	0:00:15.163215
1175	9	9	2.74	1	0:00:15.164387
1176	1	9	2.18	0	0:00:15.159225
1177	9	9	1.29	1	0:00:15.165973
1178	6	9	1.42	0	0:00:15.164169
1179	3	9	1.02	0	0:00:15.161971
1180	3	9	0.944	0	0:00:15.160206
1181	3	7	0.000205	0	0:00:15.160743
1182	1	9	1.86	0	0:00:15.160655
1183	0	9	1.01	0	0:00:15.157899
1184	6	9	0.737	0	0:00:15.164715
1185	1	9	2.56	0	0:00:15.165555
1186	4	9	0.941	0	0:00:15.164335
1187	1	9	1.67	0	0:00:15.161866
1188	0	9	1.88	0	0:00:15.161053
1189	0	9	1.79	0	0:00:15.167224
1190	1	9	2.19	0	0:00:15.166677
1191	1	9	2.17	0	0:00:15.167022
1192	6	9	1.3	0	0:00:15.162140
1193	5	9	0.927	0	0:00:15.164555
1194	4	9	2.03	0	0:00:15.162117
1195	6	9	1.12	0	0:00:15.164236
1196	2	9	1.27	0	0:00:15.163644
1197	0	9	0.0734	0	0:00:15.161700
1198	7	7	1.69	1	0:00:15.162425
1199	9	9	2.09	1	0:00:15.163331
1200	8	9	2.49	0	0:00:15.163107
1201	7	9	0.672	0	0:00:15.161449
1202	2	9	1.4	0	0:00:15.163666
1203	0	9	2.04	0	0:00:15.162627
1204	6	9	1.63	0	0:00:15.164258
1205	8	9	2.1	0	0:00:15.165887
1206	1	9	1.77	0	0:00:15.166140
1207	4	9	2.6	0	0:00:15.165129
1208	3	9	1.37	0	0:00:15.158664
1209	7	9	0.25	0	0:00:15.166747
1210	0	9	1.56	0	0:00:15.164448
1211	6	9	1.49	0	0:00:15.163733
1212	1	9	2.32	0	0:00:15.165037
1213	8	9	2.37	0	0:00:15.169554
1214	5	9	2.15	0	0:00:15.165321
1215	7	7	0.227	1	0:00:15.165990
1216	8	9	1.18	0	0:00:15.164701
1217	4	9	1.41	0	0:00:15.163676
1218	8	9	1.6	0	0:00:15.164817
1219	3	9	1.97	0	0:00:15.164611
1220	9	9	0.88	1	0:00:15.165947
1221	9	9	1.0	1	0:00:15.164513
1222	9	9	0.718	1	0:00:15.162904
1223	8	9	1.99	0	0:00:15.165761
1224	7	9	1.18	0	0:00:15.163376
1225	6	9	1.76	0	0:00:15.163718
1226	6	9	1.18	0	0:00:15.164781
1227	3	9	0.541	0	0:00:15.169993
1228	5	9	0.804	0	0:00:15.167850
1229	1	9	2.48	0	0:00:15.166416
1230	5	9	0.691	0	0:00:15.166016
1231	9	9	1.26	1	0:00:15.176295
1232	1	9	2.43	0	0:00:15.177032
1233	4	9	0.899	0	0:00:15.162821
1234	1	9	1.48	0	0:00:15.165672
1235	5	9	1.88	0	0:00:15.159954
1236	7	9	0.283	0	0:00:15.160292
1237	0	9	1.46	0	0:00:15.158258
1238	1	9	2.74	0	0:00:15.164508
1239	5	9	0.968	0	0:00:15.165616
1240	2	9	1.35	0	0:00:15.165283
1241	0	9	1.75	0	0:00:15.164551
1242	8	9	2.6	0	0:00:15.163172
1243	8	9	1.7	0	0:00:15.163961
1244	5	9	1.28	0	0:00:15.163929
1245	6	9	2.74	0	0:00:15.163370
1246	7	9	1.21	0	0:00:15.162353
1247	3	9	0.916	0	0:00:15.164522
1248	2	9	1.37	0	0:00:15.163823
1249	4	9	0.0325	0	0:00:15.162591
1250	7	7	0.184	1	0:00:15.164031
1251	2	9	0.402	0	0:00:15.162950
1252	5	9	1.8	0	0:00:15.160813
1253	8	9	2.36	0	0:00:15.165325
1254	2	9	1.43	0	0:00:15.164329
1255	4	9	0.695	0	0:00:15.163843
1256	9	9	2.74	1	0:00:15.164787
1257	2	9	1.29	0	0:00:15.163986
1258	1	9	1.5	0	0:00:15.158674
1259	8	9	2.13	0	0:00:15.166879
1260	1	9	1.68	0	0:00:15.163233
1261	9	9	1.58	1	0:00:15.163559
1262	8	9	1.95	0	0:00:15.161928
1263	8	9	2.02	0	0:00:15.163785
1264	8	9	2.67	0	0:00:15.166546
1265	9	9	1.62	1	0:00:15.167245
1266	0	9	2.74	0	0:00:15.164732
1267	4	9	0.575	0	0:00:15.162389
1268	3	9	0.821	0	0:00:15.165551
1269	3	7	0.0947	0	0:00:15.164454
1270	1	9	0.622	0	0:00:15.164731
1271	8	9	0.906	0	0:00:15.164335
1272	4	7	1.47	0	0:00:15.164565
1273	6	9	0.345	0	0:00:15.166044
1274	3	9	1.09	0	0:00:15.165455
1275	3	9	1.86	0	0:00:15.162673
1276	5	9	0.842	0	0:00:15.162835
1277	2	9	1.36	0	0:00:15.164688
1278	2	-1	0.0	0	0:00:15.166009
1279	8	9	1.79	0	0:00:15.166255
1280	3	9	0.465	0	0:00:15.163245
1281	8	9	2.67	0	0:00:15.166844
1282	9	9	2.74	1	0:00:15.167893
1283	5	9	1.38	0	0:00:15.165452
1284	8	9	1.92	0	0:00:15.164974
1285	9	9	1.01	1	0:00:15.166192
1286	8	9	2.41	0	0:00:15.165745
1287	9	9	0.312	1	0:00:15.166008
1288	1	9	2.54	0	0:00:15.165373
1289	6	9	1.8	0	0:00:15.164270
1290	5	9	1.71	0	0:00:15.167318
1291	9	9	2.63	1	0:00:15.167236
1292	4	9	0.692	0	0:00:15.162599
1293	4	9	1.6	0	0:00:15.167907
1294	8	9	1.8	0	0:00:15.163903
1295	0	9	1.08	0	0:00:15.165264
1296	7	9	0.458	0	0:00:15.165615
1297	2	9	0.563	0	0:00:15.165813
1298	9	9	2.63	1	0:00:15.164587
1299	7	9	1.25	0	0:00:15.164374
1300	4	9	0.576	0	0:00:15.164784
1301	1	9	1.61	0	0:00:15.164047
1302	6	9	0.807	0	0:00:15.166464
1303	4	-1	0.0	0	0:00:15.164211
1304	4	9	1.84	0	0:00:15.165606
1305	9	9	2.74	1	0:00:15.166471
1306	1	9	1.2	0	0:00:15.164273
1307	2	9	2.67	0	0:00:15.164033
1308	5	9	1.07	0	0:00:15.165166
1309	6	9	1.42	0	0:00:15.165008
1310	0	9	2.4	0	0:00:15.167433
1311	8	9	2.74	0	0:00:15.165700
1312	6	9	1.59	0	0:00:15.166491
1313	1	9	2.38	0	0:00:15.165588
1314	9	9	2.31	1	0:00:15.166713
1315	4	9	1.07	0	0:00:15.167552
1316	5	9	2.06	0	0:00:15.165482
1317	9	9	2.74	1	0:00:15.166674
1318	5	9	0.699	0	0:00:15.167204
1319	0	-1	0.0	0	0:00:15.167702
1320	7	9	1.1	0	0:00:15.167611
1321	2	9	0.921	0	0:00:15.166512
1322	0	9	2.32	0	0:00:15.164133
1323	0	9	2.38	0	0:00:15.160829
1324	4	9	1.57	0	0:00:15.165713
1325	2	9	1.37	0	0:00:15.164951
1326	6	9	1.55	0	0:00:15.165033
1327	6	9	0.771	0	0:00:15.166553
1328	5	9	1.64	0	0:00:15.164841
1329	5	7	0.0593	0	0:00:15.164913
1330	2	9	0.311	0	0:00:15.164207
1331	8	9	1.61	0	0:00:15.167162
1332	1	9	2.15	0	0:00:15.164634
1333	7	9	0.795	0	0:00:15.164561
1334	3	9	1.73	0	0:00:15.162277
1335	1	9	2.67	0	0:00:15.163427
1336	4	9	1.54	0	0:00:15.165344
1337	5	9	1.54	0	0:00:15.164127
1338	6	9	1.82	0	0:00:15.165817
1339	5	9	0.57	0	0:00:15.167369
1340	1	9	2.26	0	0:00:15.165167
1341	4	9	1.72	0	0:00:15.163232
1342	7	9	1.9	0	0:00:15.163782
1343	0	9	0.633	0	0:00:15.164896
1344	9	9	1.44	1	0:00:15.165792
1345	4	9	1.55	0	0:00:15.164617
1346	3	9	1.74	0	0:00:15.165269
1347	8	9	2.4	0	0:00:15.166171
1348	2	9	0.145	0	0:00:15.164995
1349	8	9	0.6	0	0:00:15.163997
1350	4	9	1.85	0	0:00:15.163475
1351	7	7	1.64	1	0:00:15.162708
1352	2	9	1.04	0	0:00:15.164102
1353	3	9	1.15	0	0:00:15.163668
1354	1	9	0.0421	0	0:00:15.164056
1355	5	9	0.855	0	0:00:15.165663
1356	2	9	1.0	0	0:00:15.166124
1357	9	9	2.42	1	0:00:15.161582
1358	8	9	2.74	0	0:00:15.169342
1359	9	9	1.5	1	0:00:15.166111
1360	7	9	1.45	0	0:00:15.166944
1361	9	9	0.675	1	0:00:15.164955
1362	5	9	1.54	0	0:00:15.162952
1363	1	9	2.67	0	0:00:15.164761
1364	4	9	1.79	0	0:00:15.165916
1365	0	9	0.901	0	0:00:15.164205
1366	8	9	2.74	0	0:00:15.162505
1367	2	9	1.38	0	0:00:15.163918
1368	3	-1	0.0	0	0:00:15.162756
1369	8	9	2.1	0	0:00:15.165442
1370	9	9	2.05	1	0:00:15.164353
1371	1	9	2.45	0	0:00:15.162806
1372	1	9	1.8	0	0:00:15.164636
1373	3	9	0.526	0	0:00:15.162533
1374	2	9	1.72	0	0:00:15.162712
1375	4	9	0.788	0	0:00:15.164337
1376	9	9	2.44	1	0:00:15.165954
1377	3	9	1.93	0	0:00:15.166037
1378	1	9	2.03	0	0:00:15.167316
1379	7	7	0.78	1	0:00:15.164106
1380	4	9	2.2	0	0:00:15.164221
1381	6	9	1.4	0	0:00:15.163738
1382	2	9	1.13	0	0:00:15.164584
1383	8	9	1.52	0	0:00:15.165203
1384	9	9	1.11	1	0:00:15.165950
1385	5	9	0.295	0	0:00:15.164052
1386	3	9	1.23	0	0:00:15.164329
1387	9	9	2.74	1	0:00:15.166735
1388	5	9	0.96	0	0:00:15.167815
1389	5	9	1.91	0	0:00:15.164264
1390	6	9	1.99	0	0:00:15.163040
1391	7	9	1.54	0	0:00:15.164527
1392	2	9	0.157	0	0:00:15.165389
1393	4	9	0.958	0	0:00:15.164424
1394	6	9	1.86	0	0:00:15.164982
1395	3	9	1.23	0	0:00:15.163961
1396	1	9	2.19	0	0:00:15.164504
1397	0	9	1.76	0	0:00:15.163831
1398	7	9	2.05	0	0:00:15.165356
1399	2	9	1.36	0	0:00:15.165863
1400	5	9	1.82	0	0:00:15.166995
1401	4	9	0.198	0	0:00:15.164697
1402	7	9	0.812	0	0:00:15.162663
1403	6	9	1.32	0	0:00:15.164473
1404	1	9	1.91	0	0:00:15.162987
1405	1	9	1.71	0	0:00:15.164595
1406	9	9	0.897	1	0:00:15.164974
1407	8	9	2.74	0	0:00:15.164463
1408	1	9	0.235	0	0:00:15.162173
1409	0	9	0.884	0	0:00:15.163620
1410	1	9	2.12	0	0:00:15.165880
1411	3	9	1.43	0	0:00:15.166978
1412	1	9	2.74	0	0:00:15.166152
1413	1	9	2.67	0	0:00:15.163393
1414	1	9	2.6	0	0:00:15.164660
1415	7	9	1.2	0	0:00:15.166030
1416	3	9	0.285	0	0:00:15.163066
1417	9	9	1.45	1	0:00:15.164434
1418	6	9	1.48	0	0:00:15.165236
1419	8	9	2.42	0	0:00:15.167932
1420	4	9	0.502	0	0:00:15.166015
1421	6	9	1.85	0	0:00:15.164096
1422	8	9	2.3	0	0:00:15.166042
1423	4	9	0.697	0	0:00:15.165510
1424	9	9	1.04	1	0:00:15.164912
1425	4	9	0.591	0	0:00:15.161045
1426	7	7	0.326	1	0:00:15.165044
1427	9	9	1.12	1	0:00:15.168229
1428	7	9	0.705	0	0:00:15.163190
1429	6	9	1.2	0	0:00:15.165753
1430	8	9	1.25	0	0:00:15.165928
1431	4	9	0.788	0	0:00:15.166119
1432	9	9	2.74	1	0:00:15.166002
1433	7	7	0.933	1	0:00:15.164244
1434	0	9	1.96	0	0:00:15.165706
1435	1	9	1.98	0	0:00:15.164182
1436	6	9	1.06	0	0:00:15.163574
1437	1	9	1.61	0	0:00:15.167995
1438	5	9	1.4	0	0:00:15.167622
1439	9	9	2.58	1	0:00:15.164894
1440	0	9	1.82	0	0:00:15.164834
1441	4	9	1.3	0	0:00:15.162525
1442	3	9	1.55	0	0:00:15.160989
1443	4	9	1.16	0	0:00:15.167711
1444	1	9	2.58	0	0:00:15.163920
1445	3	9	1.18	0	0:00:15.160867
1446	0	9	0.413	0	0:00:15.162452
1447	8	9	2.67	0	0:00:15.163683
1448	4	9	1.11	0	0:00:15.163837
1449	6	9	1.58	0	0:00:15.162898
1450	2	9	1.57	0	0:00:15.163327
1451	2	9	1.45	0	0:00:15.163236
1452	6	9	0.292	0	0:00:15.164116
1453	5	9	0.811	0	0:00:15.164525
1454	3	9	2.08	0	0:00:15.167249
1455	6	9	0.409	0	0:00:15.164204
1456	2	9	1.92	0	0:00:15.167892
1457	1	9	2.58	0	0:00:15.166706
1458	1	9	2.56	0	0:00:15.164634
1459	8	9	2.67	0	0:00:15.160098
1460	6	9	1.12	0	0:00:15.165768
1461	0	9	1.6	0	0:00:15.162958
1462	4	9	0.322	0	0:00:15.162826
1463	0	9	2.46	0	0:00:15.165087
1464	1	9	1.16	0	0:00:15.164641
1465	9	9	2.13	1	0:00:15.165975
1466	7	7	0.064	1	0:00:15.165802
1467	1	9	1.83	0	0:00:15.164124
1468	3	9	1.38	0	0:00:15.166503
1469	7	-1	0.0	0	0:00:15.166890
1470	7	9	0.051	0	0:00:15.163368
1471	8	9	1.83	0	0:00:15.166892
1472	7	9	0.57	0	0:00:15.162895
1473	7	7	0.727	1	0:00:15.165839
1474	3	9	0.0861	0	0:00:15.166134
1475	9	9	1.74	1	0:00:15.162059
1476	7	7	1.21	1	0:00:15.167222
1477	7	9	0.0871	0	0:00:15.166819
1478	7	9	0.937	0	0:00:15.165292
1479	2	9	2.15	0	0:00:15.166464
1480	1	9	2.07	0	0:00:15.166128
1481	2	9	1.0	0	0:00:15.162577
1482	8	9	2.63	0	0:00:15.163192
1483	6	9	1.92	0	0:00:15.166452
1484	4	9	1.1	0	0:00:15.166000
1485	0	9	2.63	0	0:00:15.165570
1486	7	9	1.54	0	0:00:15.163041
1487	9	9	0.873	1	0:00:15.163813
1488	8	9	2.52	0	0:00:15.167115
1489	6	9	2.21	0	0:00:15.164737
1490	8	9	1.13	0	0:00:15.164741
1491	4	9	1.9	0	0:00:15.165082
1492	9	9	2.08	1	0:00:15.161428
1493	1	9	2.06	0	0:00:15.167005
1494	7	9	0.694	0	0:00:15.167109
1495	2	9	0.718	0	0:00:15.165584
1496	2	9	1.47	0	0:00:15.167418
1497	8	9	1.43	0	0:00:15.167968
1498	5	4	0.222	0	0:00:15.166224
1499	8	9	2.16	0	0:00:15.166971
1500	1	9	1.17	0	0:00:15.163802
1501	2	9	1.59	0	0:00:15.162832
1502	2	9	0.419	0	0:00:15.164501
1503	4	-1	0.0	0	0:00:15.163711
1504	1	9	1.77	0	0:00:15.164391
1505	2	9	1.05	0	0:00:15.165429
1506	5	7	0.482	0	0:00:15.163713
1507	2	9	1.33	0	0:00:15.165452
1508	8	9	2.74	0	0:00:15.159644
1509	1	9	1.54	0	0:00:15.165657
1510	8	9	0.997	0	0:00:15.165262
1511	1	9	2.4	0	0:00:15.166531
1512	8	9	2.45	0	0:00:15.165077
1513	6	9	0.392	0	0:00:15.165862
1514	0	9	2.07	0	0:00:15.164051
1515	2	9	0.78	0	0:00:15.164746
1516	4	9	1.07	0	0:00:15.165127
1517	1	9	1.98	0	0:00:15.165205
1518	3	9	0.6	0	0:00:15.164686
1519	6	9	1.7	0	0:00:15.163552
1520	7	9	1.49	0	0:00:15.165861
1521	7	7	0.0924	1	0:00:15.165730
1522	4	9	0.986	0	0:00:15.165827
1523	4	9	0.868	0	0:00:15.164984
1524	3	9	1.36	0	0:00:15.161895
1525	3	9	1.7	0	0:00:15.162644
1526	4	9	1.08	0	0:00:15.164231
1527	5	9	1.47	0	0:00:15.165015
1528	2	9	0.494	0	0:00:15.166255
1529	4	9	0.467	0	0:00:15.164898
1530	3	9	0.496	0	0:00:15.162990
1531	7	9	0.565	0	0:00:15.164016
1532	8	9	2.58	0	0:00:15.165584
1533	4	7	0.235	0	0:00:15.166801
1534	4	9	1.88	0	0:00:15.167343
1535	4	9	0.023	0	0:00:15.164298
1536	5	9	0.862	0	0:00:15.164809
1537	4	9	0.0803	0	0:00:15.162292
1538	3	9	0.758	0	0:00:15.166001
1539	2	9	1.7	0	0:00:15.165618
1540	8	9	2.56	0	0:00:15.163057
1541	4	9	1.56	0	0:00:15.165678
1542	5	9	0.678	0	0:00:15.164479
1543	5	9	0.957	0	0:00:15.166722
1544	4	9	1.29	0	0:00:15.166208
1545	1	9	2.13	0	0:00:15.165850
1546	4	9	0.515	0	0:00:15.162872
1547	2	9	0.00894	0	0:00:15.163758
1548	5	9	0.496	0	0:00:15.166912
1549	1	9	1.02	0	0:00:15.166335
1550	6	9	1.68	0	0:00:15.165613
1551	4	9	2.1	0	0:00:15.165440
1552	3	9	0.43	0	0:00:15.164320
1553	4	9	1.28	0	0:00:15.165149
1554	4	9	0.349	0	0:00:15.164708
1555	0	9	1.61	0	0:00:15.166567
1556	8	9	1.83	0	0:00:15.166160
1557	8	9	2.48	0	0:00:15.165880
1558	4	9	1.02	0	0:00:15.161746
1559	5	9	0.588	0	0:00:15.166538
1560	7	7	1.57	1	0:00:15.167228
1561	5	9	0.885	0	0:00:15.168539
1562	6	9	1.74	0	0:00:15.164980
1563	9	9	2.74	1	0:00:15.165596
1564	1	9	1.6	0	0:00:15.166501
1565	6	9	1.89	0	0:00:15.166610
1566	7	7	0.581	1	0:00:15.166993
1567	2	9	0.887	0	0:00:15.164369
1568	0	9	1.35	0	0:00:15.165833
1569	1	9	2.23	0	0:00:15.165856
1570	4	9	0.951	0	0:00:15.165941
1571	5	9	0.424	0	0:00:15.163962
1572	6	9	1.97	0	0:00:15.165088
1573	0	9	1.57	0	0:00:15.165391
1574	0	9	2.1	0	0:00:15.160989
1575	2	9	1.06	0	0:00:15.167476
1576	7	9	1.11	0	0:00:15.165686
1577	5	9	1.28	0	0:00:15.164786
1578	6	9	1.94	0	0:00:15.164047
1579	0	9	2.13	0	0:00:15.163498
1580	6	9	1.26	0	0:00:15.165079
1581	2	9	1.15	0	0:00:15.166510
1582	9	9	2.63	1	0:00:15.165365
1583	1	9	0.507	0	0:00:15.165124
1584	7	9	0.859	0	0:00:15.162959
1585	7	9	0.79	0	0:00:15.164466
1586	5	9	0.655	0	0:00:15.165621
1587	2	9	1.83	0	0:00:15.165105
1588	5	9	1.43	0	0:00:15.165017
1589	6	9	1.91	0	0:00:15.165305
1590	4	9	0.438	0	0:00:15.165301
1591	1	9	2.22	0	0:00:15.159833
1592	4	9	0.878	0	0:00:15.180488
1593	3	9	1.78	0	0:00:15.180777
1594	3	9	0.208	0	0:00:15.183735
1595	3	0	1.53	0	0:00:15.183075
1596	0	9	1.81	0	0:00:15.182427
1597	3	9	1.0	0	0:00:15.180511
1598	5	9	0.96	0	0:00:15.180064
1599	5	9	1.87	0	0:00:15.182583
1600	8	9	1.53	0	0:00:15.182523
1601	9	9	1.15	1	0:00:15.179283
1602	7	9	1.99	0	0:00:15.155582
1603	3	9	0.155	0	0:00:15.157475
1604	1	9	2.15	0	0:00:15.155174
1605	3	9	0.77	0	0:00:15.152966
1606	3	9	2.14	0	0:00:15.163787
1607	3	7	0.18	0	0:00:15.169615
1608	4	9	1.37	0	0:00:15.166874
1609	4	9	0.929	0	0:00:15.158956
1610	2	9	1.7	0	0:00:15.159355
1611	3	9	1.51	0	0:00:15.155898
1612	3	9	1.62	0	0:00:15.164096
1613	8	9	1.92	0	0:00:15.168444
1614	1	9	2.48	0	0:00:15.170313
1615	7	9	1.12	0	0:00:15.159367
1616	7	9	2.06	0	0:00:15.157771
1617	0	9	1.73	0	0:00:15.156546
1618	7	9	1.51	0	0:00:15.161479
1619	4	9	1.16	0	0:00:15.168997
1620	5	9	2.49	0	0:00:15.170480
1621	1	9	1.41	0	0:00:15.160852
1622	4	9	1.27	0	0:00:15.158418
1623	2	9	1.24	0	0:00:15.156636
1624	4	9	0.577	0	0:00:15.158678
1625	3	9	0.758	0	0:00:15.169401
1626	9	9	1.6	1	0:00:15.166386
1627	9	9	2.56	1	0:00:15.164427
1628	4	9	0.848	0	0:00:15.163375
1629	9	9	1.64	1	0:00:15.162605
1630	9	9	0.985	1	0:00:15.164346
1631	1	9	1.22	0	0:00:15.164746
1632	8	9	0.813	0	0:00:15.163177
1633	1	9	2.21	0	0:00:15.163840
1634	6	9	0.739	0	0:00:15.165075
1635	7	7	0.317	1	0:00:15.164094
1636	5	9	1.52	0	0:00:15.163229
1637	5	9	1.61	0	0:00:15.163622
1638	4	9	1.42	0	0:00:15.165111
1639	9	9	2.63	1	0:00:15.164544
1640	7	7	0.914	1	0:00:15.164400
1641	6	9	1.33	0	0:00:15.163708
1642	5	9	0.988	0	0:00:15.164362
1643	9	9	2.06	1	0:00:15.164027
1644	2	9	2.03	0	0:00:15.159571
1645	4	9	0.651	0	0:00:15.166411
1646	0	9	0.58	0	0:00:15.164241
1647	7	7	0.912	1	0:00:15.163345
1648	8	9	2.34	0	0:00:15.164129
1649	5	7	0.0262	0	0:00:15.164889
1650	5	9	1.78	0	0:00:15.163862
1651	0	9	2.56	0	0:00:15.162481
1652	0	9	0.715	0	0:00:15.165063
1653	9	9	2.05	1	0:00:15.163133
1654	9	9	2.15	1	0:00:15.161891
1655	8	9	2.63	0	0:00:15.163423
1656	2	9	1.19	0	0:00:15.162307
1657	5	9	0.388	0	0:00:15.161204
1658	4	9	2.06	0	0:00:15.161860
1659	8	9	2.29	0	0:00:15.162687
1660	3	9	0.355	0	0:00:15.161190
1661	6	9	2.25	0	0:00:15.163954
1662	3	9	1.45	0	0:00:15.163396
1663	6	9	2.34	0	0:00:15.162901
1664	0	9	1.3	0	0:00:15.158036
1665	6	9	1.3	0	0:00:15.164736
1666	6	9	1.89	0	0:00:15.163949
1667	6	9	1.56	0	0:00:15.163484
1668	9	9	2.12	1	0:00:15.161369
1669	6	9	2.22	0	0:00:15.165406
1670	6	9	1.67	0	0:00:15.164177
1671	8	9	2.21	0	0:00:15.165021
1672	6	9	1.8	0	0:00:15.165289
1673	2	9	1.63	0	0:00:15.163906
1674	4	9	0.485	0	0:00:15.162288
1675	5	9	1.34	0	0:00:15.163512
1676	8	9	2.28	0	0:00:15.163872
1677	1	9	0.902	0	0:00:15.162701
1678	2	9	1.65	0	0:00:15.161325
1679	7	9	0.229	0	0:00:15.162216
1680	6	9	1.59	0	0:00:15.163097
1681	5	9	1.59	0	0:00:15.162678
1682	7	7	0.295	1	0:00:15.161993
1683	8	9	2.14	0	0:00:15.163663
1684	1	9	2.67	0	0:00:15.158005
1685	8	9	1.38	0	0:00:15.165567
1686	0	9	1.77	0	0:00:15.164974
1687	8	9	1.42	0	0:00:15.164223
1688	6	9	1.51	0	0:00:15.162860
1689	9	9	2.07	1	0:00:15.163794
1690	2	9	0.473	0	0:00:15.165756
1691	8	9	2.74	0	0:00:15.163921
1692	9	9	0.474	1	0:00:15.163079
1693	4	9	2.6	0	0:00:15.165411
1694	0	9	0.0824	0	0:00:15.163822
1695	9	9	2.58	1	0:00:15.164161
1696	4	9	0.759	0	0:00:15.163478
1697	9	9	2.52	1	0:00:15.163658
1698	5	9	1.69	0	0:00:15.164279
1699	7	7	0.000187	1	0:00:15.164167
1700	5	9	1.3	0	0:00:15.165828
1701	5	9	2.48	0	0:00:15.165244
1702	9	9	2.04	1	0:00:15.164995
1703	5	9	2.12	0	0:00:15.159585
1704	3	9	0.439	0	0:00:15.165469
1705	0	9	1.64	0	0:00:15.163529
1706	1	9	2.4	0	0:00:15.164720
1707	9	9	1.82	1	0:00:15.164788
1708	7	9	2.03	0	0:00:15.165509
1709	2	9	0.662	0	0:00:15.164208
1710	4	9	1.68	0	0:00:15.163106
1711	1	9	1.7	0	0:00:15.164602
1712	0	9	2.54	0	0:00:15.164658
1713	8	-1	0.0	0	0:00:15.164792
1714	0	9	0.399	0	0:00:15.165649
1715	3	9	0.737	0	0:00:15.164685
1716	1	9	2.48	0	0:00:15.165162
1717	7	7	0.402	1	0:00:15.163198
1718	0	9	2.11	0	0:00:15.163469
1719	0	9	1.49	0	0:00:15.164226
1720	4	7	0.083	0	0:00:15.164984
1721	8	9	1.97	0	0:00:15.163376
1722	6	9	2.52	0	0:00:15.164347
1723	2	9	0.393	0	0:00:15.159554
1724	4	9	1.45	0	0:00:15.166389
1725	0	9	2.44	0	0:00:15.166183
1726	0	9	1.39	0	0:00:15.164882
1727	9	9	1.69	1	0:00:15.165405
1728	0	9	2.6	0	0:00:15.163386
1729	8	9	1.74	0	0:00:15.164406
1730	4	9	1.87	0	0:00:15.163368
1731	5	9	0.954	0	0:00:15.163962
1732	9	9	0.0714	1	0:00:15.165087
1733	3	9	1.32	0	0:00:15.163610
1734	9	9	1.78	1	0:00:15.165486
1735	0	9	1.53	0	0:00:15.164971
1736	5	9	0.435	0	0:00:15.164177
1737	6	9	1.97	0	0:00:15.166991
1738	5	9	2.38	0	0:00:15.165415
1739	0	9	1.04	0	0:00:15.164722
1740	1	9	2.41	0	0:00:15.163690
1741	4	9	0.614	0	0:00:15.162638
1742	8	9	1.79	0	0:00:15.166764
1743	1	9	2.2	0	0:00:15.166388
1744	0	9	0.899	0	0:00:15.164469
1745	5	9	0.204	0	0:00:15.165640
1746	2	9	2.04	0	0:00:15.166704
1747	1	9	1.94	0	0:00:15.165479
1748	0	9	0.832	0	0:00:15.166113
1749	2	7	0.129	0	0:00:15.164290
1750	8	9	1.82	0	0:00:15.164128
1751	1	9	2.37	0	0:00:15.165171
1752	5	-1	0.0	0	0:00:15.167861
1753	6	9	1.4	0	0:00:15.162902
1754	7	7	0.587	1	0:00:15.164212
1755	7	9	0.0175	0	0:00:15.161438
1756	2	9	0.619	0	0:00:15.161379
1757	6	9	1.91	0	0:00:15.155749
1758	2	9	1.57	0	0:00:15.165821
1759	5	9	0.0552	0	0:00:15.163921
1760	0	9	2.25	0	0:00:15.163556
1761	1	9	1.68	0	0:00:15.161724
1762	4	9	1.69	0	0:00:15.164758
1763	2	9	1.03	0	0:00:15.162293
1764	5	9	1.75	0	0:00:15.161921
1765	4	9	1.3	0	0:00:15.162506
1766	6	9	0.675	0	0:00:15.161566
1767	2	9	1.65	0	0:00:15.163279
1768	2	9	0.914	0	0:00:15.165902
1769	1	9	2.63	0	0:00:15.165174
1770	7	-1	0.0	0	0:00:15.161942
1771	2	9	1.14	0	0:00:15.164620
1772	8	9	1.24	0	0:00:15.166160
1773	5	0	0.187	0	0:00:15.165965
1774	5	9	1.25	0	0:00:15.164709
1775	3	9	0.499	0	0:00:15.163517
1776	0	9	2.1	0	0:00:15.159726
1777	4	9	1.29	0	0:00:15.165589
1778	8	9	2.67	0	0:00:15.163917
1779	3	9	0.623	0	0:00:15.162591
1780	7	9	0.756	0	0:00:15.164049
1781	6	9	0.77	0	0:00:15.164900
1782	3	9	1.38	0	0:00:15.165693
1783	8	9	2.2	0	0:00:15.163040
1784	1	9	2.49	0	0:00:15.164422
1785	0	9	0.508	0	0:00:15.166119
1786	1	9	2.16	0	0:00:15.163776
1787	3	9	0.111	0	0:00:15.162382
1788	3	9	0.87	0	0:00:15.162471
1789	0	7	0.442	0	0:00:15.164945
1790	7	9	1.52	0	0:00:15.164495
1791	4	9	1.17	0	0:00:15.165172
1792	9	9	2.44	1	0:00:15.163772
1793	5	9	0.117	0	0:00:15.164398
1794	3	9	0.578	0	0:00:15.165101
1795	6	9	2.23	0	0:00:15.164268
1796	0	9	2.5	0	0:00:15.162765
1797	1	9	1.35	0	0:00:15.161548
1798	4	9	0.344	0	0:00:15.162607
1799	4	9	0.417	0	0:00:15.165340
1800	4	9	1.47	0	0:00:15.168350
1801	4	-1	0.0	0	0:00:15.162593
1802	2	9	0.798	0	0:00:15.163572
1803	2	9	1.58	0	0:00:15.163788
1804	5	9	2.03	0	0:00:15.165393
1805	8	9	1.86	0	0:00:15.163314
1806	1	9	0.92	0	0:00:15.164580
1807	5	9	1.25	0	0:00:15.161990
1808	9	9	0.855	1	0:00:15.166365
1809	8	9	2.02	0	0:00:15.164951
1810	1	9	2.6	0	0:00:15.165092
1811	1	9	1.81	0	0:00:15.161257
1812	5	9	0.192	0	0:00:15.164822
1813	3	9	1.24	0	0:00:15.163880
1814	9	9	2.63	1	0:00:15.164120
1815	9	9	1.48	1	0:00:15.161201
1816	7	9	1.08	0	0:00:15.160215
1817	6	9	1.16	0	0:00:15.158553
1818	5	9	1.72	0	0:00:15.166252
1819	0	9	1.37	0	0:00:15.164109
1820	8	9	1.92	0	0:00:15.163507
1821	4	9	1.45	0	0:00:15.161152
1822	7	9	0.209	0	0:00:15.163618
1823	0	0	0.735	1	0:00:15.166028
1824	9	9	1.67	1	0:00:15.161613
1825	2	9	1.26	0	0:00:15.165236
1826	8	9	2.74	0	0:00:15.163387
1827	4	-1	0.0	0	0:00:15.164541
1828	7	9	1.53	0	0:00:15.156643
1829	1	9	0.773	0	0:00:15.163835
1830	3	9	1.5	0	0:00:15.161471
1831	9	9	1.9	1	0:00:15.163710
1832	6	9	2.27	0	0:00:15.158774
1833	8	9	2.74	0	0:00:15.161518
1834	9	9	1.6	1	0:00:15.162735
1835	0	9	0.691	0	0:00:15.162449
1836	4	9	1.0	0	0:00:15.157740
1837	9	9	0.456	1	0:00:15.165346
1838	6	9	2.54	0	0:00:15.162880
1839	7	7	1.2	1	0:00:15.164237
1840	8	9	1.71	0	0:00:15.163258
1841	9	9	0.871	1	0:00:15.161020
1842	4	9	0.0841	0	0:00:15.160005
1843	8	9	2.09	0	0:00:15.164268
1844	9	9	1.86	1	0:00:15.162808
1845	7	9	0.806	0	0:00:15.165759
1846	2	9	1.84	0	0:00:15.164501
1847	5	9	1.51	0	0:00:15.165364
1848	3	9	1.25	0	0:00:15.164967
1849	7	9	0.0949	0	0:00:15.164706
1850	1	9	0.889	0	0:00:15.165839
1851	0	9	0.0941	0	0:00:15.164864
1852	2	9	1.09	0	0:00:15.165563
1853	9	9	1.36	1	0:00:15.164786
1854	5	9	1.39	0	0:00:15.165323
1855	5	9	1.88	0	0:00:15.156703
1856	8	9	2.38	0	0:00:15.167577
1857	5	9	1.39	0	0:00:15.165995
1858	4	-1	0.0	0	0:00:15.165265
1859	2	9	0.495	0	0:00:15.163037
1860	8	9	1.61	0	0:00:15.165444
1861	3	9	1.68	0	0:00:15.161034
1862	5	9	1.39	0	0:00:15.166272
1863	5	9	1.2	0	0:00:15.164817
1864	7	9	0.483	0	0:00:15.164487
1865	7	9	1.05	0	0:00:15.166671
1866	8	9	2.67	0	0:00:15.163548
1867	6	9	1.87	0	0:00:15.165424
1868	2	9	1.4	0	0:00:15.167013
1869	8	9	2.54	0	0:00:15.165730
1870	2	9	0.431	0	0:00:15.164447
1871	3	9	1.51	0	0:00:15.164874
1872	5	9	1.84	0	0:00:15.163876
1873	6	9	0.558	0	0:00:15.163066
1874	8	9	0.795	0	0:00:15.163234
1875	0	9	1.43	0	0:00:15.164422
1876	2	9	0.545	0	0:00:15.163661
1877	3	9	1.56	0	0:00:15.164373
1878	7	7	0.71	1	0:00:15.161423
1879	0	9	1.06	0	0:00:15.165029
1880	1	9	1.74	0	0:00:15.162864
1881	9	9	2.5	1	0:00:15.164205
1882	1	9	0.76	0	0:00:15.163666
1883	3	9	1.39	0	0:00:15.164112
1884	7	9	0.62	0	0:00:15.166183
1885	5	9	0.441	0	0:00:15.166978
1886	8	9	1.89	0	0:00:15.166101
1887	3	9	1.54	0	0:00:15.165630
1888	2	9	2.0	0	0:00:15.167780
1889	9	9	2.3	1	0:00:15.167988
1890	6	9	1.29	0	0:00:15.167805
1891	8	9	0.451	0	0:00:15.165464
1892	6	9	1.17	0	0:00:15.163789
1893	9	9	2.28	1	0:00:15.165935
1894	3	9	1.02	0	0:00:15.164468
1895	8	9	2.19	0	0:00:15.164903
1896	9	9	1.97	1	0:00:15.163496
1897	8	9	0.858	0	0:00:15.163908
1898	0	9	2.02	0	0:00:15.164520
1899	7	9	0.749	0	0:00:15.164403
1900	8	9	1.54	0	0:00:15.165603
1901	5	9	1.3	0	0:00:15.163888
1902	0	-1	0.0	0	0:00:15.164227
1903	0	9	2.49	0	0:00:15.165176
1904	1	9	2.74	0	0:00:15.165277
1905	3	9	1.57	0	0:00:15.164392
1906	9	9	0.68	1	0:00:15.161633
1907	1	9	1.4	0	0:00:15.164482
1908	5	9	1.12	0	0:00:15.165777
1909	3	9	1.73	0	0:00:15.165069
1910	4	9	1.34	0	0:00:15.165427
1911	4	9	1.63	0	0:00:15.163498
1912	0	9	1.86	0	0:00:15.165605
1913	9	9	1.01	1	0:00:15.166744
1914	9	9	1.48	1	0:00:15.162227
1915	9	9	1.96	1	0:00:15.165076
1916	9	9	1.68	1	0:00:15.164763
1917	8	9	2.15	0	0:00:15.164984
1918	2	9	0.486	0	0:00:15.164644
1919	4	9	1.35	0	0:00:15.165425
1920	2	7	0.358	0	0:00:15.164915
1921	2	9	1.73	0	0:00:15.163784
1922	5	9	0.96	0	0:00:15.165220
1923	1	9	1.43	0	0:00:15.163769
1924	9	9	0.741	1	0:00:15.163879
1925	1	9	1.5	0	0:00:15.165272
1926	0	9	2.43	0	0:00:15.164305
1927	9	9	1.08	1	0:00:15.162382
1928	4	9	1.3	0	0:00:15.164496
1929	2	9	1.35	0	0:00:15.165592
1930	1	9	2.18	0	0:00:15.164994
1931	6	9	0.858	0	0:00:15.164457
1932	0	9	1.01	0	0:00:15.164171
1933	3	9	1.46	0	0:00:15.165678
1934	7	9	1.17	0	0:00:15.161876
1935	6	9	1.01	0	0:00:15.162019
1936	3	7	0.141	0	0:00:15.163208
1937	1	9	1.47	0	0:00:15.162096
1938	8	9	2.14	0	0:00:15.163638
1939	6	9	0.72	0	0:00:15.160668
1940	5	9	0.896	0	0:00:15.161152
1941	7	9	1.13	0	0:00:15.163826
1942	2	9	1.26	0	0:00:15.164563
1943	8	9	2.1	0	0:00:15.161542
1944	4	9	1.98	0	0:00:15.162263
1945	4	7	0.0433	0	0:00:15.163750
1946	8	9	1.39	0	0:00:15.165346
1947	3	9	2.38	0	0:00:15.163008
1948	5	9	2.22	0	0:00:15.164578
1949	0	9	1.43	0	0:00:15.163363
1950	5	9	1.26	0	0:00:15.164993
1951	7	9	1.02	0	0:00:15.162174
1952	4	9	1.29	0	0:00:15.162050
1953	4	9	1.32	0	0:00:15.159713
1954	2	9	1.14	0	0:00:15.159966
1955	2	9	1.76	0	0:00:15.165678
1956	7	9	0.864	0	0:00:15.164382
1957	3	9	1.54	0	0:00:15.162261
1958	6	9	1.14	0	0:00:15.161985
1959	0	9	1.11	0	0:00:15.164198
1960	2	9	1.29	0	0:00:15.162164
1961	7	9	0.493	0	0:00:15.162574
1962	6	9	1.18	0	0:00:15.163185
1963	2	9	0.905	0	0:00:15.161207
1964	3	9	1.29	0	0:00:15.162589
1965	0	9	0.09	0	0:00:15.159390
1966	7	9	0.668	0	0:00:15.158150
1967	7	9	0.328	0	0:00:15.160728
